1.  NY Rangers  82 53 7 22 252 192 60 113 1.38
2.  Montreal  82 50 10 22 221 189 32 110 1.34
3.  Tampa Bay  82 50 8 24 262 211 51 108 1.32
4.  Washington  82 45 11 26 242 203 39 101 1.23
5.  NY Islanders  82 47 7 28 252 230 22 101 1.23
6.  Detroit  82 43 14 25 235 221 14 100 1.22
7.  Ottawa  82 43 13 26 238 215 23 99 1.21
8.  Pittsburgh  82 43 12 27 221 210 11 98 1.20
9.  Boston  82 41 14 27 213 211 2 96 1.17
10.  Florida  82 38 15 29 206 223 -17 91 1.11
11.  Columbus  82 42 5 35 236 250 -14 89 1.09
12.  Philadelphia  82 33 18 31 215 234 -19 84 1.02
13.  New Jersey  82 32 14 36 181 216 -35 78 0.95
14.  Carolina  82 30 11 41 188 226 -38 71 0.87
15.  Toronto  82 30 8 44 211 262 -51 68 0.83
16.  Buffalo  82 23 8 51 161 274 -113 54 0.66
1.  Anaheim  82 51 7 24 236 226 10 109 1.33
2.  St. Louis  82 51 7 24 248 201 47 109 1.33
3.  Nashville  82 47 10 25 232 208 24 104 1.27
4.  Chicago  82 48 6 28 229 189 40 102 1.24
5.  Vancouver  82 48 5 29 242 222 20 101 1.23
6.  Minnesota  82 46 8 28 231 201 30 100 1.22
7.  Winnipeg  82 43 13 26 230 210 20 99 1.21
8.  Calgary  82 45 7 30 241 216 25 97 1.18
9.  Los Angeles  82 40 15 27 220 205 15 95 1.16
10.  Dallas  82 41 10 31 261 260 1 92 1.12
11.  Colorado  82 39 12 31 219 227 -8 90 1.10
12.  San Jose  82 40 9 33 228 232 -4 89 1.09
13.  Edmonton  82 24 14 44 198 283 -85 62 0.76
14.  Arizona  82 24 8 50 170 272 -102 56 0.68
