HIFK
ID Maalivahti O M S P V H TP TO PM NP JM OR X XX XXX LPP/O LPP Arvo
21406421 Engren Atte 12  0  0  0  6  4  2  245  31  0  0  0  1  1  0  3.92  47               350 000
29857823 Ruusu Markus 2  0  0  0  1  0  0  20  3  0  0  0  0  0  0  2.00  4               305 000
31915960 Taponen Roope 0  0  0  0  0  0  0  0  0  0  0  0  0  0  0  0  0               225 000
ID Puolustaja O M S P AVM AVS VM TM JA L B ALV ALH + - JM OR X XX XXX LPP/O LPP Arvo
21415137 Eronen Teemu 4  1  1  2  0  0  1  0  0  17  2  0  0  3  -3  2  0  1  0  0  8.75  35               420 000
40431556 Finley Joe 0  0  0  0  0  0  0  0  0  0  0  0  0  0  0  0  0  0  0  0  0  0               205 000
24555256 Kankaanpera Markus 8  0  0  0  0  0  0  0  0  3  3  0  0  4  -4  0  0  0  0  0  1.13  9               215 000
22240990 Laakso Aleksi 13  1  5  6  0  0  0  0  0  22  6  0  0  10  -8  6  0  1  0  0  5.92  77               250 000
22474067 Lyytinen Joonas 13  1  3  4  0  0  0  0  0  52  1  0  0  12  -6  10  0  0  0  0  7.08  92               410 000
100025878 Motin Johan 13  1  5  6  0  0  0  0  0  26  5  0  0  9  -8  4  0  0  0  0  5.69  74               255 000
40310918 O'connor Ryan 13  2  2  4  0  0  1  0  0  31  0  0  0  12  -8  8  0  1  0  0  6.23  81               300 000
100036313 Quincey Kyle 8  1  2  3  0  0  0  0  0  37  1  0  0  10  -5  10  0  0  0  0  9.00  72               370 000
29022140 Seppala Niko 0  0  0  0  0  0  0  0  0  0  0  0  0  0  0  0  0  0  0  0  0  0               150 000
30692420 Ulander Elias 4  0  0  0  0  0  0  0  0  3  0  0  0  0  -3  0  0  1  0  0  -0.75  -3               200 000
25357521 Varakas Ville 13  1  3  4  0  0  0  0  0  31  7  0  0  6  -5  4  0  0  0  0  4.77  62               270 000
30482177 Winberg Tobias 0  0  0  0  0  0  0  0  0  0  0  0  0  0  0  0  0  0  0  0  0  0               170 000
ID Hyokkaaja O M S P AVM AVS VM TM JA L B ALV ALH + - JM OR X XX XXX LPP/O LPP Arvo
28019536 And Terry 0  0  0  0  0  0  0  0  0  0  0  0  0  0  0  0  0  0  0  0  0  0           200 000
29695519 Engberg Teemu 4  1  0  1  0  0  0  0  0  7  1  0  0  1  -2  4  0  0  0  0  4.00  16           215 000
30731093 Hamalainen Janne 0  0  0  0  0  0  0  0  0  0  0  0  0  0  0  0  0  0  0  0  0  0           180 000
24464062 Ikonen Jasse 13  1  6  7  0  0  0  0  1  21  8  16  16  8  -7  6  0  0  0  1  5.46  71           250 000
30345845 Jaaska Juha 13  1  3  4  0  0  0  0  0  25  1  34  40  5  -6  4  0  0  0  0  3.08  40           230 000
24650025 Kangasniemi Iikka 10  2  0  2  0  0  0  0  0  16  0  0  2  3  -2  4  0  0  0  1  3.10  31           405 000
24555418 Keranen Juho 13  1  2  3  0  0  0  0  0  23  3  56  52  5  -7  12  0  0  0  0  3.54  46           235 000
22049667 Koivisto Henrik 0  0  0  0  0  0  0  0  0  0  0  0  0  0  0  0  0  0  0  0  0  0           220 000
31261902 Lundell Anton 13  4  3  7  0  0  1  0  0  38  2  60  54  7  -6  2  0  0  1  0  5.92  77           260 000
29615777 Nordgren Niklas 0  0  0  0  0  0  0  0  0  0  0  0  0  0  0  0  0  0  0  0  0  0           225 000
22756329 Nykopp Thomas 0  0  0  0  0  0  0  0  0  0  0  0  0  0  0  0  0  0  0  0  0  0           210 000
25012824 Petrell Lennart 9  1  2  3  0  0  0  0  0  16  2  0  2  3  -3  8  0  0  1  0  4.00  36           255 000
22906739 Pitkanen Ilmari 4  0  0  0  0  0  0  0  0  1  0  0  0  1  0  0  0  0  0  0  0.75  3           210 000
23017821 Rask Joonas 12  4  5  9  0  0  1  0  0  35  0  15  7  17  -6  6  0  0  2  1  9.33  112           395 000
23179112 Salminen Sakari 12  3  5  8  0  0  0  0  0  44  2  0  0  9  -8  4  0  0  1  1  7.00  84           370 000
25622735 Santala Tommi 12  2  1  3  0  0  0  0  0  38  0  73  65  5  -5  4  0  0  0  0  4.00  48           355 000
23394612 Tallberg Teemu 8  0  0  0  0  0  0  0  0  8  1  4  1  1  -3  29  0  0  0  0  0.38  3           225 000
40431403 Thorell Erik 12  9  8  17  0  0  2  1  0  47  1  1  0  18  -7  4  0  0  1  4  13.83  166           450 000
23521977 Tyrvainen Juhani 12  2  7  9  0  0  1  0  0  27  2  116  107  16  -10  8  0  1  0  0  7.67  92           380 000
23793763 Asten Micke-Max 11  1  1  2  0  0  0  0  0  15  2  8  13  3  -1  4  0  0  0  0  2.45  27           220 000
HPK
ID Maalivahti O M S P V H TP TO PM NP JM OR X XX XXX LPP/O LPP Arvo
30798997 Aalto Tuomas 0  0  0  0  0  0  0  0  0  0  0  0  0  0  0  0  0               200 000
28944258 Karjalainen Antti 9  0  1  1  4  1  3  173  21  0  0  0  0  0  0  5.44  49               310 000
27828252 Larmi Emil 5  0  1  1  2  1  2  100  13  0  0  0  0  1  1  7.00  35               345 000
23035023 Reijola Rasmus 0  0  0  0  0  0  0  0  0  0  0  0  0  0  0  0  0               255 000
31365785 Ruokonen Ville 0  0  0  0  0  0  0  0  0  0  0  0  0  0  0  0  0               210 000
ID Puolustaja O M S P AVM AVS VM TM JA L B ALV ALH + - JM OR X XX XXX LPP/O LPP Arvo
29780877 Almari Niclas 10  0  0  0  0  0  0  0  0  14  3  0  0  3  -5  0  0  0  0  0  1.00  10               215 000
100036798 Brejcak Jan 9  0  0  0  0  0  0  0  0  3  0  0  0  1  -2  2  0  0  0  0  0.33  3               210 000
23837234 Friman Niklas 11  2  2  4  0  0  0  0  0  27  2  0  0  6  -9  6  0  0  0  1  5.18  57               275 000
21926286 Karjalainen Miro 5  1  0  1  0  0  0  0  0  12  3  0  0  3  -2  2  0  0  0  0  5.00  25               225 000
24786410 Laatikainen Arto 13  0  4  4  0  0  0  0  0  31  1  0  0  11  -9  0  0  0  0  0  4.46  58               250 000
28942315 Laavainen Roope 1  0  0  0  0  0  0  0  0  0  0  0  0  0  0  0  0  0  0  0  0.00  0               200 000
30644067 Latvala Otto 2  0  0  0  0  0  0  0  0  3  0  0  0  0  -1  0  0  0  0  0  0.00  0               180 000
100025980 Lindgren Jesper 13  1  6  7  0  0  0  0  0  42  5  0  0  9  -11  4  0  1  1  0  6.46  84               320 000
31209498 Niemelainen Markus 13  1  1  2  0  0  0  0  0  26  6  0  0  11  -6  2  0  0  1  0  4.69  61               230 000
22709389 Nikkila Petteri 13  1  12  13  0  1  0  0  0  37  4  0  0  15  -14  6  0  0  1  0  10.23  133               410 000
ID Hyokkaaja O M S P AVM AVS VM TM JA L B ALV ALH + - JM OR X XX XXX LPP/O LPP Arvo
40432221 Cornet Philippe 0  0  0  0  0  0  0  0  0  0  0  0  0  0  0  0  0  0  0  0  0  0           305 000
29690417 Innala Jere 13  9  5  14  0  0  3  0  0  69  0  0  1  13  -13  8  0  0  4  0  11.15  145           380 000
30218781 Jokinen Janne 0  0  0  0  0  0  0  0  0  0  0  0  0  0  0  0  0  0  0  0  0  0           150 000
27775017 Kanninen Henri 12  2  1  3  0  0  0  0  0  27  0  4  6  5  -4  0  0  1  0  0  3.25  39           215 000
33388168 Kombe Kristjan 0  0  0  0  0  0  0  0  0  0  0  0  0  0  0  0  0  0  0  0  0  0           175 000
40432227 Krivosik Filip 12  0  0  0  0  0  0  0  0  20  1  10  11  2  -6  4  0  0  0  0  1.58  19           210 000
28934365 Kuusisto Jaakko 0  0  0  0  0  0  0  0  0  0  0  0  0  0  0  0  0  0  0  0  0  0           200 000
24772275 Lahti Janne 0  0  0  0  0  0  0  0  0  0  0  0  0  0  0  0  0  0  0  0  0  0           235 000
22366599 Leino Robert 13  2  6  8  0  0  0  1  0  28  0  130  84  6  -11  4  0  0  0  1  5.92  77           310 000
22450515 Lucenius Niclas 12  3  8  11  0  0  1  0  0  27  0  124  77  10  -12  0  0  3  0  0  7.67  92           370 000
30391284 Maansaari Olli 0  0  0  0  0  0  0  0  0  0  0  0  0  0  0  0  0  0  0  0  0  0           160 000
22671530 Nenonen Markus 5  2  3  5  0  0  0  0  0  33  0  0  0  5  -2  0  0  0  0  1  10.40  52           365 000
27752328 Paajanen Otto 13  4  3  7  1  0  1  0  0  41  9  111  100  11  -6  12  0  1  0  0  8.31  108           345 000
29859533 Puustinen Valtteri 13  4  2  6  0  0  0  0  0  45  2  1  3  9  -5  6  0  1  0  1  6.23  81           260 000
25116157 Riska Filip 12  0  2  2  0  0  0  0  0  17  1  41  34  2  -6  8  0  0  0  0  2.42  29           225 000
23097498 Ruokonen Miro 13  1  0  1  0  0  0  0  0  21  0  1  0  3  -5  4  0  1  0  0  2.00  26           220 000
30013384 Seppala Erkka 3  0  0  0  0  0  0  0  0  5  0  7  6  1  -2  0  0  0  0  0  1.67  5           195 000
23418213 Tavi Janne 11  1  0  1  0  0  0  0  0  31  1  1  4  3  -7  12  0  0  0  1  2.00  22           235 000
25506929 Turunen Teemu 12  2  6  8  0  1  0  0  0  51  6  1  2  9  -8  4  0  2  0  0  7.25  87           400 000
25489224 Tuulola Eetu 13  3  5  8  0  0  2  0  0  49  3  1  0  11  -11  4  0  0  0  0  6.69  87           300 000
Ilves
ID Maalivahti O M S P V H TP TO PM NP JM OR X XX XXX LPP/O LPP Arvo
100030776 Dostal Lukas 10  0  2  2  4  4  2  212  18  1  0  0  0  2  3  9.40  94               320 000
24329479 Helenius Riku 2  0  1  1  1  0  1  32  6  0  0  0  0  0  0  8.00  16               305 000
22353515 Lehtonen Antti 0  0  0  0  0  0  0  0  0  0  0  0  0  0  0  0  0               270 000
29864007 Yrjola Lassi 0  0  0  0  0  0  0  0  0  0  0  0  0  0  0  0  0               225 000
ID Puolustaja O M S P AVM AVS VM TM JA L B ALV ALH + - JM OR X XX XXX LPP/O LPP Arvo
100031131 Flood Mark 12  0  1  1  0  0  0  0  0  23  1  0  0  8  -4  4  0  0  0  0  3.58  43               235 000
40315931 Generous Matt 12  0  0  0  0  0  0  0  0  16  4  0  0  1  -4  6  0  0  0  0  1.08  13               215 000
24393683 Hopponen Erno 0  0  0  0  0  0  0  0  0  0  0  0  0  0  0  0  0  0  0  0  0  0               190 000
28666196 Laakso Jerry 0  0  0  0  0  0  0  0  0  0  0  0  0  0  0  0  0  0  0  0  0  0               150 000
29995510 Laaksonen Oskari 9  0  6  6  0  0  0  0  0  43  2  0  0  7  -6  4  0  0  1  0  8.44  76               350 000
29935596 Laitamaki Elias 0  0  0  0  0  0  0  0  0  0  0  0  0  0  0  0  0  0  0  0  0  0               180 000
24806743 Leimu Juha 3  0  0  0  0  0  0  0  0  7  0  0  0  1  0  2  0  0  0  0  3.00  9               245 000
29641327 Matinpalo Nikolas 9  1  2  3  0  0  0  0  0  12  1  0  0  6  -2  2  0  0  0  0  5.11  46               230 000
28905831 Parikka Jarkko 12  1  1  2  0  0  1  0  0  32  0  0  0  8  -7  10  0  1  0  0  4.67  56               270 000
22843711 Peltola Niko 9  0  4  4  0  0  0  0  0  20  7  0  0  8  -5  4  0  0  0  0  6.78  61               310 000
23168071 Salmela Tuomas 10  0  1  1  0  0  0  0  0  20  1  0  0  8  -4  6  0  0  0  0  4.20  42               250 000
30993527 Troshin Daniil 0  0  0  0  0  0  0  0  0  0  0  0  0  0  0  0  0  0  0  0  0  0               170 000
25381270 Vainio Olli 7  0  0  0  0  0  0  0  0  12  1  0  0  4  -3  6  0  0  0  0  3.00  21               220 000
ID Hyokkaaja O M S P AVM AVS VM TM JA L B ALV ALH + - JM OR X XX XXX LPP/O LPP Arvo
21288241 Ahopelto Erik 10  2  0  2  0  0  1  0  0  8  0  13  23  2  -3  0  0  1  0  0  1.60  16           210 000
24272490 Ahtola Jerry 0  0  0  0  0  0  0  0  0  0  0  0  0  0  0  0  0  0  0  0  0  0           235 000
29446865 Antonen Joose 11  1  4  5  0  0  0  0  0  33  0  1  0  6  -3  2  0  0  0  0  4.91  54           260 000
29870486 Haapanen Topias 10  2  2  4  0  0  0  0  0  14  1  7  2  4  -5  2  0  0  1  0  4.00  40           240 000
100034958 Halmo Mike 5  0  0  0  0  0  0  0  0  8  0  0  1  1  -4  14  0  0  0  0  0.20  1           215 000
29028513 Ikonen Joona 12  4  4  8  0  0  1  0  0  33  4  0  2  8  -11  0  0  1  0  0  6.00  72           270 000
28730556 Lepaus Teemu 12  4  4  8  0  0  0  1  1  44  1  2  6  8  -6  4  0  0  0  0  6.75  81           320 000
22441087 Liuksiala Juho 10  0  0  0  0  0  0  0  0  25  1  0  0  1  -2  4  0  0  0  0  2.00  20           225 000
24880895 Mieho Panu 9  1  4  5  0  0  0  1  0  16  2  31  63  6  -2  6  0  1  0  0  4.89  44           235 000
31905381 Nalli Miro 0  0  0  0  0  0  0  0  0  0  0  0  0  0  0  0  0  0  0  0  0  0           160 000
23029644 Rautiainen Teemu 11  4  3  7  1  0  1  0  0  29  1  1  1  9  -4  2  0  0  0  1  7.18  79           335 000
25153974 Ruotsalainen Arttu 12  3  4  7  0  0  0  0  0  38  0  133  127  10  -6  0  0  1  2  0  6.25  75           360 000
23222302 Savilahti Eero 0  0  0  0  0  0  0  0  0  0  0  0  0  0  0  0  0  0  0  0  0  0           230 000
23351053 Suomi Eemeli 11  8  3  11  0  0  1  1  1  46  1  3  4  12  -5  4  0  1  1  2  11.27  124           375 000
23400483 Tamminen Juhani 12  1  1  2  0  0  0  0  1  25  0  66  76  6  -3  6  0  0  0  0  3.33  40           230 000
30039025 Vainionpaa Samuli 12  1  1  2  0  0  0  0  0  20  0  50  80  3  -7  2  0  0  0  0  1.25  15           205 000
23577387 Valtonen Julius 2  0  0  0  0  0  0  0  0  2  0  0  1  1  0  0  0  0  0  0  1.00  2           190 000
JYP
ID Maalivahti O M S P V H TP TO PM NP JM OR X XX XXX LPP/O LPP Arvo
22322342 Laurikainen Eetu 11  0  0  0  1  5  4  247  33  0  0  0  1  1  2  3.36  37               310 000
27692297 Parkkinen Niko 0  0  0  0  0  0  0  0  0  0  0  0  0  0  0  0  0               230 000
23684063 Voutilainen Joona 4  0  0  0  2  1  1  103  12  0  0  0  0  0  0  6.00  24               295 000
ID Puolustaja O M S P AVM AVS VM TM JA L B ALV ALH + - JM OR X XX XXX LPP/O LPP Arvo
21295959 Aitola Olli 0  0  0  0  0  0  0  0  0  0  0  0  0  0  0  0  0  0  0  0  0  0               165 000
24182470 AllXn Roni 4  0  1  1  0  0  0  0  0  12  1  0  0  2  -5  0  0  1  0  0  2.50  10               210 000
24459695 Ikonen Ossi 14  1  2  3  0  0  0  0  0  27  8  0  0  6  -12  2  0  0  0  0  2.86  40               225 000
21799484 Jokinen Jaakko 1  0  0  0  0  0  0  0  0  0  0  0  0  0  0  0  0  0  0  0  0.00  0               200 000
21892307 Kalteva Mikko 14  0  1  1  0  0  0  0  0  43  7  0  0  6  -11  6  0  0  0  0  2.64  37               290 000
24535632 Kuukka Mikko 11  0  0  0  0  0  0  0  0  10  2  0  0  1  -4  4  0  0  0  0  0.64  7               220 000
24715452 Lindroos Alex 0  0  0  0  0  0  0  0  0  0  0  0  0  0  0  0  0  0  0  0  0  0               195 000
24868147 Maenpaa Mikko 11  3  0  3  0  0  0  0  0  50  3  0  0  6  -12  2  0  0  1  0  5.09  56               330 000
40371409 Newton Jake 13  6  2  8  0  0  1  0  0  60  2  0  0  10  -10  4  0  0  1  1  9.23  120               375 000
23557763 Vainio Juuso 9  0  4  4  0  0  0  0  0  29  2  0  0  5  -5  0  0  1  0  0  5.56  50               260 000
27776197 Viinikainen Joonas 0  0  0  0  0  0  0  0  0  0  0  0  0  0  0  0  0  0  0  0  0  0               190 000
32645093 Viinikainen Olli-Petteri 0  0  0  0  0  0  0  0  0  0  0  0  0  0  0  0  0  0  0  0  0  0               175 000
40371299 Yonkman Nolan 14  0  3  3  0  0  0  0  0  25  4  0  0  9  -12  26  0  0  0  0  3.71  52               230 000
ID Hyokkaaja O M S P AVM AVS VM TM JA L B ALV ALH + - JM OR X XX XXX LPP/O LPP Arvo
24415613 Hytonen Juha-Pekka 13  0  3  3  0  0  0  0  0  25  2  102  77  2  -8  10  0  0  0  0  3.31  43           255 000
24466950 Immonen Jarkko 14  3  12  15  0  0  1  0  0  75  0  189  102  11  -9  10  0  1  1  1  11.79  165           410 000
21802135 Jokinen Markus 13  0  1  1  0  0  0  0  0  14  4  0  2  2  -6  2  0  0  0  0  1.23  16           210 000
24638995 Kolehmainen Janne 14  2  1  3  0  0  0  0  0  19  6  5  13  3  -5  0  0  0  0  0  2.14  30           220 000
22260051 Lahti Miika 13  0  1  1  0  0  0  0  0  17  3  60  60  2  -4  8  0  0  0  0  1.85  24           215 000
24811398 Louhivaara Ossi 13  2  0  2  0  0  0  0  2  30  3  2  4  3  -9  2  0  0  0  0  2.69  35           230 000
24190336 Nattinen Julius 10  0  3  3  0  0  0  0  0  13  0  4  3  4  -6  4  0  0  0  0  2.80  28           315 000
24977737 Perrin Eric 11  2  6  8  0  0  1  0  0  26  1  57  40  8  -12  8  0  0  1  0  6.64  73           335 000
28967947 Ratinen Samuli 14  0  3  3  0  0  1  0  0  27  2  0  3  4  -9  4  0  0  0  0  2.43  34           225 000
33373610 Rooba Robert 10  3  2  5  0  0  0  0  0  39  1  0  0  7  -8  2  0  0  0  1  6.00  60           305 000
25130683 Rutanen Aleksi 2  0  0  0  0  0  0  0  0  0  0  0  0  0  0  0  0  0  0  0  0.00  0           165 000
28948856 Straka Anton 10  2  1  3  0  0  0  0  0  11  0  26  29  5  -5  4  0  0  0  0  3.10  31           210 000
25500873 Tamminen Henri 0  0  0  0  0  0  0  0  0  0  0  0  0  0  0  0  0  0  0  0  0  0           195 000
100034340 Tomasek David 12  2  4  6  0  0  0  0  0  32  1  2  6  6  -8  0  0  0  0  0  3.92  47           270 000
23505155 Tuppurainen Jani 12  2  10  12  0  0  0  0  0  33  0  1  6  7  -6  10  0  0  0  0  7.00  84           355 000
27647886 Turkulainen Jerry 13  5  4  9  0  0  1  0  0  26  0  0  2  8  -11  4  0  0  1  1  5.92  77           300 000
Karpat
ID Maalivahti O M S P V H TP TO PM NP JM OR X XX XXX LPP/O LPP Arvo
32498965 Annunen Justus 1  0  0  0  0  0  1  18  4  0  0  0  0  0  0  0.00  0               250 000
23109412 Rynnas Jussi 6  0  0  0  6  0  0  129  9  1  0  0  0  0  1  11.00  66               340 000
29924154 Vehvilainen Veini 7  0  0  0  5  2  0  144  16  1  10  0  1  1  1  6.71  47               375 000
ID Puolustaja O M S P AVM AVS VM TM JA L B ALV ALH + - JM OR X XX XXX LPP/O LPP Arvo
21494006 Hakanpaa Jani 12  1  4  5  0  0  0  0  0  44  8  0  0  14  -3  6  0  0  2  0  9.25  111               425 000
40428666 Heshka Shaun 13  3  4  7  0  0  0  0  0  44  0  0  0  10  -6  4  0  1  0  0  7.62  99               390 000
24353539 Huttula Joona 2  0  1  1  0  0  0  0  0  5  1  0  0  1  -2  2  0  0  0  0  5.50  11               175 000
100026177 Kivihalme Teemu 14  2  4  6  0  0  1  0  0  49  3  0  1  13  -5  2  0  2  1  0  7.79  109               405 000
30379468 Korhonen Juho 0  0  0  0  0  0  0  0  0  0  0  0  0  0  0  0  0  0  0  0  0  0               160 000
40312846 Kukkonen Lasse 13  1  3  4  0  0  1  0  0  15  3  0  0  7  -6  6  0  0  1  0  4.46  58               250 000
24825038 Makela Aleksi 12  0  1  1  0  0  0  0  0  19  4  0  0  9  -3  0  0  0  0  0  3.50  42               235 000
22679723 Niemela Mikko 9  1  3  4  0  0  0  0  0  10  1  0  0  7  -6  0  0  0  0  0  5.00  45               230 000
24959726 Ohtamaa Atte 9  2  3  5  0  0  0  0  0  21  1  0  0  9  -4  4  0  0  1  0  8.44  76               415 000
29679441 Ronkainen Taneli 12  0  1  1  0  0  0  0  0  19  2  0  0  5  -3  6  0  0  0  0  2.92  35               225 000
ID Hyokkaaja O M S P AVM AVS VM TM JA L B ALV ALH + - JM OR X XX XXX LPP/O LPP Arvo
21330445 Anttila Sami 9  1  0  1  0  0  0  0  0  19  1  0  3  2  -2  2  0  0  0  0  2.11  19           215 000
29955327 Heponiemi Aleksi 14  6  9  15  0  0  1  0  0  41  2  17  20  13  -6  2  0  1  0  0  8.71  122           395 000
24406130 Hermonen Julius 4  0  0  0  0  0  0  0  0  4  0  0  0  2  -2  0  0  0  0  0  1.50  6           190 000
21673131 Humaloja Miska 13  0  3  3  0  0  0  0  0  13  3  65  60  4  -5  4  0  0  0  0  2.46  32           225 000
24474272 Jokinen Jussi 13  6  11  17  0  1  0  0  0  38  0  26  22  16  -6  4  0  0  2  2  11.15  145           475 000
21940848 Karvinen Otto 11  1  3  4  1  0  0  0  0  26  4  1  9  6  -5  26  0  0  0  0  3.64  40           220 000
40245614 Koblizek Radek 10  2  2  4  0  0  1  0  0  25  0  0  1  6  -3  2  0  0  0  1  5.00  50           315 000
28727446 Koskenkorva Jesse 1  0  0  0  0  0  0  0  0  2  0  2  4  0  0  0  0  0  0  0  0.00  0           185 000
40106629 Kristof Michal 13  3  4  7  0  1  1  0  0  23  1  92  78  7  -3  2  0  1  0  0  5.46  71           325 000
29551488 Kuiri Niko 0  0  0  0  0  0  0  0  0  0  0  0  0  0  0  0  0  0  0  0  0  0           160 000
31635185 Kupari Rasmus 9  2  3  5  0  0  0  0  0  19  2  37  38  7  -5  39  0  0  0  1  4.33  39           370 000
100026171 Lasu Nicklas 12  2  8  10  0  0  1  0  0  34  0  119  107  14  -6  2  0  0  0  1  7.92  95           400 000
22393300 Leskinen Ville 12  7  6  13  0  0  3  0  0  65  0  0  0  14  -8  0  0  0  1  3  11.75  141           460 000
24808136 Lindsten Jasper 14  3  2  5  0  0  2  0  0  31  0  0  1  9  -5  8  0  0  0  0  4.93  69           300 000
28489001 Metsavainio Tino 6  1  0  1  0  0  0  0  0  7  0  20  31  4  -2  0  0  0  0  0  2.33  14           210 000
23786754 Osala Oskar 8  2  2  4  0  0  0  0  0  21  3  14  3  2  -4  8  0  0  1  0  6.38  51           405 000
25013577 Pyorala Mika 4  1  3  4  0  0  0  0  0  10  2  0  0  4  -1  0  0  0  0  1  9.00  36           350 000
25589140 Sailio Jari 14  2  3  5  0  0  0  0  0  31  1  0  2  7  -3  4  0  0  0  0  4.07  57           240 000
Lukko
ID Maalivahti O M S P V H TP TO PM NP JM OR X XX XXX LPP/O LPP Arvo
27682964 Lehtinen Lassi 13  0  1  1  6  4  3  250  30  0  0  0  5  0  1  5.23  68               335 000
30031858 Nurmi Kalle 0  0  0  0  0  0  0  0  0  0  0  0  0  0  0  0  0               200 000
23249408 Setanen Oskari 2  0  0  0  0  0  0  16  4  0  0  0  0  0  0  -1.00  -2               330 000
23487192 Tuokkola Pekka 0  0  0  0  0  0  0  0  0  0  0  0  0  0  0  0  0               260 000
ID Puolustaja O M S P AVM AVS VM TM JA L B ALV ALH + - JM OR X XX XXX LPP/O LPP Arvo
24260583 Ahonen Rony 13  0  6  6  0  1  0  0  0  24  2  0  0  12  -9  2  0  0  0  0  5.77  75               285 000
100034133 Auk Mark 7  0  2  2  0  0  0  0  0  9  1  0  0  2  -2  0  0  0  0  0  3.00  21               225 000
32058428 Heinola Ville 11  1  7  8  0  0  0  0  0  28  3  0  0  6  -10  8  0  0  0  0  6.91  76               265 000
100034136 Krejcik Jakub 11  2  5  7  0  0  0  0  0  32  4  0  0  10  -7  18  0  0  0  0  8.09  89               360 000
31585390 Kukkonen Miska 4  0  1  1  0  0  0  0  0  1  0  0  0  2  0  2  0  0  0  0  3.75  15               205 000
29650046 Laitinen Vili 5  0  0  0  0  0  0  0  0  3  3  0  0  0  -1  0  0  0  0  0  0.40  2               200 000
24939759 Niskala Janne 3  0  0  0  0  0  0  0  0  2  0  0  0  1  0  0  0  0  0  0  1.33  4               230 000
30932931 Palojarvi Antti 0  0  0  0  0  0  0  0  0  0  0  0  0  0  0  0  0  0  0  0  0  0               180 000
29948541 Reunanen Tarmo 13  2  4  6  0  0  1  0  0  44  4  0  0  7  -11  6  0  0  1  0  6.15  80               320 000
25091997 Riikola Simo-Pekka 11  0  0  0  0  0  0  0  0  5  0  0  0  8  -3  8  0  0  0  0  2.82  31               220 000
24177003 Sevanen Roni 13  1  3  4  0  1  1  0  0  23  7  0  0  12  -10  10  0  0  0  0  5.92  77               260 000
27683510 Suistio Santeri 0  0  0  0  0  0  0  0  0  0  0  0  0  0  0  0  0  0  0  0  0  0               150 000
ID Hyokkaaja O M S P AVM AVS VM TM JA L B ALV ALH + - JM OR X XX XXX LPP/O LPP Arvo
100034134 Danforth Justin 13  4  10  14  1  0  0  0  0  61  1  113  77  10  -10  39  0  1  1  3  11.08  144           430 000
100035866 Defazio Brandon 12  4  4  8  0  0  0  0  0  57  2  5  3  8  -10  20  0  0  0  0  6.83  82           365 000
21440937 Friberg Jere 4  0  0  0  0  0  0  0  0  2  0  13  12  1  -2  0  0  0  0  0  0.50  2           215 000
100033754 Ganahl Manuel 11  0  2  2  0  0  0  0  0  15  0  0  0  3  -3  6  0  0  0  0  2.36  26           230 000
24463542 Ilomaki Arttu 13  0  10  10  0  1  0  0  0  36  1  111  81  7  -8  4  0  0  0  1  6.62  86           360 000
21983012 Keranen Janne 13  5  1  6  0  0  0  0  0  51  0  0  2  7  -7  8  0  0  0  1  6.08  79           355 000
24546935 Koivisto Toni 12  6  1  7  0  0  2  0  0  33  0  0  1  8  -10  2  0  0  0  0  5.83  70           315 000
23889127 Koivistoinen Eetu 13  6  7  13  0  0  1  0  0  58  3  52  75  10  -7  4  0  0  1  1  8.92  116           280 000
22244996 Laakso Tapio 13  4  2  6  1  0  1  0  0  21  2  82  65  8  -5  0  0  0  0  0  5.31  69           240 000
22396653 Liedes Heikki 5  2  0  2  0  0  0  0  0  13  3  1  4  3  -2  12  0  0  0  1  5.00  25           250 000
30682391 Nyman Linus 13  0  1  1  0  0  0  0  0  18  5  0  0  4  -7  4  0  1  0  0  1.92  25           235 000
31903545 Petman Mikko 0  0  0  0  0  0  0  0  0  0  0  0  0  0  0  0  0  0  0  0  0  0           190 000
31779229 Petman Ville 0  0  0  0  0  0  0  0  0  0  0  0  0  0  0  0  0  0  0  0  0  0           195 000
24178578 Ruotsi Jesse 1  0  0  0  0  0  0  0  0  0  0  0  0  1  0  0  0  0  0  0  2.00  2           185 000
30687613 Saarela Antti 7  1  2  3  0  0  0  0  0  10  1  1  1  4  -2  12  0  0  0  0  3.57  25           230 000
23311954 Sopanen Vili 13  5  4  9  0  0  1  0  0  53  2  3  1  6  -7  16  0  0  1  0  6.69  87           350 000
27854909 Vidgren Aaro 13  1  1  2  0  0  0  0  0  12  0  3  4  9  -7  4  0  0  0  0  2.54  33           220 000
32294910 Ylitalo Niklas 0  0  0  0  0  0  0  0  0  0  0  0  0  0  0  0  0  0  0  0  0  0           170 000
Pelicans
ID Maalivahti O M S P V H TP TO PM NP JM OR X XX XXX LPP/O LPP Arvo
24158200 Olkinuora Juho 10  0  0  0  7  2  1  232  22  1  6  0  0  0  2  8.20  82               350 000
29933802 Patrikainen Jasper 0  0  0  0  0  0  0  0  0  0  0  0  0  0  0  0  0               200 000
100033756 Skarek Jakub 4  0  0  0  1  2  0  77  14  0  2  0  0  0  0  0.00  0               320 000
30136517 Suni Sami 0  0  0  0  0  0  0  0  0  0  0  0  0  0  0  0  0               250 000
ID Puolustaja O M S P AVM AVS VM TM JA L B ALV ALH + - JM OR X XX XXX LPP/O LPP Arvo
29566680 Ahola Aapo 0  0  0  0  0  0  0  0  0  0  0  0  0  0  0  0  0  0  0  0  0  0               195 000
27780772 Ahonen Jesse 0  0  0  0  0  0  0  0  0  0  0  0  0  0  0  0  0  0  0  0  0  0               175 000
30136368 Ek Aleksi 0  0  0  0  0  0  0  0  0  0  0  0  0  0  0  0  0  0  0  0  0  0               180 000
24430148 Hannukkala Toni 0  0  0  0  0  0  0  0  0  0  0  0  0  0  0  0  0  0  0  0  0  0               160 000
24509817 Jurgens Casimir 8  1  0  1  0  0  1  0  0  14  0  0  0  12  -6  4  0  0  0  0  6.00  48               310 000
24235673 Kaski Oliwer 12  4  8  12  0  0  0  0  0  93  3  0  0  15  -9  4  0  0  3  0  14.42  173               455 000
27841653 Keskitalo Miro 6  0  0  0  0  0  0  0  0  6  1  0  0  3  -2  2  0  0  0  0  2.17  13               220 000
29933776 Kinnunen Santtu 2  0  1  1  0  0  0  0  0  1  0  0  0  1  -2  0  0  0  0  0  3.00  6               215 000
22148966 Kousa Mikko 11  4  9  13  0  0  1  0  0  46  0  0  0  20  -15  2  0  3  0  0  13.82  152               435 000
22504610 Manelius Nico 0  0  0  0  0  0  0  0  0  0  0  0  0  0  0  0  0  0  0  0  0  0               225 000
100033755 Nilsson Henrik 13  1  3  4  0  0  0  0  0  26  1  0  0  11  -7  8  0  0  0  0  5.46  71               245 000
28949855 Pynnonen Jarkko 3  0  0  0  0  0  0  0  0  1  1  0  0  1  -3  2  0  0  0  0  0.33  1               205 000
100027207 Rowley Jordan 13  0  4  4  0  0  0  0  0  26  3  0  0  11  -6  6  0  0  0  0  5.38  70               265 000
100040219 Shchemenov Alexsandr 12  1  2  3  0  0  1  0  0  16  5  0  0  9  -6  0  0  0  0  0  4.42  53               225 000
23424825 Teppo Miihkali 6  1  2  3  0  0  1  0  0  2  1  0  0  5  -5  0  0  0  1  0  5.33  32               255 000
ID Hyokkaaja O M S P AVM AVS VM TM JA L B ALV ALH + - JM OR X XX XXX LPP/O LPP Arvo
24242404 Aaltonen Juhamatti 11  9  4  13  0  0  0  0  0  55  0  4  2  11  -5  8  0  1  1  1  12.18  134           450 000
24290689 Bjorninen Hannes 11  3  6  9  0  0  1  0  0  30  7  126  94  11  -8  6  0  0  0  1  9.09  100           355 000
21399185 Elimaki Roope 6  1  0  1  0  0  0  0  0  7  1  18  15  2  -2  2  0  0  0  0  2.83  17           210 000
27780756 Heino Lauri 0  0  0  0  0  0  0  0  0  0  0  0  0  0  0  0  0  0  0  0  0  0           160 000
29658365 Hamalainen Sakke 0  0  0  0  0  0  0  0  0  0  0  0  0  0  0  0  0  0  0  0  0  0           170 000
28777551 Jantunen Jonne 0  0  0  0  0  0  0  0  0  0  0  0  0  0  0  0  0  0  0  0  0  0           230 000
22024624 Kivela Niko 11  0  1  1  0  0  0  0  0  25  0  1  3  3  -6  2  0  0  0  0  1.73  19           215 000
22149570 Kouvalainen Pasi 0  0  0  0  0  0  0  0  0  0  0  0  0  0  0  0  0  0  0  0  0  0           175 000
27772764 Lahtinen Severi 12  2  7  9  0  0  1  0  0  24  2  1  3  12  -5  29  0  0  0  2  6.58  79           265 000
22276391 Laine Mikko 7  0  1  1  0  0  0  0  0  7  1  0  0  2  -4  0  0  0  0  0  1.43  10           205 000
22504856 Mankinen Jesse 13  6  6  12  0  0  0  0  0  53  3  1  5  14  -9  2  0  1  0  0  8.46  110           360 000
29798827 Merela Waltteri 2  0  0  0  0  0  0  0  0  5  0  0  0  0  0  0  0  0  0  0  1.50  3           195 000
22598901 Mustonen Aleksi 13  0  7  7  0  0  0  0  0  32  1  69  94  10  -7  0  0  0  0  0  4.00  52           310 000
28552909 Makitalo Roope 0  0  0  0  0  0  0  0  0  0  0  0  0  0  0  0  0  0  0  0  0  0           200 000
25630280 Saarinen Jesse 11  5  8  13  0  0  0  0  0  39  0  1  0  10  -9  4  0  2  2  1  9.82  108           395 000
23186118 Salo Niklas 0  0  0  0  0  0  0  0  0  0  0  0  0  0  0  0  0  0  0  0  0  0           190 000
27355408 Siikonen Miska 13  2  4  6  0  0  0  0  0  34  7  121  105  12  -7  2  0  0  0  0  5.85  76           305 000
27847136 Toivola Artturi 12  4  4  8  0  0  0  0  0  17  0  79  81  12  -8  6  0  0  0  0  6.25  75           245 000
23521841 Tyrvainen Antti 13  5  7  12  0  0  0  0  0  29  3  3  8  14  -5  14  0  1  0  1  7.85  102           300 000
25443752 Vartiainen Taavi 11  3  0  3  0  0  0  0  0  32  6  2  4  5  -7  0  0  0  1  0  4.00  44           225 000
29937154 Ylonen Jesse 13  4  6  10  0  0  2  0  0  36  3  1  4  13  -8  2  0  0  1  0  7.38  96           280 000
100033757 Zohorna Hynek 3  0  0  0  0  0  0  0  0  9  1  4  2  2  -1  2  0  0  0  0  4.33  13           325 000
SaiPa
ID Maalivahti O M S P V H TP TO PM NP JM OR X XX XXX LPP/O LPP Arvo
28628202 Kaarlehto Karolus 0  0  0  0  0  0  0  0  0  0  0  0  0  0  0  0  0               230 000
23486067 Tuohimaa Frans 11  0  1  1  4  4  3  243  22  2  0  0  0  2  0  8.73  96               315 000
27843800 Westerholm Niclas 3  0  0  0  0  2  0  54  10  0  0  0  0  0  0  -0.67  -2               280 000
ID Puolustaja O M S P AVM AVS VM TM JA L B ALV ALH + - JM OR X XX XXX LPP/O LPP Arvo
24270214 Autio Erik 9  0  2  2  0  0  0  0  0  10  1  0  0  7  -6  2  0  0  0  0  3.44  31               255 000
100032656 Denisov Vladimir 2  0  0  0  0  0  0  0  0  3  1  0  0  0  -2  0  0  0  0  0  -0.50  -1               215 000
100039663 Kichton Brenden Fredrick 13  1  3  4  0  0  0  0  0  34  6  0  0  7  -4  4  0  0  0  0  5.31  69               325 000
22064150 Kojo Markus 12  0  2  2  0  0  0  0  0  11  5  0  0  7  -5  41  0  0  0  0  2.50  30               225 000
22487436 Maalahti Kalle 13  1  3  4  0  0  0  0  1  33  3  0  0  11  -9  10  0  1  0  0  5.92  77               320 000
28891819 Salo Robin 12  2  3  5  0  0  0  1  1  34  5  1  0  9  -7  2  0  1  0  0  6.75  81               300 000
23241406 Seppala Jere 12  2  2  4  0  0  0  0  0  12  5  0  1  10  -6  2  0  1  0  1  5.33  64               260 000
25543115 Sneck Jere 11  0  1  1  0  0  0  0  0  12  1  0  0  3  -9  2  0  0  0  0  0.82  9               220 000
30033458 Torikka Kasperi 4  0  0  0  0  0  0  0  0  4  0  0  0  1  -2  0  0  0  1  0  1.00  4               205 000
28842826 Vainio Veeti 0  0  0  0  0  0  0  0  0  0  0  0  0  0  0  0  0  0  0  0  0  0               190 000
ID Hyokkaaja O M S P AVM AVS VM TM JA L B ALV ALH + - JM OR X XX XXX LPP/O LPP Arvo
100025916 Goodwin David 12  4  5  9  0  0  1  0  0  41  1  4  4  11  -5  4  0  1  1  0  7.83  94           320 000
30013834 Haaparanta Mikko 0  0  0  0  0  0  0  0  0  0  0  0  0  0  0  0  0  0  0  0  0  0           185 000
27776919 Iso-Mustajarvi Tomi 13  0  0  0  0  0  1  0  0  18  1  49  44  1  -6  4  0  0  0  1  1.54  20           220 000
21878800 Kaksonen Elmeri 9  2  1  3  0  0  0  0  0  17  0  1  1  7  -5  0  0  0  0  0  3.89  35           240 000
24666721 Koho Ville 12  2  2  4  0  0  1  0  0  9  0  70  52  3  -3  4  0  2  0  0  3.83  46           230 000
100027950 Kunyk Cody 10  1  5  6  0  0  0  0  0  27  1  88  71  6  -11  4  0  0  0  0  5.50  55           315 000
27777125 Kuronen Mikael 9  0  0  0  0  0  0  0  0  8  1  3  7  1  -2  0  0  0  0  0  0.78  7           215 000
22341860 Lehtinen Oskari 8  0  2  2  0  0  0  0  0  16  0  13  5  2  -2  6  0  0  0  0  3.75  30           225 000
29018345 Luusuaniemi Aatu 0  0  0  0  0  0  0  0  0  0  0  0  0  0  0  0  0  0  0  0  0  0           190 000
22483058 Lofman Anssi 6  1  1  2  0  0  0  0  0  6  0  2  0  3  -5  2  0  1  0  0  3.50  21           235 000
40174442 Maia Bastien 0  0  0  0  0  0  0  0  0  0  0  0  0  0  0  0  0  0  0  0  0  0           200 000
100033593 Morley Tyler 11  3  6  9  0  0  1  0  0  38  2  33  22  9  -7  22  0  0  1  1  8.64  95           360 000
32780178 Mantykivi Matias 0  0  0  0  0  0  0  0  0  0  0  0  0  0  0  0  0  0  0  0  0  0           195 000
22710462 Nikko Joni 10  3  2  5  0  0  1  0  0  27  2  0  0  6  -6  2  0  2  0  0  5.50  55           275 000
22770952 Nattinen Topi 9  1  5  6  0  0  0  0  0  18  0  9  13  6  -3  0  0  0  0  1  5.00  45           260 000
23770029 Oksanen Ahti 11  5  6  11  0  0  0  1  0  56  4  0  1  12  -5  4  0  0  1  0  10.36  114           355 000
29936595 Oksanen Emil 0  0  0  0  0  0  0  0  0  0  0  0  0  0  0  0  0  0  0  0  0  0           250 000
100026800 Radke Roy 0  0  0  0  0  0  0  0  0  0  0  0  0  0  0  0  0  0  0  0  0  0           285 000
23137280 Saari Micke 12  3  3  6  0  0  0  0  0  26  1  83  99  13  -5  2  0  0  0  0  5.50  66           255 000
25458802 Tanus Jonatan 12  2  3  5  0  0  0  0  0  28  0  1  3  2  -11  0  0  0  0  0  2.58  31           245 000
23555503 Vainikainen Ville 9  2  0  2  0  0  0  0  0  7  0  0  1  2  -4  2  0  0  0  0  1.89  17           210 000
30356928 Virtanen Santeri 4  0  2  2  0  0  0  0  0  3  1  8  14  2  -1  2  0  0  0  0  3.50  14           205 000
Tappara
ID Maalivahti O M S P V H TP TO PM NP JM OR X XX XXX LPP/O LPP Arvo
24288659 Backstrom Niklas 6  0  0  0  5  1  0  128  13  0  2  0  1  0  1  7.00  42               310 000
21589720 Heljanko Christian 7  0  1  1  3  3  1  137  14  2  0  0  1  1  0  9.14  64               360 000
30582802 Rautiainen Kimmo 0  0  0  0  0  0  0  0  0  0  0  0  0  0  0  0  0               230 000
ID Puolustaja O M S P AVM AVS VM TM JA L B ALV ALH + - JM OR X XX XXX LPP/O LPP Arvo
40371281 Blood Ben 9  0  2  2  0  0  0  0  0  24  0  0  1  9  -8  4  0  0  0  0  4.44  40               310 000
21403877 Elorinne Aleksi 10  1  0  1  0  0  0  0  0  23  3  0  0  4  -2  4  0  0  0  0  3.80  38               240 000
100027024 Falth Elias 8  1  0  1  0  0  1  0  0  22  1  0  0  5  -1  2  0  0  0  0  5.13  41               235 000
21974869 Kemilainen Valtteri 13  3  5  8  0  0  0  0  0  48  1  0  0  9  -6  6  0  0  0  0  8.15  106               405 000
24884833 Mantyla Tuukka 12  0  3  3  0  1  0  0  0  19  6  0  0  6  -5  18  0  0  0  0  4.17  50               250 000
23000702 Rantakari Otso 0  0  0  0  0  0  0  0  0  0  0  0  0  0  0  0  0  0  0  0  0  0               400 000
28273262 Rautanen Juho 0  0  0  0  0  0  0  0  0  0  0  0  0  0  0  0  0  0  0  0  0  0               185 000
23334106 Suhonen Teemu 13  3  5  8  0  0  1  0  0  37  1  0  0  13  -6  4  0  2  0  2  9.38  122               415 000
30738423 Utunen Toni 13  0  0  0  0  0  0  0  0  12  3  0  0  4  -2  0  0  0  0  0  1.62  21               220 000
23680559 Vittasmaki Veli-Matti 12  4  3  7  1  0  0  0  0  29  0  0  0  13  -6  0  0  4  1  0  9.17  110               345 000
32604513 Wehmas Jeremi 1  0  0  0  0  0  0  0  0  0  0  0  0  0  0  0  0  0  0  0  0.00  0               165 000
ID Hyokkaaja O M S P AVM AVS VM TM JA L B ALV ALH + - JM OR X XX XXX LPP/O LPP Arvo
21411429 Erkinjuntti Antti 12  0  3  3  0  0  0  0  0  16  4  0  2  4  -3  0  0  0  0  0  2.33  28           280 000
21785090 Jasu Juhani 13  4  2  6  1  1  2  0  0  19  1  102  85  9  -3  12  0  0  2  0  7.08  92           315 000
21848539 Jarvinen Jan-Mikael 13  2  13  15  0  0  0  0  0  18  2  31  30  10  -6  6  0  1  1  1  7.92  103           390 000
21851458 Jarvinen Matti 13  1  2  3  0  0  0  0  0  22  0  82  61  6  -3  4  0  0  0  0  3.62  47           300 000
21924709 Karjalainen Jere 13  3  1  4  0  0  1  0  0  39  0  0  1  3  -8  10  0  0  1  0  4.31  56           275 000
24622477 Kuusela Kristian 13  4  10  14  0  1  0  0  0  34  2  0  4  12  -7  4  0  0  2  1  8.69  113           440 000
22357760 Lehtonen Matias 3  0  1  1  0  0  0  0  0  5  0  0  0  2  0  0  0  0  0  0  3.67  11           215 000
27746619 Levtchi Anton 13  1  2  3  0  0  1  0  0  22  2  2  1  7  -4  4  0  0  0  0  3.46  45           250 000
28745305 Luoto Joona 11  1  1  2  0  0  0  1  0  28  3  0  1  4  -4  6  0  0  0  0  3.36  37           260 000
22497989 Malinen Jarkko 11  2  5  7  0  0  0  0  0  11  0  96  78  9  -5  4  0  0  0  0  5.64  62           325 000
29846355 Moilanen Sami 1  0  1  1  0  0  0  0  0  2  0  0  0  1  0  0  0  0  0  0  7.00  7           210 000
24064653 Makinen Otto 0  0  0  0  0  0  0  0  0  0  0  0  0  0  0  0  0  0  0  0  0  0           170 000
23764585 Ojamaki Niko 12  4  4  8  0  0  0  0  0  37  5  0  1  10  -4  0  0  0  0  0  6.58  79           370 000
23777132 Ollikainen Anton 5  1  0  1  0  0  0  0  0  5  1  0  0  1  -1  4  0  1  0  0  3.40  17           205 000
40102012 Puistola Patrik 0  0  0  0  0  0  0  0  0  0  0  0  0  0  0  0  0  0  0  0  0  0           195 000
25113804 Rauhala Otto 13  0  5  5  0  0  0  0  0  10  1  97  58  7  -8  0  0  0  0  0  3.62  47           240 000
31574013 Simontaival Kasper 0  0  0  0  0  0  0  0  0  0  0  0  0  0  0  0  0  0  0  0  0  0           190 000
29942233 Vanhatalo Lassi 0  0  0  0  0  0  0  0  0  0  0  0  0  0  0  0  0  0  0  0  0  0           175 000
40315414 Zaborsky Tomas 10  6  3  9  0  0  2  0  0  30  0  1  2  10  -3  6  0  0  0  2  9.90  99           400 000
TPS
ID Maalivahti O M S P V H TP TO PM NP JM OR X XX XXX LPP/O LPP Arvo
29948198 Anttila Eetu 0  0  0  0  0  0  0  0  0  0  0  0  0  0  0  0  0               210 000
100035404 Haukeland Henrik 6  0  0  0  3  1  1  143  10  0  0  0  0  1  0  7.83  47               325 000
25650749 Pohjanoksa Julius 1  0  0  0  1  0  0  20  2  0  0  0  0  1  0  10.00  10               308 500
23032013 Rautiola Antti 0  0  0  0  0  0  0  0  0  0  0  0  0  0  0  0  0               200 000
23451584 Tirronen Rasmus 8  0  0  0  2  6  0  192  25  1  0  0  0  1  0  4.00  32               340 000
ID Puolustaja O M S P AVM AVS VM TM JA L B ALV ALH + - JM OR X XX XXX LPP/O LPP Arvo
100026486 Ekestahl Jonsson Lucas 13  0  1  1  0  0  0  0  0  42  3  2  1  4  -11  4  0  0  0  0  2.23  29               335 000
23806498 Eronen Elmeri 14  1  3  4  0  0  1  0  0  23  5  0  0  16  -7  0  0  0  0  0  5.86  82               250 000
24318448 Forsstrom Jani 14  0  2  2  0  0  0  0  0  13  3  0  0  6  -7  4  0  0  0  0  2.29  32               225 000
24381077 Heikkinen Ilkka 11  5  6  11  0  0  0  1  1  57  5  1  0  6  -4  12  0  1  0  0  11.82  130               420 000
29606838 Isiguzo Bernard 2  0  0  0  0  0  0  0  0  0  0  0  0  0  0  0  0  0  0  0  0.00  0               200 000
31765398 Kaskinen Olli 12  0  1  1  0  0  0  0  0  24  3  0  0  4  -6  6  0  0  0  0  2.42  29               220 000
28879967 Koski Kevin 0  0  0  0  0  0  0  0  0  0  0  0  0  0  0  0  0  0  0  0  0  0               165 000
22452814 Lukka Santeri 12  0  1  1  0  0  0  0  0  23  4  0  0  1  -10  12  0  0  0  0  0.17  2               325 000
100029133 Piskula Joseph 6  0  1  1  0  0  0  0  0  11  1  0  0  5  -4  6  0  0  0  0  4.50  27               285 000
29620597 Pylkkanen Eetu 0  0  0  0  0  0  0  0  0  0  0  0  0  0  0  0  0  0  0  0  0  0               155 000
24190598 Salonen Aleksi 14  3  0  3  0  0  1  0  0  47  4  0  0  7  -12  10  0  1  0  0  4.86  68               305 000
ID Hyokkaaja O M S P AVM AVS VM TM JA L B ALV ALH + - JM OR X XX XXX LPP/O LPP Arvo
40354092 Bjorkstrand Patrick 14  1  2  3  0  0  0  0  0  29  0  60  74  3  -8  6  0  0  0  0  2.29  32           240 000
40435937 Budish Zach 13  6  3  9  0  0  0  0  0  50  3  36  23  9  -13  38  0  0  0  1  7.54  98           365 000
24315179 Filppula Ilari 9  0  2  2  0  0  0  0  0  14  0  55  61  1  -7  4  0  0  0  0  1.56  14           360 000
40005898 Kakko Kaapo 14  10  5  15  0  0  3  0  0  80  1  9  9  13  -14  6  0  1  2  3  11.71  164           425 000
29805082 Karvonen Elias 6  0  0  0  0  0  0  0  0  8  1  6  5  0  -3  0  0  0  0  0  0.83  5           205 000
24674991 Korpikoski Lauri 4  0  0  0  0  0  0  0  0  15  1  3  3  0  -1  2  0  0  1  0  3.25  13           310 000
23837263 Kuru Hannu 0  0  0  0  0  0  0  0  0  0  0  0  0  0  0  0  0  0  0  0  0  0           225 000
30419043 Makinen Atte 2  0  0  0  0  0  0  0  0  1  0  0  0  0  -1  0  0  0  0  0  0.00  0           220 000
30041411 Nevasaari Arttu 0  0  0  0  0  0  0  0  0  0  0  0  0  0  0  0  0  0  0  0  0  0           170 000
24916798 Nieminen Otto 2  1  0  1  0  0  0  0  0  11  0  0  1  2  0  0  0  0  0  0  7.50  15           245 000
29991637 Nurmi Markus 14  1  3  4  1  0  0  0  0  23  2  0  3  8  -6  10  0  0  0  0  4.00  56           230 000
40005897 Pajuniemi Lauri 11  1  0  1  0  0  0  0  0  26  1  0  1  1  -5  16  0  0  0  0  1.82  20           235 000
27900714 Palmu Petrus 14  1  6  7  0  0  0  0  0  49  1  2  7  4  -4  2  0  0  0  1  4.57  64           330 000
22805092 Palve Oula 14  1  15  16  0  0  0  0  0  41  1  126  111  14  -13  28  0  2  1  1  9.43  132           415 000
34601569 Parssinen Juuso 0  0  0  0  0  0  0  0  0  0  0  0  0  0  0  0  0  0  0  0  0  0           185 000
27889767 Savolainen Joonas 3  0  0  0  0  0  0  0  0  1  0  0  1  0  -1  0  0  0  0  0  -0.33  -1           190 000
25652103 Siiki Oskari 7  1  1  2  0  0  0  0  0  3  1  0  0  2  0  2  0  0  0  0  2.71  19           220 000
25651492 Suoranta Simon 11  1  3  4  0  0  0  0  0  24  3  2  4  4  -10  2  0  1  0  0  3.09  34           325 000
23669075 Virtanen Jonne 13  1  2  3  1  0  0  0  0  14  4  81  94  6  -5  14  0  1  0  0  2.46  32           215 000
29837610 Vayrynen Teemu 13  1  3  4  0  1  1  0  0  19  1  13  23  6  -6  4  0  0  1  0  3.31  43           230 000
