HPK
ID Maalivahti O M S P V H TP TO PM NP JM OR X XX XXX LPP/O LPP Arvo
30798997 Aalto Tuomas 0  0  0  0  0  0  0  0  0  0  0  0  0  0  0  0  0               212 000
28944258 Karjalainen Antti 0  0  0  0  0  0  0  0  0  0  0  0  0  0  0  0  0               308 500
27828252 Larmi Emil 18  0  1  1  12  6  0  423  31  2  2  0  1  2  3  9.56  172               574 500
23035023 Reijola Rasmus 0  0  0  0  0  0  0  0  0  0  0  0  0  0  0  0  0               255 000
31365785 Ruokonen Ville 0  0  0  0  0  0  0  0  0  0  0  0  0  0  0  0  0               213 000
Karpat
32498965 Annunen Justus 0  0  0  0  0  0  0  0  0  0  0  0  0  0  0  0  0               253 000
23109412 Rynnas Jussi 0  0  0  0  0  0  0  0  0  0  0  0  0  0  0  0  0               337 000
29924154 Vehvilainen Veini 17  0  1  1  11  6  0  383  25  4  6  0  1  1  6  11.18  190               585 500
HPK
ID Puolustaja O M S P AVM AVS VM TM JA L B ALV ALH + - JM OR X XX XXX LPP/O LPP Arvo
29780877 Almari Niclas 18  0  0  0  0  0  0  0  0  29  5  0  0  4  -4  2  0  0  0  0  1.56  28               273 000
100036798 Brejcak Jan 4  0  0  0  0  0  0  0  0  3  0  0  0  0  -2  0  0  0  0  0  -0.50  -2               208 000
23837234 Friman Niklas 17  1  3  4  0  0  1  0  0  43  6  0  0  14  -5  6  0  0  0  1  5.94  101               421 000
21926286 Karjalainen Miro 17  0  1  1  0  0  0  0  0  27  8  0  0  4  -7  26  0  0  0  0  1.35  23               260 000
24786410 Laatikainen Arto 15  3  4  7  0  0  1  1  0  32  7  0  0  9  -3  27  0  0  0  1  6.53  98               389 000
28942315 Laavainen Roope 2  0  0  0  0  0  0  0  0  2  0  0  0  0  -1  0  0  0  0  0  0.00  0               201 500
30644067 Latvala Otto 0  0  0  0  0  0  0  0  0  0  0  0  0  0  0  0  0  0  0  0  0  0               181 500
100025980 Lindgren Jesper 16  1  3  4  0  0  0  0  0  42  5  0  0  8  -5  2  0  0  0  0  4.63  74               404 500
31209498 Niemelainen Markus 18  0  2  2  0  0  0  0  0  13  7  1  0  5  -10  4  0  0  0  0  1.50  27               261 500
22709389 Nikkila Petteri 18  4  9  13  0  0  1  0  0  63  7  0  0  12  -8  14  0  2  1  1  9.83  177               618 500
Karpat
21494006 Hakanpaa Jani 17  1  3  4  0  0  0  0  0  71  1  0  0  15  -6  6  0  0  1  0  6.35  108               556 500
40428666 Heshka Shaun 17  1  5  6  0  0  0  0  0  51  1  0  0  9  -8  6  0  0  0  0  5.12  87               482 000
24353539 Huttula Joona 0  0  0  0  0  0  0  0  0  0  0  0  0  0  0  0  0  0  0  0  0  0               176 500
100026177 Kivihalme Teemu 16  4  5  9  2  1  2  0  0  66  1  0  0  12  -5  6  0  0  0  1  9.50  152               589 000
30379468 Korhonen Juho 0  0  0  0  0  0  0  0  0  0  0  0  0  0  0  0  0  0  0  0  0  0               166 000
40312846 Kukkonen Lasse 17  1  3  4  0  0  0  0  0  10  5  0  0  9  -5  2  0  0  0  0  3.35  57               322 500
24825038 Makela Aleksi 5  0  0  0  0  0  0  0  0  3  1  0  0  0  0  0  0  0  0  0  0.80  4               240 500
22679723 Niemela Mikko 17  1  1  2  0  0  0  0  0  31  4  0  0  7  -5  2  0  0  0  0  2.94  50               308 500
24959726 Ohtamaa Atte 17  0  3  3  0  0  0  0  0  59  10  0  0  10  -5  10  0  0  0  0  5.29  90               518 000
29679441 Ronkainen Taneli 5  0  1  1  0  0  0  0  0  13  1  0  0  2  -1  2  0  0  0  0  4.00  20               246 500
HPK
ID Hyokkaaja O M S P AVM AVS VM TM JA L B ALV ALH + - JM OR X XX XXX LPP/O LPP Arvo
40432221 Cornet Philippe 15  0  2  2  0  0  0  0  0  25  5  1  2  6  -3  2  0  0  0  0  2.60  39           354 500
29690417 Innala Jere 18  2  9  11  0  0  0  0  0  62  0  1  4  5  -13  4  0  0  2  0  4.72  85           464 000
30218781 Jokinen Janne 0  0  0  0  0  0  0  0  0  0  0  0  0  0  0  0  0  0  0  0  0  0           163 500
27775017 Kanninen Henri 5  0  1  1  0  0  0  0  0  3  0  2  0  1  -1  0  0  0  0  0  2.00  10           229 500
33388168 Kombe Kristjan 0  0  0  0  0  0  0  0  0  0  0  0  0  0  0  0  0  0  0  0  0  0           175 000
40432227 Krivosik Filip 8  1  0  1  0  0  1  0  0  15  4  11  6  2  -1  6  0  0  0  0  3.88  31           240 000
28934365 Kuusisto Jaakko 1  0  0  0  0  0  0  0  0  0  0  0  0  0  0  2  0  0  0  0  2.00  2           202 000
24772275 Lahti Janne 0  0  0  0  0  0  0  0  0  0  0  0  0  0  0  0  0  0  0  0  0  0           235 000
22366599 Leino Robert 18  2  10  12  0  0  1  0  0  43  7  163  141  10  -12  6  0  0  0  2  6.39  115           474 000
22450515 Lucenius Niclas 16  2  5  7  0  0  1  0  0  35  1  142  105  4  -3  4  0  0  1  0  5.00  80           464 000
30391284 Maansaari Olli 0  0  0  0  0  0  0  0  0  0  0  0  0  0  0  0  0  0  0  0  0  0           163 000
22671530 Nenonen Markus 18  4  5  9  0  0  2  1  0  104  3  2  3  5  -7  10  0  0  0  1  6.72  121           516 500
27752328 Paajanen Otto 18  4  4  8  0  0  2  0  0  45  3  191  150  13  -7  12  0  1  1  1  6.56  118           494 500
29859533 Puustinen Valtteri 16  2  3  5  0  0  1  0  0  23  2  0  2  8  -3  4  0  0  2  0  3.88  62           320 000
25116157 Riska Filip 18  1  1  2  0  0  0  0  0  39  1  115  91  4  -7  12  0  1  0  0  3.17  57           301 500
23097498 Ruokonen Miro 12  1  0  1  0  0  0  0  0  8  2  0  2  2  -3  27  0  0  0  0  0.58  7           230 000
30013384 Seppala Erkka 1  0  0  0  0  0  0  0  0  3  0  0  6  0  0  0  0  0  0  0  0.00  0           195 000
23418213 Tavi Janne 18  6  1  7  0  0  0  0  0  49  6  3  20  5  -4  4  0  1  1  0  4.33  78           367 000
25506929 Turunen Teemu 17  5  9  14  0  0  1  0  0  51  7  4  4  13  -6  0  0  2  0  2  7.71  131           578 000
25489224 Tuulola Eetu 18  3  3  6  0  0  0  0  0  36  4  5  2  6  -7  8  0  0  1  1  4.17  75           395 000
Karpat
21330445 Anttila Sami 14  2  1  3  0  0  0  0  0  15  6  4  9  4  -3  0  0  0  1  0  2.64  37           272 000
29955327 Heponiemi Aleksi 17  3  0  3  0  0  1  1  0  39  1  7  6  5  -6  8  0  2  1  0  3.71  63           458 500
24406130 Hermonen Julius 0  0  0  0  0  0  0  0  0  0  0  0  0  0  0  0  0  0  0  0  0  0           190 000
21673131 Humaloja Miska 10  0  1  1  0  0  0  0  0  8  2  39  46  2  0  6  0  0  0  0  1.90  19           245 500
24474272 Jokinen Jussi 16  2  7  9  0  0  0  0  0  27  2  16  17  12  -5  20  0  0  1  0  5.31  85           543 000
21940848 Karvinen Otto 15  1  2  3  0  1  0  0  0  24  9  1  2  5  -1  32  0  0  0  0  3.27  49           288 500
40245614 Koblizek Radek 17  0  3  3  0  0  0  0  0  39  0  1  2  6  -5  4  0  0  0  0  2.71  46           383 500
28727446 Koskenkorva Jesse 0  0  0  0  0  0  0  0  0  0  0  0  0  0  0  0  0  0  0  0  0  0           185 000
40106629 Kristof Michal 17  3  4  7  0  2  2  0  0  39  0  119  126  8  -7  0  0  0  1  0  4.29  73           428 500
29551488 Kuiri Niko 0  0  0  0  0  0  0  0  0  0  0  0  0  0  0  0  0  0  0  0  0  0           163 000
31635185 Kupari Rasmus 16  1  4  5  0  0  0  0  0  54  2  74  88  4  -4  6  0  0  0  0  3.75  60           447 500
100026171 Lasu Nicklas 17  2  6  8  0  0  1  1  0  37  2  189  188  16  -5  16  0  2  0  0  6.47  110           543 500
22393300 Leskinen Ville 17  7  8  15  0  0  2  0  0  101  2  1  3  11  -6  6  0  0  1  1  9.47  161           651 000
24808136 Lindsten Jasper 17  3  2  5  0  0  1  0  0  32  2  1  6  6  -3  6  0  0  1  0  3.71  63           371 000
28489001 Metsavainio Tino 9  2  1  3  0  0  1  0  0  13  0  35  53  3  -2  0  0  0  0  1  3.33  30           252 500
23786754 Osala Oskar 13  2  1  3  1  1  0  0  0  24  2  25  26  6  -2  45  0  0  0  0  3.62  47           452 500
25013577 Pyorala Mika 0  0  0  0  0  0  0  0  0  0  0  0  0  0  0  0  0  0  0  0  0  0           350 000
25589140 Sailio Jari 17  2  1  3  0  1  1  0  0  25  3  1  1  8  -2  12  0  1  1  1  4.24  72           336 000
