HIFK
ID Maalivahti O M S P V H TP TO PM NP JM OR X XX XXX LPP/O LPP Arvo
21406421 Engren Atte 10  0  0  0  3  4  3  254  24  1  0  0  1  0  1  7.00  70               350 000
29857823 Ruusu Markus 5  0  0  0  3  0  2  119  14  1  12  0  1  2  0  8.20  41               305 000
31915960 Taponen Roope 0  0  0  0  0  0  0  0  0  0  0  0  0  0  0  0  0               230 000
ID Puolustaja O M S P AVM AVS VM TM JA L B ALV ALH + - JM OR X XX XXX LPP/O LPP Arvo
21415137 Eronen Teemu 13  2  8  10  0  0  1  0  0  50  4  0  0  12  -9  16  0  0  0  1  9.31  121               420 000
40431556 Finley Joe 3  0  0  0  0  0  0  0  0  5  1  0  0  1  -1  2  0  0  0  0  2.33  7               200 000
24555256 Kankaanpera Markus 13  0  2  2  0  0  0  0  0  13  1  0  0  6  -8  50  0  0  0  1  0.92  12               220 000
22240990 Laakso Aleksi 10  0  0  0  0  0  0  0  0  20  7  0  0  2  -5  0  0  0  0  0  1.40  14               255 000
22474067 Lyytinen Joonas 11  1  8  9  1  0  0  0  0  33  1  0  0  14  -7  8  0  0  0  0  10.73  118               425 000
100025878 Motin Johan 15  0  1  1  0  0  0  0  0  18  3  0  0  11  -6  14  0  0  0  0  2.87  43               250 000
40310918 O'connor Ryan 15  1  3  4  0  0  0  1  0  35  1  0  0  5  -8  8  0  0  1  0  3.87  58               285 000
100036313 Quincey Kyle 0  0  0  0  0  0  0  0  0  0  0  0  0  0  0  0  0  0  0  0  0  0               315 000
29022140 Seppala Niko 0  0  0  0  0  0  0  0  0  0  0  0  0  0  0  0  0  0  0  0  0  0               150 000
30692420 Ulander Elias 8  0  1  1  0  0  0  0  0  4  2  0  0  2  -2  4  0  0  0  0  2.13  17               205 000
25357521 Varakas Ville 15  0  4  4  0  1  0  0  0  26  13  0  0  13  -13  16  0  0  0  0  4.20  63               265 000
30482177 Winberg Tobias 1  0  0  0  0  0  0  0  0  1  0  0  0  0  -1  0  0  0  0  0  -1.00  -1               175 000
ID Hyokkaaja O M S P AVM AVS VM TM JA L B ALV ALH + - JM OR X XX XXX LPP/O LPP Arvo
28019536 And Terry 11  1  1  2  0  0  0  0  0  10  3  0  0  3  -4  0  0  0  0  0  2.18  24           200 000
29695519 Engberg Teemu 7  0  0  0  0  0  0  0  0  10  1  0  1  0  -3  2  0  0  0  0  0.86  6           215 000
30731093 Hamalainen Janne 5  1  1  2  0  0  0  0  0  6  0  3  10  2  -3  2  0  1  0  0  3.00  15           195 000
24464062 Ikonen Jasse 11  2  2  4  0  0  0  0  0  21  3  43  51  4  -6  2  0  0  1  0  3.55  39           235 000
30345845 Jaaska Juha 15  1  7  8  0  0  0  0  0  31  5  41  70  12  -10  6  0  1  1  0  4.60  69           245 000
24650025 Kangasniemi Iikka 9  6  3  9  0  0  1  0  0  24  0  1  2  8  -4  2  0  0  0  2  9.00  81           445 000
24555418 Keranen Juho 0  0  0  0  0  0  0  0  0  0  0  0  0  0  0  0  0  0  0  0  0  0           240 000
22049667 Koivisto Henrik 6  1  1  2  0  0  0  0  0  5  0  15  22  2  -2  4  0  0  0  0  3.00  18           230 000
31261902 Lundell Anton 5  1  1  2  0  0  0  0  1  7  0  25  16  4  -2  0  0  0  0  0  5.40  27           235 000
29615777 Nordgren Niklas 1  0  0  0  0  0  0  0  0  3  0  0  0  0  0  0  0  0  0  0  2.00  2           225 000
22756329 Nykopp Thomas 0  0  0  0  0  0  0  0  0  0  0  0  0  0  0  0  0  0  0  0  0  0           210 000
25012824 Petrell Lennart 14  3  2  5  0  0  1  0  0  35  5  9  9  4  -4  18  0  0  1  0  4.36  61           270 000
22906739 Pitkanen Ilmari 15  2  1  3  0  0  1  0  0  25  2  2  3  8  -7  0  0  0  0  1  3.13  47           230 000
23017821 Rask Joonas 13  5  2  7  0  0  0  0  1  44  1  7  8  12  -8  0  0  0  1  1  6.77  88           350 000
23179112 Salminen Sakari 15  3  4  7  0  0  0  0  0  47  1  1  0  6  -8  4  0  2  0  0  4.93  74           355 000
25622735 Santala Tommi 15  7  8  15  0  0  1  1  0  53  2  115  93  13  -14  18  0  2  1  1  10.27  154           410 000
23394612 Tallberg Teemu 0  0  0  0  0  0  0  0  0  0  0  0  0  0  0  0  0  0  0  0  0  0           260 000
40431403 Thorell Erik 13  4  2  6  0  0  0  1  0  40  0  1  2  11  -7  2  0  0  1  0  5.69  74           400 000
23521977 Tyrvainen Juhani 12  4  8  12  0  0  1  0  0  31  1  138  118  9  -2  6  0  0  1  0  8.92  107           390 000
23793763 Asten Micke-Max 12  0  2  2  0  0  0  0  0  12  4  19  22  3  -3  10  0  0  0  0  2.58  31           220 000
HPK
ID Maalivahti O M S P V H TP TO PM NP JM OR X XX XXX LPP/O LPP Arvo
30798997 Aalto Tuomas 0  0  0  0  0  0  0  0  0  0  0  0  0  0  0  0  0               190 000
28944258 Karjalainen Antti 9  0  0  0  4  3  2  191  19  1  0  0  1  0  2  7.11  64               310 000
27828252 Larmi Emil 2  0  0  0  0  1  0  38  2  0  0  0  0  0  0  3.50  7               355 000
23035023 Reijola Rasmus 3  0  0  0  2  0  1  48  8  0  0  0  0  0  0  3.00  9               255 000
31365785 Ruokonen Ville 0  0  0  0  0  0  0  0  0  0  0  0  0  0  0  0  0               210 000
ID Puolustaja O M S P AVM AVS VM TM JA L B ALV ALH + - JM OR X XX XXX LPP/O LPP Arvo
29780877 Almari Niclas 13  1  1  2  0  0  0  0  0  26  2  0  0  3  -4  4  0  1  0  0  3.00  39               225 000
100036798 Brejcak Jan 2  0  0  0  0  0  0  0  0  1  0  0  0  0  -1  0  0  0  0  0  -0.50  -1               210 000
23837234 Friman Niklas 13  0  4  4  0  0  0  0  0  52  3  0  0  12  -7  8  0  0  0  0  6.69  87               310 000
21926286 Karjalainen Miro 11  0  0  0  0  0  0  0  0  13  2  0  0  0  -2  32  0  0  0  0  -0.45  -5               215 000
24786410 Laatikainen Arto 13  0  3  3  0  0  0  0  0  24  1  0  0  6  -10  8  0  1  0  0  3.31  43               240 000
28942315 Laavainen Roope 2  0  0  0  0  0  0  0  0  2  0  0  0  0  0  0  0  0  0  0  0.50  1               200 000
30644067 Latvala Otto 0  0  0  0  0  0  0  0  0  0  0  0  0  0  0  0  0  0  0  0  0  0               185 000
100025980 Lindgren Jesper 11  0  4  4  0  0  0  0  0  33  6  0  0  7  -7  2  0  0  0  0  5.09  56               275 000
31209498 Niemelainen Markus 12  0  0  0  0  0  0  0  0  11  2  0  0  3  -3  0  0  0  0  0  1.08  13               220 000
22709389 Nikkila Petteri 13  2  8  10  1  0  0  1  0  60  7  0  0  13  -12  14  0  0  2  0  9.77  127               405 000
ID Hyokkaaja O M S P AVM AVS VM TM JA L B ALV ALH + - JM OR X XX XXX LPP/O LPP Arvo
40432221 Cornet Philippe 10  2  8  10  0  1  0  0  1  23  2  0  0  7  -10  31  0  1  0  1  7.00  70           305 000
29690417 Innala Jere 13  5  7  12  0  1  0  0  0  54  0  1  7  8  -6  0  0  0  0  2  7.92  103           325 000
30218781 Jokinen Janne 0  0  0  0  0  0  0  0  0  0  0  0  0  0  0  0  0  0  0  0  0  0           160 000
21870028 Kainulainen Harri 10  1  0  1  0  0  0  0  0  16  0  11  15  3  0  0  0  0  0  0  2.00  20           210 000
33388168 Kombe Kristjan 3  0  0  0  0  0  0  0  0  2  0  0  0  0  -1  2  0  0  0  0  1.00  3           180 000
40432227 Krivosik Filip 8  1  1  2  0  0  1  0  0  18  2  7  14  2  -1  2  0  0  0  0  3.13  25           215 000
28934365 Kuusisto Jaakko 0  0  0  0  0  0  0  0  0  0  0  0  0  0  0  0  0  0  0  0  0  0           200 000
24772275 Lahti Janne 0  0  0  0  0  0  0  0  0  0  0  0  0  0  0  0  0  0  0  0  0  0           235 000
22366599 Leino Robert 13  2  4  6  0  0  0  0  0  45  0  124  88  6  -7  6  0  1  0  0  5.85  76           315 000
22450515 Lucenius Niclas 13  8  8  16  1  0  1  0  0  44  0  133  91  12  -10  2  0  0  4  1  11.46  149           390 000
30391284 Maansaari Olli 0  0  0  0  0  0  0  0  0  0  0  0  0  0  0  0  0  0  0  0  0  0           175 000
22671530 Nenonen Markus 13  2  1  3  0  0  0  0  0  67  0  0  0  5  -5  0  0  0  0  0  4.38  57           330 000
27752328 Paajanen Otto 13  1  4  5  0  1  1  0  0  32  6  115  90  4  -8  4  0  0  0  0  4.92  64           310 000
29859533 Puustinen Valtteri 9  1  0  1  0  0  1  0  0  28  2  2  0  3  -5  2  0  1  0  0  3.78  34           240 000
25116157 Riska Filip 13  0  1  1  0  0  0  0  0  20  2  42  36  3  0  10  0  0  0  0  2.62  34           220 000
23097498 Ruokonen Miro 12  1  2  3  0  0  1  0  0  6  3  0  0  4  -1  0  0  1  0  0  2.67  32           225 000
30013384 Seppala Erkka 1  0  0  0  0  0  0  0  0  1  0  0  0  0  0  0  0  0  0  0  1.00  1           185 000
25506929 Turunen Teemu 13  7  8  15  1  0  1  0  0  66  4  0  0  8  -9  8  0  0  2  1  11.00  143           425 000
25489224 Tuulola Eetu 13  4  7  11  0  1  0  0  1  51  3  0  3  5  -8  10  0  0  0  0  7.54  98           300 000
Ilves
ID Maalivahti O M S P V H TP TO PM NP JM OR X XX XXX LPP/O LPP Arvo
24329479 Helenius Riku 10  0  1  1  4  2  3  209  29  0  2  0  0  3  0  5.10  51               315 000
22353515 Lehtonen Antti 8  0  1  1  2  4  2  187  24  0  0  0  0  0  0  4.00  32               305 000
29864007 Yrjola Lassi 0  0  0  0  0  0  0  0  0  0  0  0  0  0  0  0  0               250 000
ID Puolustaja O M S P AVM AVS VM TM JA L B ALV ALH + - JM OR X XX XXX LPP/O LPP Arvo
100031131 Flood Mark 17  1  2  3  0  0  0  0  0  36  4  0  0  11  -9  14  0  0  0  0  3.65  62               235 000
40315931 Generous Matt 3  0  0  0  0  0  0  0  0  2  0  0  0  0  -1  0  0  0  0  0  0.00  0               205 000
24393683 Hopponen Erno 5  1  0  1  0  0  0  0  0  8  1  0  0  5  -2  0  0  0  0  0  5.20  26               195 000
28666196 Laakso Jerry 0  0  0  0  0  0  0  0  0  0  0  0  0  0  0  0  0  0  0  0  0  0               155 000
29995510 Laaksonen Oskari 11  0  5  5  0  0  0  0  0  58  1  0  0  7  -11  4  0  2  0  0  6.09  67               325 000
29935596 Laitamaki Elias 2  0  0  0  0  0  0  0  0  0  0  0  0  0  0  0  0  0  0  0  0.00  0               180 000
24806743 Leimu Juha 14  1  5  6  0  0  0  0  0  44  0  0  0  4  -5  8  0  0  0  0  5.43  76               270 000
29641327 Matinpalo Nikolas 17  1  2  3  0  0  0  0  0  33  0  0  0  9  -5  8  0  0  0  0  3.94  67               225 000
28905831 Parikka Jarkko 16  2  5  7  0  0  0  0  0  45  1  0  1  14  -8  6  0  1  0  0  6.63  106               310 000
22843711 Peltola Niko 16  0  2  2  0  0  0  0  0  40  11  0  0  6  -7  10  0  0  0  0  3.63  58               260 000
23168071 Salmela Tuomas 11  0  3  3  0  0  0  0  0  30  3  0  0  5  -10  22  0  0  0  0  3.64  40               255 000
30993527 Troshin Daniil 0  0  0  0  0  0  0  0  0  0  0  0  0  0  0  0  0  0  0  0  0  0               175 000
25381270 Vainio Olli 8  0  2  2  0  0  0  0  0  18  0  0  0  8  -5  2  0  0  0  0  5.00  40               220 000
ID Hyokkaaja O M S P AVM AVS VM TM JA L B ALV ALH + - JM OR X XX XXX LPP/O LPP Arvo
21288241 Ahopelto Erik 1  0  0  0  0  0  0  0  0  1  0  4  3  0  0  0  0  0  0  0  2.00  2           180 000
24272490 Ahtola Jerry 9  2  0  2  0  0  1  0  0  12  0  52  78  3  -3  2  0  0  0  0  2.00  18           235 000
29446865 Antonen Joose 17  2  2  4  0  0  0  0  0  61  3  0  0  3  -8  6  0  0  0  0  3.59  61           255 000
29870486 Haapanen Topias 17  3  4  7  0  0  1  0  0  18  1  4  4  10  -9  8  0  0  0  1  4.29  73           240 000
100034958 Halmo Mike 16  1  1  2  0  0  0  0  0  25  0  4  7  5  -4  50  0  0  0  0  0.81  13           220 000
29028513 Ikonen Joona 17  3  6  9  1  0  0  0  0  41  4  2  1  7  -9  0  0  0  1  0  4.88  83           260 000
28730556 Lepaus Teemu 17  4  5  9  0  0  1  0  0  49  0  21  38  5  -9  12  0  0  1  1  5.18  88           285 000
22441087 Liuksiala Juho 17  6  3  9  0  0  1  1  0  35  0  0  0  12  -7  0  0  2  1  0  5.41  92           250 000
24880895 Mieho Panu 6  0  2  2  0  1  0  0  0  11  0  34  39  2  -2  2  0  0  0  0  3.00  18           230 000
31905381 Nalli Miro 0  0  0  0  0  0  0  0  0  0  0  0  0  0  0  0  0  0  0  0  0  0           160 000
23029644 Rautiainen Teemu 16  6  7  13  0  0  2  2  0  61  1  0  5  13  -10  12  0  0  1  2  7.75  124           340 000
25153974 Ruotsalainen Arttu 17  8  3  11  0  0  0  1  1  79  1  218  174  14  -14  8  0  2  1  1  8.59  146           400 000
23222302 Savilahti Eero 15  1  4  5  0  0  0  0  0  20  1  46  53  9  -5  16  0  0  0  0  3.00  45           230 000
23351053 Suomi Eemeli 17  4  11  15  1  0  1  0  0  66  3  3  8  15  -16  8  0  2  1  2  8.29  141           350 000
23400483 Tamminen Juhani 8  1  1  2  0  0  0  0  0  10  0  44  60  1  -5  2  0  0  0  0  1.25  10           225 000
30039025 Vainionpaa Samuli 11  0  2  2  0  0  0  0  0  21  1  40  84  4  -2  25  0  0  0  0  0.64  7           200 000
23577387 Valtonen Julius 6  1  0  1  0  0  0  0  0  7  0  0  1  1  -1  0  0  0  0  0  1.67  10           190 000
Jukurit
ID Maalivahti O M S P V H TP TO PM NP JM OR X XX XXX LPP/O LPP Arvo
24280631 Aho Juhana 2  0  0  0  0  2  0  42  8  0  0  0  0  0  0  -1.00  -2               270 000
22993098 Rajaniemi Sami 14  0  1  1  3  4  6  329  34  0  0  0  1  2  2  6.71  94               325 000
ID Puolustaja O M S P AVM AVS VM TM JA L B ALV ALH + - JM OR X XX XXX LPP/O LPP Arvo
24276289 Alho Aku 0  0  0  0  0  0  0  0  0  0  0  0  0  0  0  0  0  0  0  0  0  0               160 000
24421720 Hietanen Valtteri 2  0  1  1  0  0  0  0  0  5  0  0  0  1  -1  0  0  0  0  0  5.00  10               230 000
21700651 Hyvarinen Ville 14  0  0  0  0  0  0  0  0  7  10  0  0  6  -7  4  0  0  0  0  1.36  19               215 000
21772430 Jaatinen Antti 4  0  0  0  0  0  0  0  0  1  0  0  0  0  -4  0  0  0  0  0  -1.75  -7               200 000
24229715 Jalonen Jimi 10  0  0  0  0  0  0  0  0  26  2  0  0  4  -3  6  0  1  0  0  2.90  29               220 000
31128854 Kokkonen Mikko 15  0  4  4  0  0  0  0  0  33  5  0  0  9  -17  2  0  1  0  0  3.13  47               240 000
28642754 Koponen Marlo 15  0  4  4  0  0  0  0  0  26  4  0  0  8  -7  12  0  0  0  0  4.40  66               235 000
22891255 Piipponen Samuli 15  2  2  4  1  0  0  0  0  38  4  0  0  12  -6  6  0  0  0  1  6.20  93               265 000
23334106 Suhonen Teemu 15  1  4  5  0  0  0  0  0  81  2  0  0  13  -11  14  0  0  0  0  7.33  110               340 000
ID Hyokkaaja O M S P AVM AVS VM TM JA L B ALV ALH + - JM OR X XX XXX LPP/O LPP Arvo
21345676 Asplund Turo 15  3  10  13  1  0  0  0  0  32  2  160  125  15  -11  8  0  0  0  1  8.47  127           345 000
21431409 Flinck Markku 14  1  3  4  0  0  0  0  0  33  0  115  98  5  -5  2  0  0  0  0  3.50  49           245 000
21600081 Henritius Teemu 13  1  1  2  0  0  0  0  0  13  0  59  56  5  -6  2  0  0  0  0  2.15  28           215 000
21659838 Hotakainen Valtteri 9  2  2  4  0  0  0  1  0  12  0  23  35  4  -6  0  0  0  0  0  3.00  27           225 000
30851669 Huttunen Heikki 4  0  1  1  0  0  0  0  0  2  0  0  0  1  -2  0  0  0  0  0  1.25  5           180 000
28751548 Jaaskelainen Joona 0  0  0  0  0  0  0  0  0  0  0  0  0  0  0  0  0  0  0  0  0  0           190 000
21888612 Kalliola Joonas 13  3  0  3  0  0  0  0  0  22  3  1  1  4  -7  10  0  0  0  0  3.54  46           230 000
24174051 Leskinen Ville 9  0  1  1  0  0  0  0  0  24  0  0  0  4  -5  0  0  0  0  0  2.33  21           235 000
22476117 Lahde Nestori 12  0  0  0  0  0  0  0  0  17  1  0  0  2  -5  2  0  0  0  0  1.08  13           200 000
30712591 Nikkanen Henri 0  0  0  0  0  0  0  0  0  0  0  0  0  0  0  0  0  0  0  0  0  0           205 000
100028135 Pereskokov Vadim 15  6  3  9  0  0  1  0  0  51  2  0  0  13  -12  4  0  1  0  1  6.80  102           325 000
22895620 Piitulainen Jesper 15  6  3  9  0  1  0  0  1  52  3  0  0  8  -6  4  0  0  2  0  6.87  103           275 000
25116623 Ritamaki Janne 0  0  0  0  0  0  0  0  0  0  0  0  0  0  0  0  0  0  0  0  0  0           235 000
23075106 Roine Miika 15  1  8  9  0  0  0  0  0  22  6  7  10  9  -7  0  0  0  0  0  4.33  65           290 000
31854445 Tanus Kristian 6  0  1  1  0  0  0  0  0  6  0  18  21  1  -3  0  0  1  0  0  1.17  7           210 000
23418213 Tavi Janne 15  4  4  8  0  0  0  0  1  47  3  2  5  13  -12  2  0  0  0  1  6.00  90           280 000
23702275 Vahatalo Julius 15  2  1  3  0  0  1  0  0  16  3  65  91  7  -8  4  0  0  0  0  2.33  35           220 000
JYP
ID Maalivahti O M S P V H TP TO PM NP JM OR X XX XXX LPP/O LPP Arvo
22322342 Laurikainen Eetu 10  0  1  1  6  3  1  278  16  2  4  0  1  1  4  13.70  137               350 000
27692297 Parkkinen Niko 0  0  0  0  0  0  0  0  0  0  0  0  0  0  0  0  0               230 000
23684063 Voutilainen Joona 4  0  0  0  1  2  1  105  8  0  0  0  0  1  1  8.50  34               305 000
ID Puolustaja O M S P AVM AVS VM TM JA L B ALV ALH + - JM OR X XX XXX LPP/O LPP Arvo
21295959 Aitola Olli 0  0  0  0  0  0  0  0  0  0  0  0  0  0  0  0  0  0  0  0  0  0               175 000
24182470 AllXn Roni 5  0  0  0  0  0  0  0  0  7  0  0  0  1  -2  12  0  0  0  0  0.20  1               200 000
28705727 Honka Anttoni 1  0  0  0  0  0  0  0  0  0  0  0  0  0  0  0  0  0  0  0  0.00  0               230 000
24459695 Ikonen Ossi 12  1  0  1  0  0  0  0  0  29  2  0  0  5  -5  12  0  0  0  0  2.42  29               220 000
21799484 Jokinen Jaakko 0  0  0  0  0  0  0  0  0  0  0  0  0  0  0  0  0  0  0  0  0  0               210 000
21892307 Kalteva Mikko 13  1  4  5  0  0  1  0  0  22  8  0  0  11  -5  6  0  0  1  0  6.54  85               345 000
24535632 Kuukka Mikko 14  0  1  1  0  0  0  0  0  20  5  0  0  7  -2  10  0  0  0  0  3.64  51               235 000
24715452 Lindroos Alex 0  0  0  0  0  0  0  0  0  0  0  0  0  0  0  0  0  0  0  0  0  0               195 000
24868147 Maenpaa Mikko 12  2  3  5  0  0  1  0  0  31  0  0  0  8  -11  14  0  0  0  0  6.00  72               365 000
40371409 Newton Jake 9  1  0  1  0  0  0  0  0  36  1  0  1  1  -1  4  0  0  0  0  3.78  34               310 000
23557763 Vainio Juuso 14  2  2  4  0  0  0  0  0  37  8  0  0  6  -7  4  0  0  0  0  4.71  66               275 000
27776197 Viinikainen Joonas 0  0  0  0  0  0  0  0  0  0  0  0  0  0  0  0  0  0  0  0  0  0               195 000
32645093 Viinikainen Olli-Petteri 2  0  0  0  0  0  0  0  0  1  0  0  0  0  -1  0  0  0  0  0  -0.50  -1               180 000
40371299 Yonkman Nolan 10  0  0  0  0  0  0  0  0  10  2  0  0  5  -3  32  0  0  0  0  2.10  21               215 000
ID Hyokkaaja O M S P AVM AVS VM TM JA L B ALV ALH + - JM OR X XX XXX LPP/O LPP Arvo
24415613 Hytonen Juha-Pekka 13  2  1  3  0  0  1  0  0  22  0  96  89  5  -7  10  0  0  1  1  4.08  53           280 000
24466950 Immonen Jarkko 14  2  4  6  0  0  0  0  0  52  0  133  109  6  -5  4  0  0  0  0  5.57  78           385 000
21802135 Jokinen Markus 7  1  2  3  0  0  0  0  0  11  2  0  1  6  -3  14  0  1  0  0  4.43  31           240 000
24638995 Kolehmainen Janne 14  1  1  2  0  0  1  0  0  31  8  5  16  5  -4  8  0  1  0  1  3.64  51           225 000
22260051 Lahti Miika 12  0  2  2  0  0  0  0  0  14  8  59  60  6  -4  6  0  0  1  0  3.58  43           230 000
24811398 Louhivaara Ossi 14  3  1  4  0  0  0  0  0  30  7  1  2  5  -4  2  0  1  0  0  3.71  52           235 000
24190336 Nattinen Julius 10  2  4  6  0  0  1  0  1  23  0  13  9  6  -3  0  0  1  1  0  6.30  63           360 000
24977737 Perrin Eric 14  1  5  6  0  0  0  0  0  39  1  95  77  5  -6  4  0  0  0  0  4.79  67           335 000
28967947 Ratinen Samuli 14  3  1  4  0  0  0  0  0  24  0  0  3  5  -5  0  0  1  0  0  2.93  41           215 000
33373610 Rooba Robert 14  3  3  6  0  0  1  0  0  64  2  1  0  3  -6  4  0  0  1  1  5.64  79           300 000
25130683 Rutanen Aleksi 2  0  0  0  0  0  0  0  0  1  0  0  1  0  -2  0  0  0  0  0  -1.00  -2           165 000
28948856 Straka Anton 0  0  0  0  0  0  0  0  0  0  0  0  0  0  0  0  0  0  0  0  0  0           190 000
25500873 Tamminen Henri 0  0  0  0  0  0  0  0  0  0  0  0  0  0  0  0  0  0  0  0  0  0           195 000
100034340 Tomasek David 14  1  5  6  0  0  0  0  1  61  1  15  19  7  -3  10  0  1  0  0  6.00  84           340 000
23505155 Tuppurainen Jani 14  4  3  7  0  0  1  0  0  34  0  2  3  8  -5  2  0  0  1  0  5.21  73           345 000
27647886 Turkulainen Jerry 14  0  0  0  0  0  0  0  0  18  1  0  3  3  -5  4  0  0  0  0  1.14  16           250 000
KalPa
ID Maalivahti O M S P V H TP TO PM NP JM OR X XX XXX LPP/O LPP Arvo
40385084 Godla Denis 10  0  0  0  4  3  3  213  28  0  0  0  0  1  0  4.10  41               325 000
25652271 Iilahti Jonathan 2  0  0  0  0  2  0  49  7  0  0  0  0  0  0  1.00  2               290 000
29784747 Metsavainio Elmeri 0  0  0  0  0  0  0  0  0  0  0  0  0  0  0  0  0               200 000
29515589 Rauhala Jani 0  0  0  0  0  0  0  0  0  0  0  0  0  0  0  0  0               230 000
ID Puolustaja O M S P AVM AVS VM TM JA L B ALV ALH + - JM OR X XX XXX LPP/O LPP Arvo
100040993 Fairchild Cade 12  0  2  2  0  0  0  0  0  46  1  0  0  9  -6  6  0  0  0  0  5.08  61               300 000
24324348 Grondahl Ari 12  0  1  1  0  0  0  0  0  28  3  0  0  4  -7  8  0  0  0  0  2.58  31               245 000
24725109 Lappalainen Lasse 7  0  1  1  0  0  0  0  0  12  0  0  0  3  -4  2  0  0  0  0  2.43  17               270 000
24174048 Leskinen Otto 12  1  7  8  0  0  0  0  0  51  3  1  0  9  -11  6  0  0  0  0  7.83  94               350 000
23824108 Makinen Konsta 12  1  0  1  0  0  0  0  0  15  1  0  0  4  -7  8  0  1  0  0  2.25  27               220 000
31046431 Nousiainen Kim 5  0  0  0  0  0  0  0  0  10  2  0  0  1  -2  4  0  0  0  0  2.20  11               185 000
22808510 Parikka Valtteri 0  0  0  0  0  0  0  0  0  0  0  0  0  0  0  0  0  0  0  0  0  0               215 000
30951530 Riekkinen Joona 0  0  0  0  0  0  0  0  0  0  0  0  0  0  0  0  0  0  0  0  0  0               200 000
23242492 Seppala Mikael 12  2  1  3  0  0  1  0  0  32  3  0  0  11  -11  4  0  0  0  1  5.58  67               260 000
23387739 Taipalus Lauri 0  0  0  0  0  0  0  0  0  0  0  0  0  0  0  0  0  0  0  0  0  0               230 000
29528563 Vesterinen Saku 0  0  0  0  0  0  0  0  0  0  0  0  0  0  0  0  0  0  0  0  0  0               180 000
100030506 Wilson Ryan 9  0  4  4  0  0  0  0  0  34  1  0  0  8  -11  2  0  0  0  0  5.22  47               255 000
ID Hyokkaaja O M S P AVM AVS VM TM JA L B ALV ALH + - JM OR X XX XXX LPP/O LPP Arvo
40291921 Aaltonen Leevi 0  0  0  0  0  0  0  0  0  0  0  0  0  0  0  0  0  0  0  0  0  0           185 000
25646106 Gymer Frank 11  2  1  3  0  0  0  0  0  37  0  1  4  5  -5  4  0  0  0  0  3.91  43           245 000
21700554 Hyvarinen Toni 0  0  0  0  0  0  0  0  0  0  0  0  0  0  0  0  0  0  0  0  0  0           225 000
29554508 Ikonen Joni 7  3  1  4  0  0  0  1  0  22  0  49  54  3  -6  4  0  1  0  0  5.43  38           260 000
32306811 Immonen Severi 0  0  0  0  0  0  0  0  0  0  0  0  0  0  0  0  0  0  0  0  0  0           155 000
21804861 Jokinen Tommi 11  3  1  4  3  0  1  0  0  26  1  1  3  6  -9  2  0  0  1  0  5.27  58           265 000
21817612 Junnila Jyri 8  1  0  1  0  0  1  0  0  16  1  0  0  1  -2  2  0  0  0  0  2.50  20           225 000
30010662 Juusola Mikko 0  0  0  0  0  0  0  0  0  0  0  0  0  0  0  0  0  0  0  0  0  0           180 000
28576383 Kantola Kai 0  0  0  0  0  0  0  0  0  0  0  0  0  0  0  0  0  0  0  0  0  0           320 000
27744488 Katosalmi Janne 0  0  0  0  0  0  0  0  0  0  0  0  0  0  0  0  0  0  0  0  0  0           175 000
27471447 Klemetti Aleksi 12  2  0  2  0  0  0  0  0  15  0  0  1  3  -8  0  0  0  1  0  1.83  22           220 000
28570745 Knuutinen Henri 9  0  1  1  0  0  0  0  0  6  2  6  11  1  -2  0  0  0  0  0  1.00  9           210 000
24226640 Kononen Juuso 9  0  0  0  0  0  0  0  0  8  0  0  0  0  -2  4  0  0  1  0  1.11  10           200 000
22464239 Luostarinen Eetu 12  3  5  8  0  2  1  0  0  38  2  92  86  6  -8  10  0  1  0  2  7.58  91           350 000
22750794 Nuutinen Mikko 12  1  4  5  0  0  0  0  0  39  1  1  5  6  -6  6  0  0  0  0  4.67  56           270 000
29859517 Piipponen Topi 11  0  2  2  0  0  0  0  0  16  2  0  1  3  -3  2  0  0  0  0  2.27  25           215 000
25032105 Pikkarainen Ilkka 2  1  0  1  0  0  0  0  0  7  0  1  0  0  -2  2  0  0  0  0  5.50  11           285 000
23065792 Rissanen Jaakko 12  5  6  11  0  0  0  0  0  38  2  94  89  13  -15  4  0  0  0  1  7.92  95           360 000
25663901 Ruuttu Alexander 9  3  1  4  0  0  2  0  0  34  3  21  22  10  -9  0  0  1  0  0  6.78  61           355 000
34250949 Sebok Balazs 5  0  2  2  0  0  0  0  0  6  0  13  27  2  0  0  0  0  0  0  2.00  10           240 000
100025912 Texier Alexandre 12  4  10  14  0  0  0  0  0  73  1  2  0  14  -12  4  0  2  0  1  10.92  131           380 000
23560365 Vainiola Ville-Vesa 9  0  2  2  0  1  0  0  0  7  3  57  49  3  -3  2  0  0  0  0  2.89  26           235 000
KooKoo
ID Maalivahti O M S P V H TP TO PM NP JM OR X XX XXX LPP/O LPP Arvo
28890904 Halonen Niilo 2  0  0  0  0  1  1  55  5  0  0  0  0  0  0  7.00  14               280 000
24487984 Jarvenpaa Juha 3  0  0  0  1  2  0  80  7  1  0  0  0  0  1  10.00  30               330 000
22861900 Perhonen Samu 6  0  1  1  2  3  1  124  15  1  2  0  0  1  1  7.50  45               305 000
31635062 Salminen Oskari 3  0  0  0  0  1  1  68  12  0  0  0  0  0  0  0.67  2               245 000
ID Puolustaja O M S P AVM AVS VM TM JA L B ALV ALH + - JM OR X XX XXX LPP/O LPP Arvo
29587960 Berger Martin 6  0  0  0  0  0  0  0  0  26  1  0  0  1  -4  26  0  0  0  0  1.33  8               245 000
40339220 Bonsaksen Alexander 10  0  0  0  0  0  0  0  0  17  3  1  0  4  -4  4  0  0  0  0  2.10  21               235 000
40372124 Carson Brett 7  0  0  0  0  0  0  0  0  9  1  0  0  0  -5  4  0  0  0  0  0.00  0               230 000
21433957 Forsberg Henrik 0  0  0  0  0  0  0  0  0  0  0  0  0  0  0  0  0  0  0  0  0  0               205 000
27839788 Jarvinen Ville 0  0  0  0  0  0  0  0  0  0  0  0  0  0  0  0  0  0  0  0  0  0               200 000
27841653 Keskitalo Miro 7  0  0  0  0  0  0  0  0  11  0  0  0  0  -5  4  0  0  0  0  0.14  1               225 000
100026143 Kristensen Emil 0  0  0  0  0  0  0  0  0  0  0  0  0  0  0  0  0  0  0  0  0  0               300 000
25042564 Pelli Arttu 13  1  6  7  0  0  0  0  0  40  0  0  0  10  -10  4  0  0  0  0  6.31  82               275 000
100043604 Pyett Logan 10  0  1  1  0  0  0  0  0  18  1  0  0  3  -5  4  0  0  0  0  2.10  21               230 000
30870187 Salmela Santeri 0  0  0  0  0  0  0  0  0  0  0  0  0  0  0  0  0  0  0  0  0  0               170 000
32033595 Seppala Peetro 13  1  1  2  0  0  0  0  0  24  0  0  0  2  -6  4  0  1  0  0  2.08  27               210 000
23576346 Valtola Kalle 11  0  0  0  0  0  0  0  0  23  2  0  0  1  -3  2  0  0  0  0  1.27  14               220 000
100034347 Wittchow Ed 13  2  3  5  0  0  0  0  0  40  5  0  0  13  -9  4  0  0  0  1  6.85  89               295 000
ID Hyokkaaja O M S P AVM AVS VM TM JA L B ALV ALH + - JM OR X XX XXX LPP/O LPP Arvo
24451091 Haataja Juha-Pekka 13  5  3  8  0  0  1  1  1  45  0  0  0  4  -7  8  0  0  1  2  7.08  92           345 000
21499603 Hakulinen Anrei 13  3  4  7  0  0  1  0  0  36  2  9  11  5  -7  6  0  1  0  0  5.23  68           340 000
27775017 Kanninen Henri 4  0  0  0  0  0  0  0  0  3  0  13  11  0  -1  0  0  0  0  0  0.50  2           200 000
100033523 Karlsson Erik 12  0  2  2  0  0  0  0  0  16  0  43  55  1  -7  8  0  0  0  0  1.33  16           235 000
22051338 Koivisto Kimi 10  2  2  4  0  0  0  0  0  20  2  1  1  3  -8  0  0  0  1  0  3.50  35           235 000
30417647 Korhonen Olli 3  0  0  0  0  0  0  0  0  3  1  0  0  0  -2  0  0  0  0  0  0.33  1           205 000
27843473 Koskinen Niki 0  0  0  0  0  0  0  0  0  0  0  0  0  0  0  0  0  0  0  0  0  0           175 000
24680943 Kahkonen Toni 12  4  2  6  0  0  0  0  0  39  0  1  1  9  -9  20  0  0  1  0  5.83  70           320 000
22372826 Leivo Tomi 12  0  1  1  0  0  0  0  0  26  0  0  0  2  -6  2  0  0  0  0  1.67  20           220 000
24871956 Mutanen Sami 6  0  0  0  0  0  0  0  0  7  0  0  0  0  -6  0  0  0  0  0  -0.33  -2           210 000
40172010 Oden Joonas 0  0  0  0  0  0  0  0  0  0  0  0  0  0  0  0  0  0  0  0  0  0           185 000
24962616 Ojantakanen Kasperi 11  0  3  3  0  0  0  0  0  12  0  27  30  3  -5  2  0  0  0  0  1.91  21           225 000
25057054 Pitkanen Miikka 13  3  3  6  0  0  1  0  0  46  1  81  99  8  -8  6  0  0  0  0  4.92  64           305 000
23330074 Stromberg Kim 13  3  7  10  0  0  1  0  0  44  2  94  118  8  -7  8  0  0  1  0  6.62  86           315 000
100030327 Stromwall Malte 12  1  7  8  0  0  0  0  0  80  3  0  2  7  -9  2  0  2  0  0  7.08  85           425 000
24153195 Suuronen Toni 11  2  0  2  0  0  0  0  0  34  0  0  1  4  -3  4  0  0  0  0  3.55  39           230 000
25494471 Tamminen Sami 0  0  0  0  0  0  0  0  0  0  0  0  0  0  0  0  0  0  0  0  0  0           180 000
24206929 Virtanen Mikko 12  0  0  0  0  0  0  0  0  19  2  66  101  3  -5  0  0  0  0  0  0.50  6           210 000
Karpat
ID Maalivahti O M S P V H TP TO PM NP JM OR X XX XXX LPP/O LPP Arvo
32498965 Annunen Justus 0  0  0  0  0  0  0  0  0  0  0  0  0  0  0  0  0               230 000
23109412 Rynnas Jussi 5  0  0  0  4  1  0  110  10  0  0  0  0  0  0  6.60  33               340 000
29924154 Vehvilainen Veini 9  0  0  0  6  3  0  205  14  1  2  0  0  0  2  8.67  78               365 000
ID Puolustaja O M S P AVM AVS VM TM JA L B ALV ALH + - JM OR X XX XXX LPP/O LPP Arvo
21494006 Hakanpaa Jani 14  6  4  10  0  0  1  0  0  57  2  0  0  16  -6  20  0  1  0  2  12.71  178               410 000
40428666 Heshka Shaun 14  0  8  8  0  1  0  0  0  58  1  0  1  17  -6  4  0  0  0  0  9.00  126               405 000
24353539 Huttula Joona 3  0  1  1  0  0  0  0  0  4  0  0  0  4  -1  0  0  0  0  0  6.33  19               165 000
100026177 Kivihalme Teemu 14  1  9  10  0  1  0  0  0  71  4  0  0  14  -8  8  0  0  0  0  10.14  142               370 000
30379468 Korhonen Juho 0  0  0  0  0  0  0  0  0  0  0  0  0  0  0  0  0  0  0  0  0  0               170 000
40312846 Kukkonen Lasse 13  1  3  4  0  0  0  0  0  21  7  0  0  10  -4  27  0  1  0  0  4.85  63               255 000
24825038 Makela Aleksi 12  0  0  0  0  0  0  0  0  23  2  0  0  6  -5  4  0  0  0  0  2.33  28               225 000
22679723 Niemela Mikko 11  0  0  0  0  0  0  0  0  15  1  0  0  9  -8  2  0  0  0  1  2.36  26               220 000
24959726 Ohtamaa Atte 7  4  1  5  0  0  0  0  0  29  7  0  0  12  0  6  0  0  0  1  15.57  109               425 000
29679441 Ronkainen Taneli 10  0  0  0  0  0  0  0  0  10  2  0  0  2  -4  6  0  0  0  0  1.20  12               210 000
ID Hyokkaaja O M S P AVM AVS VM TM JA L B ALV ALH + - JM OR X XX XXX LPP/O LPP Arvo
21330445 Anttila Sami 12  0  5  5  0  0  0  0  0  20  6  7  7  8  -4  2  0  0  1  0  4.50  54           215 000
29955327 Heponiemi Aleksi 7  2  3  5  0  0  2  0  0  23  0  5  11  7  -5  2  0  1  1  0  7.71  54           370 000
24406130 Hermonen Julius 0  0  0  0  0  0  0  0  0  0  0  0  0  0  0  0  0  0  0  0  0  0           160 000
21673131 Humaloja Miska 9  2  0  2  0  0  0  0  0  17  4  41  52  3  -4  2  0  0  0  0  2.78  25           220 000
24474272 Jokinen Jussi 1  0  3  3  0  1  0  0  0  1  0  0  2  3  0  0  0  0  1  0  22.00  22           485 000
21940848 Karvinen Otto 11  0  2  2  0  0  0  0  0  24  3  1  1  4  -4  12  0  0  0  0  3.73  41           225 000
40245614 Koblizek Radek 14  3  6  9  0  0  0  0  0  47  0  0  0  10  -5  4  0  1  2  0  6.71  94           270 000
28727446 Koskenkorva Jesse 0  0  0  0  0  0  0  0  0  0  0  0  0  0  0  0  0  0  0  0  0  0           190 000
40106629 Kristof Michal 14  0  10  10  0  0  0  0  0  17  1  111  104  10  -4  0  0  1  0  0  5.14  72           315 000
29551488 Kuiri Niko 0  0  0  0  0  0  0  0  0  0  0  0  0  0  0  0  0  0  0  0  0  0           170 000
31635185 Kupari Rasmus 6  2  3  5  0  0  1  0  0  12  0  38  30  5  -4  0  0  0  0  0  7.00  42           365 000
100026171 Lasu Nicklas 14  2  8  10  0  3  0  0  0  30  3  164  116  18  -5  10  0  0  2  0  9.43  132           405 000
22393300 Leskinen Ville 14  10  6  16  0  0  2  0  0  66  0  1  5  14  -6  4  0  0  1  1  10.79  151           455 000
24808136 Lindsten Jasper 13  4  7  11  3  0  1  0  0  24  1  1  0  15  -6  0  0  1  0  0  8.38  109           340 000
28489001 Metsavainio Tino 10  2  2  4  0  0  0  0  0  18  1  49  58  7  -3  0  0  1  1  0  4.40  44           210 000
23786754 Osala Oskar 12  9  3  12  0  0  1  0  0  49  3  17  11  10  -3  10  0  0  0  3  11.25  135           450 000
25013577 Pyorala Mika 14  4  1  5  0  0  1  0  0  28  4  10  14  11  -5  6  0  1  0  0  5.21  73           325 000
25589140 Sailio Jari 10  1  2  3  1  0  0  0  0  16  0  0  3  4  -3  6  0  0  0  0  3.90  39           235 000
Lukko
ID Maalivahti O M S P V H TP TO PM NP JM OR X XX XXX LPP/O LPP Arvo
27682964 Lehtinen Lassi 8  0  0  0  3  1  3  172  13  1  0  0  2  0  1  8.38  67               335 000
30031858 Nurmi Kalle 0  0  0  0  0  0  0  0  0  0  0  0  0  0  0  0  0               200 000
23249408 Setanen Oskari 8  0  0  0  3  4  0  154  17  1  0  0  0  0  1  5.13  41               330 000
23487192 Tuokkola Pekka 0  0  0  0  0  0  0  0  0  0  0  0  0  0  0  0  0               260 000
ID Puolustaja O M S P AVM AVS VM TM JA L B ALV ALH + - JM OR X XX XXX LPP/O LPP Arvo
24260583 Ahonen Rony 5  0  3  3  0  0  0  0  0  11  2  0  0  4  -2  12  0  0  0  0  6.40  32               305 000
100034133 Auk Mark 14  0  1  1  0  0  0  0  0  30  2  0  0  4  -7  2  0  0  0  0  1.86  26               230 000
32058428 Heinola Ville 0  0  0  0  0  0  0  0  0  0  0  0  0  0  0  0  0  0  0  0  0  0               245 000
100034136 Krejcik Jakub 14  2  4  6  0  0  0  0  0  48  5  0  0  5  -7  4  0  0  1  0  5.93  83               330 000
31585390 Kukkonen Miska 5  0  0  0  0  0  0  0  0  4  2  0  0  0  -1  0  0  0  0  0  0.60  3               185 000
29650046 Laitinen Vili 13  0  0  0  0  0  0  0  0  11  9  0  0  4  -5  2  0  0  0  0  1.54  20               210 000
24939759 Niskala Janne 10  0  3  3  0  0  0  0  0  21  0  0  0  2  -4  2  0  0  0  0  3.00  30               250 000
30932931 Palojarvi Antti 7  0  0  0  0  0  0  0  0  6  1  0  0  3  -2  4  0  0  0  0  2.00  14               215 000
29948541 Reunanen Tarmo 14  0  6  6  0  0  0  0  0  59  3  0  0  13  -11  4  0  0  1  0  6.79  95               335 000
25091997 Riikola Simo-Pekka 4  0  0  0  0  0  0  0  0  3  0  0  0  1  -3  2  0  0  0  0  0.25  1               205 000
24177003 Sevanen Roni 14  0  0  0  0  0  0  0  0  21  5  0  0  4  -6  18  0  0  0  0  1.43  20               235 000
27683510 Suistio Santeri 0  0  0  0  0  0  0  0  0  0  0  0  0  0  0  0  0  0  0  0  0  0               160 000
ID Hyokkaaja O M S P AVM AVS VM TM JA L B ALV ALH + - JM OR X XX XXX LPP/O LPP Arvo
100034134 Danforth Justin 14  4  7  11  0  0  0  1  1  67  3  142  106  11  -8  6  0  3  2  1  10.00  140           420 000
100035866 Defazio Brandon 14  4  6  10  0  0  0  0  0  61  1  2  1  10  -9  14  0  0  0  0  7.79  109           365 000
21440937 Friberg Jere 0  0  0  0  0  0  0  0  0  0  0  0  0  0  0  0  0  0  0  0  0  0           235 000
100033754 Ganahl Manuel 13  0  1  1  0  0  0  0  0  21  1  1  0  2  -3  6  0  0  0  0  2.08  27           220 000
24463542 Ilomaki Arttu 14  4  7  11  0  0  2  0  0  51  3  151  104  7  -4  2  0  1  2  0  8.29  116           385 000
21983012 Keranen Janne 13  5  4  9  0  0  2  0  0  46  0  0  0  5  -2  0  0  0  0  3  7.15  93           360 000
24546935 Koivisto Toni 13  5  1  6  0  0  0  0  0  21  2  0  0  7  -4  2  0  0  0  0  4.62  60           310 000
23889127 Koivistoinen Eetu 14  4  4  8  0  0  1  0  0  55  0  54  54  4  -7  4  0  0  1  0  5.64  79           265 000
22244996 Laakso Tapio 14  0  1  1  0  0  0  0  0  24  3  103  80  3  -6  8  0  0  0  0  2.64  37           230 000
22396653 Liedes Heikki 14  2  3  5  0  0  1  1  0  38  4  2  4  5  -7  2  0  1  0  0  4.29  60           245 000
30682391 Nyman Linus 8  2  0  2  0  0  0  0  0  17  3  0  0  2  -2  2  0  0  0  1  4.13  33           255 000
31903545 Petman Mikko 4  0  0  0  0  0  0  0  0  2  1  0  0  0  -3  0  0  0  0  0  -0.25  -1           190 000
31779229 Petman Ville 10  0  2  2  0  0  0  0  0  8  0  0  0  3  -6  2  0  0  0  0  1.60  16           200 000
24178578 Ruotsi Jesse 2  0  0  0  0  0  0  0  0  1  2  0  0  0  0  0  0  0  0  0  1.50  3           180 000
30687613 Saarela Antti 6  0  2  2  0  0  0  0  0  17  0  0  1  2  -1  2  0  0  0  0  3.67  22           240 000
27854909 Vidgren Aaro 14  1  0  1  0  0  0  0  0  25  1  2  2  3  -8  6  0  0  0  0  1.93  27           225 000
32294910 Ylitalo Niklas 1  0  0  0  0  0  0  0  0  1  0  0  0  0  0  0  0  0  0  0  1.00  1           170 000
Pelicans
ID Maalivahti O M S P V H TP TO PM NP JM OR X XX XXX LPP/O LPP Arvo
24158200 Olkinuora Juho 11  0  0  0  8  2  1  289  22  2  4  0  1  3  1  11.18  123               350 000
29933802 Patrikainen Jasper 0  0  0  0  0  0  0  0  0  0  0  0  0  0  0  0  0               210 000
100033756 Skarek Jakub 2  0  0  0  0  1  1  59  7  0  2  0  0  0  0  4.00  8               320 000
30136517 Suni Sami 0  0  0  0  0  0  0  0  0  0  0  0  0  0  0  0  0               250 000
ID Puolustaja O M S P AVM AVS VM TM JA L B ALV ALH + - JM OR X XX XXX LPP/O LPP Arvo
29566680 Ahola Aapo 4  0  0  0  0  0  0  0  0  2  5  0  0  1  -1  2  0  0  0  0  1.75  7               200 000
27780772 Ahonen Jesse 0  0  0  0  0  0  0  0  0  0  0  0  0  0  0  0  0  0  0  0  0  0               190 000
30136368 Ek Aleksi 3  0  0  0  0  0  0  0  0  7  0  0  0  0  -3  2  0  0  0  0  0.00  0               180 000
24430148 Hannukkala Toni 0  0  0  0  0  0  0  0  0  0  0  0  0  0  0  0  0  0  0  0  0  0               160 000
24509817 Jurgens Casimir 8  2  0  2  0  0  0  0  0  21  1  0  0  6  -3  2  0  0  0  0  5.63  45               310 000
24235673 Kaski Oliwer 13  9  10  19  0  0  1  0  0  81  3  0  0  14  -12  0  0  0  2  2  16.69  217               470 000
29933776 Kinnunen Santtu 11  1  3  4  0  0  0  0  0  25  7  0  0  12  -4  2  0  0  0  0  7.18  79               265 000
22148966 Kousa Mikko 10  0  1  1  0  0  0  0  0  43  0  0  0  8  -6  2  0  1  0  1  4.80  48               400 000
22504610 Manelius Nico 0  0  0  0  0  0  0  0  0  0  0  0  0  0  0  0  0  0  0  0  0  0               225 000
100033755 Nilsson Henrik 11  1  3  4  0  0  0  0  0  30  2  0  0  10  -5  6  0  0  0  0  6.45  71               235 000
28949855 Pynnonen Jarkko 11  1  2  3  0  0  1  0  0  15  7  0  0  7  -8  0  0  0  0  0  3.91  43               230 000
100027207 Rowley Jordan 2  1  1  2  0  0  0  0  0  6  0  0  0  3  -1  0  0  0  0  0  12.50  25               290 000
100040219 Shchemenov Alexsandr 0  0  0  0  0  0  0  0  0  0  0  0  0  0  0  0  0  0  0  0  0  0               220 000
23424825 Teppo Miihkali 11  1  3  4  0  0  0  0  0  16  3  0  0  9  -6  2  0  0  0  0  5.09  56               245 000
ID Hyokkaaja O M S P AVM AVS VM TM JA L B ALV ALH + - JM OR X XX XXX LPP/O LPP Arvo
24290689 Bjorninen Hannes 13  2  4  6  0  0  1  0  0  40  2  157  95  9  -5  27  0  1  0  1  6.46  84           335 000
21399185 Elimaki Roope 7  1  0  1  0  0  0  0  0  9  0  25  20  2  -3  0  0  0  0  0  2.29  16           210 000
27780756 Heino Lauri 0  0  0  0  0  0  0  0  0  0  0  0  0  0  0  0  0  0  0  0  0  0           165 000
29658365 Hamalainen Sakke 0  0  0  0  0  0  0  0  0  0  0  0  0  0  0  0  0  0  0  0  0  0           180 000
28777551 Jantunen Jonne 0  0  0  0  0  0  0  0  0  0  0  0  0  0  0  0  0  0  0  0  0  0           230 000
22024624 Kivela Niko 8  3  1  4  0  0  1  0  0  25  0  0  0  6  -3  0  0  0  0  0  6.13  49           245 000
22149570 Kouvalainen Pasi 0  0  0  0  0  0  0  0  0  0  0  0  0  0  0  0  0  0  0  0  0  0           220 000
27772764 Lahtinen Severi 13  2  3  5  0  0  1  0  0  21  1  0  4  9  -6  2  0  0  0  1  4.15  54           240 000
22276391 Laine Mikko 10  0  1  1  0  0  0  0  0  18  3  0  0  2  -2  0  0  0  0  0  2.10  21           205 000
22504856 Mankinen Jesse 13  1  5  6  0  0  0  0  0  36  6  0  4  9  -8  2  0  0  0  0  4.69  61           300 000
29798827 Merela Waltteri 1  0  0  0  0  0  0  0  0  0  0  0  0  0  0  0  0  0  0  0  0.00  0           195 000
22598901 Mustonen Aleksi 10  1  9  10  0  0  0  0  0  33  3  57  64  9  -8  0  0  1  0  0  7.20  72           330 000
28552909 Makitalo Roope 0  0  0  0  0  0  0  0  0  0  0  0  0  0  0  0  0  0  0  0  0  0           210 000
25630280 Saarinen Jesse 13  4  5  9  0  0  0  0  0  43  1  0  1  10  -7  6  0  0  2  1  7.38  96           360 000
23186118 Salo Niklas 0  0  0  0  0  0  0  0  0  0  0  0  0  0  0  0  0  0  0  0  0  0           190 000
27355408 Siikonen Miska 12  3  4  7  0  0  0  0  0  33  2  84  86  6  -5  2  0  0  1  0  5.50  66           305 000
27847136 Toivola Artturi 13  2  2  4  0  0  0  0  0  28  1  64  77  8  -6  8  0  0  0  1  4.23  55           225 000
23521841 Tyrvainen Antti 13  4  4  8  0  0  2  0  0  37  4  4  5  8  -8  6  0  1  0  1  6.77  88           285 000
25443752 Vartiainen Taavi 13  3  0  3  0  0  1  0  0  28  7  2  6  8  -6  39  0  1  0  0  3.23  42           220 000
29937154 Ylonen Jesse 9  1  3  4  0  0  0  0  0  20  4  0  2  7  -7  0  0  1  0  0  4.44  40           250 000
100033757 Zohorna Hynek 13  2  11  13  0  0  1  0  0  31  2  5  2  11  -6  2  0  0  1  0  7.69  100           375 000
SaiPa
ID Maalivahti O M S P V H TP TO PM NP JM OR X XX XXX LPP/O LPP Arvo
28628202 Kaarlehto Karolus 0  0  0  0  0  0  0  0  0  0  0  0  0  0  0  0  0               240 000
23486067 Tuohimaa Frans 11  0  0  0  2  6  3  264  31  0  0  0  3  1  1  4.27  47               325 000
27843800 Westerholm Niclas 4  0  0  0  2  1  1  102  6  0  0  0  0  1  0  8.25  33               290 000
ID Puolustaja O M S P AVM AVS VM TM JA L B ALV ALH + - JM OR X XX XXX LPP/O LPP Arvo
24270214 Autio Erik 12  1  3  4  0  0  0  0  0  22  4  0  0  8  -7  6  0  0  1  0  5.08  61               275 000
100032656 Denisov Vladimir 13  0  1  1  0  0  0  0  0  18  3  0  0  6  -11  45  0  0  0  0  1.08  14               230 000
100039663 Kichton Brenden Fredrick 12  3  6  9  0  0  0  0  0  53  7  0  0  10  -13  8  0  0  0  0  9.25  111               395 000
22064150 Kojo Markus 13  0  1  1  0  0  0  0  0  9  3  0  0  4  -6  10  0  0  0  0  1.85  24               215 000
22487436 Maalahti Kalle 15  2  6  8  0  0  0  0  0  53  5  0  0  13  -12  10  0  1  1  0  7.67  115               330 000
28891819 Salo Robin 13  0  3  3  0  0  0  0  0  51  7  0  0  4  -7  8  0  0  0  0  4.31  56               250 000
25543115 Sneck Jere 14  0  1  1  0  0  0  0  0  18  0  0  0  6  -8  4  0  0  0  0  1.71  24               225 000
30033458 Torikka Kasperi 5  0  0  0  0  0  0  0  0  2  0  0  0  0  0  0  0  0  0  0  0.20  1               195 000
28842826 Vainio Veeti 0  0  0  0  0  0  0  0  0  0  0  0  0  0  0  0  0  0  0  0  0  0               200 000
ID Hyokkaaja O M S P AVM AVS VM TM JA L B ALV ALH + - JM OR X XX XXX LPP/O LPP Arvo
100025916 Goodwin David 15  3  3  6  0  0  1  0  0  40  1  3  0  7  -9  0  0  0  0  1  4.47  67           275 000
30013834 Haaparanta Mikko 3  0  0  0  0  0  0  0  0  5  0  0  0  1  0  0  0  0  0  0  1.67  5           185 000
27776919 Iso-Mustajarvi Tomi 15  2  2  4  0  0  0  0  1  24  3  31  33  6  -5  2  0  0  0  1  3.40  51           240 000
21878800 Kaksonen Elmeri 8  3  1  4  0  0  0  1  0  24  1  1  3  1  -6  0  0  1  0  1  4.50  36           265 000
24666721 Koho Ville 11  0  3  3  0  0  0  0  0  13  5  49  62  3  -9  2  0  1  0  0  1.82  20           220 000
100027950 Kunyk Cody 15  6  1  7  0  0  1  0  0  58  3  139  144  9  -15  4  0  1  1  1  5.73  86           335 000
27777125 Kuronen Mikael 15  1  3  4  0  0  0  0  0  19  1  2  4  7  -6  10  0  0  0  0  3.27  49           230 000
22341860 Lehtinen Oskari 11  1  1  2  0  0  0  0  0  9  0  9  5  4  0  2  0  0  0  0  2.64  29           215 000
29018345 Luusuaniemi Aatu 0  0  0  0  0  0  0  0  0  0  0  0  0  0  0  0  0  0  0  0  0  0           190 000
22483058 Lofman Anssi 0  0  0  0  0  0  0  0  0  0  0  0  0  0  0  0  0  0  0  0  0  0           235 000
40174442 Maia Bastien 0  0  0  0  0  0  0  0  0  0  0  0  0  0  0  0  0  0  0  0  0  0           200 000
100033593 Morley Tyler 14  5  5  10  0  0  1  1  0  48  1  31  21  12  -9  4  0  0  0  1  7.79  109           365 000
32780178 Mantykivi Matias 2  0  0  0  0  0  0  0  0  0  0  0  0  0  0  0  0  0  0  0  0.00  0           205 000
22710462 Nikko Joni 12  2  3  5  0  0  0  0  0  19  3  0  0  7  -8  2  0  0  0  0  3.75  45           270 000
22770952 Nattinen Topi 10  0  1  1  0  0  0  0  0  37  2  8  8  2  -13  2  0  0  0  0  2.00  20           260 000
23770029 Oksanen Ahti 12  1  4  5  0  0  3  0  0  44  3  1  1  4  -6  8  0  0  0  0  5.50  66           320 000
29936595 Oksanen Emil 5  0  1  1  0  0  0  0  0  11  0  0  0  0  -2  2  0  0  0  0  2.20  11           250 000
100026800 Radke Roy 0  0  0  0  0  0  0  0  0  0  0  0  0  0  0  0  0  0  0  0  0  0           285 000
23137280 Saari Micke 15  2  5  7  0  0  0  0  0  33  0  95  105  7  -5  4  0  0  0  0  3.93  59           245 000
25458802 Tanus Jonatan 12  2  2  4  0  0  0  0  0  30  0  3  8  3  -8  2  0  0  0  0  2.92  35           240 000
23555503 Vainikainen Ville 4  1  2  3  0  0  0  0  0  5  2  0  0  3  0  0  0  0  1  0  7.00  28           210 000
30356928 Virtanen Santeri 7  0  1  1  0  0  0  0  0  9  1  33  37  2  -3  0  0  0  0  0  1.57  11           225 000
Sport
ID Maalivahti O M S P V H TP TO PM NP JM OR X XX XXX LPP/O LPP Arvo
21296411 Aittokallio Sami 7  0  1  1  0  4  2  197  27  0  0  0  2  0  0  4.86  34               310 000
21851801 Jarvinen Mika 10  0  1  1  3  4  2  272  28  1  0  0  2  2  1  8.90  89               325 000
34379697 Molder Conrad 0  0  0  0  0  0  0  0  0  0  0  0  0  0  0  0  0               210 000
ID Puolustaja O M S P AVM AVS VM TM JA L B ALV ALH + - JM OR X XX XXX LPP/O LPP Arvo
22510552 Manninen Oskari 7  0  0  0  0  0  0  0  0  12  1  0  0  3  -5  6  0  0  0  0  2.00  14               235 000
22675468 Nevalainen Niklas 13  1  6  7  0  0  0  0  0  21  1  0  0  11  -7  6  0  0  0  0  6.46  84               280 000
22684873 Niemi Jyri 7  0  1  1  0  0  0  0  0  8  5  0  0  6  -8  16  0  0  0  0  2.71  19               265 000
29788507 Pennanen Toivo 7  0  0  0  0  0  0  0  0  9  0  0  0  4  -7  0  0  0  0  0  0.57  4               175 000
100039487 Robak Colby 5  0  0  0  0  0  0  0  0  11  1  0  0  0  -7  27  0  0  0  0  -2.40  -12               250 000
23217870 Saukko Ville 11  0  0  0  0  0  0  0  0  15  0  0  0  4  -9  10  0  0  0  0  1.27  14               200 000
24223973 Sund Tony 15  3  9  12  0  0  0  0  0  54  2  0  0  17  -14  10  0  1  0  1  9.93  149               365 000
23470251 Tommila Juho 6  1  0  1  0  0  0  0  0  5  1  0  0  6  -5  2  0  0  2  0  4.67  28               245 000
23561924 Vainonen Mikko 0  0  0  0  0  0  0  0  0  0  0  0  0  0  0  0  0  0  0  0  0  0               195 000
25334515 Viljanen Valtteri 15  1  5  6  0  0  0  0  0  35  2  0  0  10  -12  24  0  1  0  0  5.20  78               260 000
23620535 Westermarck Victor 15  0  1  1  0  0  0  0  0  33  1  0  0  7  -10  10  0  0  0  0  2.67  40               230 000
23805761 Ylitalo Eemeli 1  0  0  0  0  0  0  0  0  1  0  0  0  0  0  0  0  0  0  0  1.00  1               170 000
ID Hyokkaaja O M S P AVM AVS VM TM JA L B ALV ALH + - JM OR X XX XXX LPP/O LPP Arvo
21292664 Ainali Aleksi 15  4  7  11  0  0  0  0  1  51  0  82  83  11  -7  8  0  0  0  0  6.93  104           320 000
34399525 Arrak Robert 0  0  0  0  0  0  0  0  0  0  0  0  0  0  0  0  0  0  0  0  0  0           190 000
40313185 Claireaux Valentin 8  0  0  0  0  0  0  0  0  8  0  17  23  0  -5  10  0  0  0  0  1.00  8           205 000
30936623 Haarala Santeri 6  0  4  4  0  0  0  0  0  13  0  2  0  4  -3  2  0  0  0  0  5.50  33           230 000
24641005 Kalapudas Antti 15  3  13  16  0  0  1  1  0  42  0  74  85  15  -9  2  0  0  1  0  8.07  121           330 000
21881428 Kallela Toni 14  2  7  9  0  0  1  0  0  35  0  0  0  9  -6  0  0  0  0  0  5.21  73           300 000
27407152 Kiviranta Joel 12  4  4  8  0  0  0  0  0  47  0  2  3  8  -7  2  0  1  0  0  6.42  77           325 000
22237482 Korkko Tomi 15  1  1  2  0  0  0  0  0  23  0  0  0  3  -9  0  0  0  0  0  1.47  22           225 000
27657957 Lehtimaki Miro 0  0  0  0  0  0  0  0  0  0  0  0  0  0  0  0  0  0  0  0  0  0           215 000
24230814 Paukku Jesse 14  2  5  7  0  0  0  0  0  17  3  3  4  9  -12  4  0  0  0  1  4.21  59           235 000
100034105 Rapuzzi William 15  6  2  8  0  0  0  0  0  42  1  15  7  9  -15  2  0  0  1  1  5.53  83           260 000
23064609 Riska Erik 15  1  0  1  0  0  0  0  0  13  4  43  60  5  -13  4  0  0  0  0  0.87  13           220 000
100034478 Sutter Brody 15  3  2  5  0  0  0  0  0  36  2  108  98  8  -15  4  0  0  0  0  3.80  57           250 000
25454518 Talaja Roope 15  4  2  6  0  0  1  1  0  51  5  2  1  9  -11  6  0  2  0  0  5.60  84           335 000
28506900 Tikka Tommi 11  4  3  7  0  0  0  0  1  27  3  108  100  5  -4  6  0  0  0  1  6.91  76           295 000
23597163 Vauhkonen Olavi 15  6  6  12  0  0  0  0  0  59  0  15  17  12  -9  0  0  0  2  0  7.53  113           350 000
100034236 Willman Borvik Gustav 0  0  0  0  0  0  0  0  0  0  0  0  0  0  0  0  0  0  0  0  0  0           200 000
Tappara
ID Maalivahti O M S P V H TP TO PM NP JM OR X XX XXX LPP/O LPP Arvo
24288659 Backstrom Niklas 3  0  0  0  2  0  0  64  1  1  0  0  0  1  0  13.33  40               310 000
21589720 Heljanko Christian 13  0  0  0  7  4  2  291  39  1  2  0  0  4  0  5.85  76               345 000
30582802 Rautiainen Kimmo 0  0  0  0  0  0  0  0  0  0  0  0  0  0  0  0  0               230 000
ID Puolustaja O M S P AVM AVS VM TM JA L B ALV ALH + - JM OR X XX XXX LPP/O LPP Arvo
40371281 Blood Ben 15  2  7  9  0  0  0  0  0  59  0  0  0  19  -10  24  0  2  0  1  9.67  145               350 000
21403877 Elorinne Aleksi 13  1  1  2  0  0  1  0  0  36  8  0  0  5  -5  31  0  0  0  0  3.54  46               250 000
100027024 Falth Elias 9  0  0  0  0  0  0  0  0  17  0  0  0  4  -4  2  0  0  0  0  1.78  16               220 000
21974869 Kemilainen Valtteri 14  1  9  10  0  0  0  0  0  59  2  0  0  13  -7  31  0  0  1  0  8.86  124               385 000
24884833 Mantyla Tuukka 12  1  1  2  0  0  0  0  0  15  1  0  0  6  -8  4  0  0  0  0  2.67  32               240 000
23000702 Rantakari Otso 14  0  7  7  0  0  0  0  0  74  3  0  0  15  -15  8  0  0  0  0  7.71  108               395 000
28273262 Rautanen Juho 6  0  0  0  0  0  0  0  0  6  0  0  0  3  -3  0  0  0  0  0  1.33  8               210 000
30738423 Utunen Toni 9  1  1  2  0  0  0  0  0  16  1  0  0  3  -2  2  0  0  0  0  3.56  32               225 000
23680559 Vittasmaki Veli-Matti 9  0  0  0  0  0  0  0  0  16  0  0  1  6  -7  0  0  0  0  0  1.44  13               230 000
32604513 Wehmas Jeremi 1  0  0  0  0  0  0  0  0  2  0  0  0  0  0  0  0  0  0  0  1.00  1               190 000
ID Hyokkaaja O M S P AVM AVS VM TM JA L B ALV ALH + - JM OR X XX XXX LPP/O LPP Arvo
21411429 Erkinjuntti Antti 15  3  8  11  0  0  0  0  0  41  4  1  2  12  -10  2  0  0  0  0  6.20  93           330 000
21785090 Jasu Juhani 15  4  2  6  0  0  0  0  0  21  4  139  127  3  -9  2  0  0  0  0  3.53  53           255 000
21848539 Jarvinen Jan-Mikael 15  7  6  13  0  0  2  0  0  29  0  72  58  12  -14  2  0  2  0  2  7.60  114           365 000
21851458 Jarvinen Matti 14  3  8  11  0  0  0  0  0  30  0  96  101  13  -9  31  0  0  0  0  5.93  83           315 000
21924709 Karjalainen Jere 0  0  0  0  0  0  0  0  0  0  0  0  0  0  0  0  0  0  0  0  0  0           320 000
24622477 Kuusela Kristian 15  5  12  17  0  0  0  0  0  44  5  1  1  14  -13  4  0  1  1  2  9.07  136           435 000
22357760 Lehtonen Matias 11  1  1  2  0  0  1  0  0  14  0  0  0  3  -3  2  0  0  0  0  2.45  27           215 000
27746619 Levtchi Anton 15  1  8  9  0  0  0  0  0  29  2  0  5  11  -6  2  0  0  0  0  4.80  72           260 000
28745305 Luoto Joona 15  4  3  7  0  0  1  0  0  43  4  0  0  10  -6  2  0  0  0  2  5.87  88           290 000
22497989 Malinen Jarkko 8  1  1  2  0  0  0  0  0  13  2  66  59  6  -4  0  0  1  0  0  3.88  31           310 000
29846355 Moilanen Sami 7  1  1  2  0  0  0  0  0  4  2  0  3  3  -3  0  0  0  0  0  2.14  15           210 000
24064653 Makinen Otto 0  0  0  0  0  0  0  0  0  0  0  0  0  0  0  0  0  0  0  0  0  0           170 000
23764585 Ojamaki Niko 15  10  2  12  0  0  3  1  0  84  3  1  0  13  -9  4  0  1  0  1  10.07  151           390 000
23777132 Ollikainen Anton 6  0  0  0  0  0  0  0  0  6  0  0  1  1  0  0  0  0  0  0  0.83  5           190 000
40102012 Puistola Patrik 7  0  0  0  0  0  0  0  0  4  2  0  0  0  -2  0  0  0  0  0  0.43  3           195 000
25113804 Rauhala Otto 15  3  0  3  0  0  1  0  0  24  3  84  69  9  -5  2  0  1  1  0  3.93  59           235 000
31574013 Simontaival Kasper 0  0  0  0  0  0  0  0  0  0  0  0  0  0  0  0  0  0  0  0  0  0           200 000
29942233 Vanhatalo Lassi 1  0  0  0  0  0  0  0  0  3  0  1  0  0  0  0  0  0  0  0  3.00  3           180 000
40315414 Zaborsky Tomas 5  1  1  2  0  0  0  0  0  10  0  0  0  3  -1  4  0  0  0  0  5.20  26           350 000
TPS
ID Maalivahti O M S P V H TP TO PM NP JM OR X XX XXX LPP/O LPP Arvo
29948198 Anttila Eetu 0  0  0  0  0  0  0  0  0  0  0  0  0  0  0  0  0               220 000
100035404 Haukeland Henrik 6  0  0  0  2  4  0  135  18  0  0  0  0  0  1  3.33  20               315 000
23032013 Rautiola Antti 0  0  0  0  0  0  0  0  0  0  0  0  0  0  0  0  0               210 000
23451584 Tirronen Rasmus 7  0  0  0  3  1  3  165  15  0  10  0  1  0  2  6.71  47               340 000
ID Puolustaja O M S P AVM AVS VM TM JA L B ALV ALH + - JM OR X XX XXX LPP/O LPP Arvo
100026486 Ekestahl Jonsson Lucas 13  1  7  8  0  0  0  0  0  53  4  0  0  11  -11  20  0  0  0  1  7.92  103               360 000
23806498 Eronen Elmeri 13  1  2  3  0  0  0  0  0  32  5  0  0  4  -11  0  0  0  1  0  2.77  36               240 000
24318448 Forsstrom Jani 13  0  0  0  0  0  0  0  0  18  4  0  0  3  -5  8  0  0  0  0  1.85  24               225 000
24381077 Heikkinen Ilkka 13  2  7  9  0  0  0  0  0  62  2  0  0  4  -5  43  0  0  0  0  7.15  93               380 000
29606838 Isiguzo Bernard 0  0  0  0  0  0  0  0  0  0  0  0  0  0  0  0  0  0  0  0  0  0               200 000
31765398 Kaskinen Olli 10  0  0  0  0  0  0  0  0  20  1  0  0  4  -6  2  0  0  0  0  1.50  15               215 000
28879967 Koski Kevin 2  0  0  0  0  0  0  0  0  1  0  0  0  0  0  0  0  0  0  0  0.50  1               175 000
22452814 Lukka Santeri 9  0  3  3  0  0  0  0  0  17  2  0  0  8  -6  18  0  0  0  0  5.22  47               325 000
100029133 Piskula Joseph 11  0  3  3  0  0  0  0  0  36  7  0  0  10  -6  4  0  0  0  0  6.00  66               290 000
29620597 Pylkkanen Eetu 0  0  0  0  0  0  0  0  0  0  0  0  0  0  0  0  0  0  0  0  0  0               170 000
24190598 Salonen Aleksi 13  1  5  6  0  0  0  0  0  47  6  0  0  10  -10  4  0  0  1  0  6.62  86               315 000
ID Hyokkaaja O M S P AVM AVS VM TM JA L B ALV ALH + - JM OR X XX XXX LPP/O LPP Arvo
40354092 Bjorkstrand Patrick 13  3  1  4  0  0  0  0  0  37  4  45  70  5  -5  4  0  0  0  0  3.77  49           270 000
40435937 Budish Zach 13  2  2  4  0  0  0  0  0  30  3  29  22  7  -7  18  0  0  0  0  3.92  51           340 000
24315179 Filppula Ilari 5  2  2  4  0  0  0  0  0  13  1  19  21  3  -5  0  0  0  0  0  5.40  27           395 000
40005898 Kakko Kaapo 4  3  0  3  0  0  0  0  0  21  0  18  18  1  -1  2  0  1  0  1  8.75  35           390 000
29805082 Karvonen Elias 4  0  0  0  0  0  0  0  0  12  3  29  24  1  -4  0  0  0  0  0  1.75  7           210 000
24674991 Korpikoski Lauri 0  0  0  0  0  0  0  0  0  0  0  0  0  0  0  0  0  0  0  0  0  0           360 000
23837263 Kuru Hannu 12  1  3  4  0  0  1  0  0  16  2  27  19  4  -6  0  0  0  0  0  3.50  42           235 000
30041411 Nevasaari Arttu 0  0  0  0  0  0  0  0  0  0  0  0  0  0  0  0  0  0  0  0  0  0           165 000
24916798 Nieminen Otto 8  5  3  8  0  0  2  0  0  27  1  1  0  7  -3  2  0  0  0  1  9.88  79           285 000
29991637 Nurmi Markus 13  0  1  1  0  0  0  0  0  26  0  0  0  2  -6  4  0  1  0  0  1.77  23           230 000
40005897 Pajuniemi Lauri 11  2  4  6  0  0  1  1  0  43  0  0  1  6  -7  2  0  2  0  1  6.00  66           260 000
27900714 Palmu Petrus 13  3  6  9  0  0  0  0  0  60  3  12  6  9  -7  6  0  1  0  0  7.85  102           370 000
22805092 Palve Oula 13  4  7  11  0  0  1  0  1  68  0  125  107  10  -9  10  0  1  1  2  9.92  129           450 000
34601569 Parssinen Juuso 4  1  0  1  0  0  0  0  0  6  0  8  15  1  0  0  0  0  0  0  2.50  10           185 000
27889767 Savolainen Joonas 4  1  0  1  0  0  0  0  0  5  0  0  0  1  -1  0  0  0  0  0  2.75  11           190 000
25652103 Siiki Oskari 13  0  2  2  0  0  0  0  0  18  1  0  0  3  -4  29  0  0  0  0  1.46  19           220 000
25651492 Suoranta Simon 0  0  0  0  0  0  0  0  0  0  0  0  0  0  0  0  0  0  0  0  0  0           355 000
23669075 Virtanen Jonne 13  2  0  2  0  0  0  0  0  11  2  65  70  4  -7  16  0  0  0  0  1.62  21           215 000
29837610 Vayrynen Teemu 13  0  1  1  0  0  0  0  0  27  2  3  10  3  -7  12  0  0  0  0  1.08  14           225 000
Assat
ID Maalivahti O M S P V H TP TO PM NP JM OR X XX XXX LPP/O LPP Arvo
34282069 Bernard Andreas 8  0  0  0  1  4  1  174  17  0  0  0  1  1  1  4.50  36               320 000
25655472 Kiviaho Henri 7  0  0  0  1  3  2  157  19  0  0  0  0  1  0  4.00  28               300 000
28976721 Kotkaniemi Kasperi 2  0  0  0  0  2  0  61  4  0  0  0  0  1  0  6.50  13               240 000
22333713 Lehti Niklas 0  0  0  0  0  0  0  0  0  0  0  0  0  0  0  0  0               200 000
ID Puolustaja O M S P AVM AVS VM TM JA L B ALV ALH + - JM OR X XX XXX LPP/O LPP Arvo
31848134 Ketola Juuso 0  0  0  0  0  0  0  0  0  0  0  0  0  0  0  0  0  0  0  0  0  0               180 000
24820363 Marttinen Jyri 14  0  4  4  0  0  0  0  0  49  11  1  0  5  -7  10  0  0  1  0  5.14  72               325 000
29782985 Peltomaki Niklas 14  0  3  3  0  0  0  0  0  23  10  0  0  3  -12  10  0  0  0  0  2.50  35               225 000
23167645 Salmela Saku 14  0  2  2  0  0  0  0  0  13  4  0  0  7  -5  4  0  0  0  0  2.79  39               235 000
23241406 Seppala Jere 13  2  0  2  0  0  1  0  0  9  2  0  0  5  -2  4  0  0  0  0  3.38  44               260 000
23384884 Taimi Tommi 11  0  2  2  0  0  0  0  0  42  6  0  0  4  -10  25  0  0  0  0  2.18  24               300 000
23485961 Tuohilampi Kristian 13  0  0  0  0  0  0  0  0  18  4  0  0  2  -12  20  0  0  0  0  0.23  3               210 000
24177621 Varttinen Aleksi 14  0  1  1  0  0  0  0  0  29  3  0  0  4  -7  10  0  0  0  0  2.43  34               240 000
28504481 Vuorisalo Teemu 0  0  0  0  0  0  0  0  0  0  0  0  0  0  0  0  0  0  0  0  0  0               200 000
ID Hyokkaaja O M S P AVM AVS VM TM JA L B ALV ALH + - JM OR X XX XXX LPP/O LPP Arvo
24271404 Appelgren Niklas 5  1  1  2  0  0  0  0  0  11  1  11  27  4  -4  0  0  1  0  0  3.00  15           215 000
21667257 Huhtanen Tuomas 14  2  1  3  0  0  0  0  0  24  5  0  1  4  -8  6  0  0  0  1  3.21  45           235 000
27852901 Juhola Jouka 13  0  0  0  0  0  0  0  0  21  1  1  2  1  -5  4  0  0  0  0  1.15  15           225 000
21829260 Juusela Aki 2  1  0  1  0  0  0  0  0  5  0  0  0  1  0  0  0  0  0  0  5.50  11           195 000
30561454 Killinen Lenni 3  0  0  0  0  0  0  0  0  11  0  0  0  0  -2  0  0  0  0  0  1.33  4           225 000
31165561 Kivenmaki Otto 5  0  1  1  0  0  0  0  0  11  3  2  4  1  -2  0  0  0  0  0  2.20  11           220 000
31639314 Kulmala Lauri 14  1  0  1  0  0  1  0  0  23  0  4  9  3  -10  2  0  0  0  1  1.50  21           205 000
24771797 Laakso Tommi 0  0  0  0  0  0  0  0  0  0  0  0  0  0  0  0  0  0  0  0  0  0           165 000
24719953 Lamberg Matti 0  0  0  0  0  0  0  0  0  0  0  0  0  0  0  0  0  0  0  0  0  0           190 000
22479185 Lahteenmaki Sami 0  0  0  0  0  0  0  0  0  0  0  0  0  0  0  0  0  0  0  0  0  0           320 000
24881755 Makkonen Jussi 14  2  0  2  0  0  1  0  0  26  4  111  116  5  -7  6  0  1  1  0  3.07  43           255 000
23039812 Rekonen Aleksi 12  1  4  5  0  0  0  0  0  36  4  15  20  5  -5  6  0  0  0  0  4.67  56           265 000
23155013 Saha Mikael 14  1  1  2  0  0  0  0  0  18  5  7  16  4  -5  14  0  1  0  0  1.86  26           215 000
23181087 Salmio Mikko 11  4  2  6  1  0  0  0  0  16  7  1  3  6  -5  4  0  0  1  1  6.18  68           275 000
29452024 Sammalisto Jerry 10  2  1  3  0  0  1  1  0  16  0  25  35  4  -3  0  0  1  0  1  3.50  35           200 000
23264399 Sillanpaa Severi 14  0  2  2  0  0  0  0  0  31  5  90  118  2  -10  2  0  0  0  0  1.50  21           210 000
23441604 Tiivola Peter 14  0  4  4  0  0  0  0  0  25  2  111  117  2  -11  10  0  0  0  0  2.57  36           270 000
24177618 Varttinen Matias 8  2  3  5  0  0  0  1  0  17  3  0  0  5  -5  0  0  0  0  0  5.38  43           250 000
