HIFK
ID Maalivahti O M S P V H TP TO PM NP JM OR X XX XXX LPP/O LPP Arvo
21406421 Engren Atte 9  0  0  0  5  1  3  204  27  1  0  0  0  1  2  7.00  63               355 000
29857823 Ruusu Markus 4  0  0  0  0  3  1  84  13  0  0  0  0  1  0  1.00  4               305 000
31915960 Taponen Roope 0  0  0  0  0  0  0  0  0  0  0  0  0  0  0  0  0               240 000
ID Puolustaja O M S P AVM AVS VM TM JA L B ALV ALH + - JM OR X XX XXX LPP/O LPP Arvo
21415137 Eronen Teemu 13  4  9  13  1  0  0  0  0  45  4  0  0  12  -10  4  0  0  1  0  11.15  145               420 000
40431556 Finley Joe 9  0  0  0  0  0  0  0  0  12  2  0  0  3  -3  24  0  0  0  0  2.33  21               215 000
24555256 Kankaanpera Markus 9  0  2  2  0  0  0  0  0  8  3  0  0  6  -12  0  0  0  0  0  1.56  14               220 000
22240990 Laakso Aleksi 5  1  0  1  0  0  0  0  0  10  1  0  0  4  -3  2  0  1  0  0  5.00  25               275 000
100025878 Motin Johan 13  0  1  1  0  0  0  0  0  37  0  0  0  11  -9  4  0  0  0  0  3.62  47               255 000
40310918 O'connor Ryan 12  0  4  4  0  0  0  0  0  41  1  0  0  8  -10  2  0  0  0  0  4.67  56               335 000
100036313 Quincey Kyle 13  1  2  3  0  0  0  0  0  48  8  0  0  7  -13  16  0  0  0  0  3.92  51               315 000
29022140 Seppala Niko 0  0  0  0  0  0  0  0  0  0  0  0  0  0  0  0  0  0  0  0  0  0               150 000
30692420 Ulander Elias 10  0  0  0  0  0  0  0  0  10  0  0  0  0  -2  6  0  0  0  0  0.80  8               195 000
25357521 Varakas Ville 13  1  4  5  0  0  0  0  0  22  7  0  0  12  -10  12  0  1  0  1  5.38  70               285 000
30482177 Winberg Tobias 0  0  0  0  0  0  0  0  0  0  0  0  0  0  0  0  0  0  0  0  0  0               185 000
ID Hyokkaaja O M S P AVM AVS VM TM JA L B ALV ALH + - JM OR X XX XXX LPP/O LPP Arvo
28019536 And Terry 0  0  0  0  0  0  0  0  0  0  0  0  0  0  0  0  0  0  0  0  0  0           180 000
29695519 Engberg Teemu 11  0  1  1  0  0  0  0  0  13  1  0  0  2  -3  2  0  0  0  0  1.64  18           215 000
30345845 Jaaska Juha 11  1  4  5  0  0  0  0  0  16  0  14  39  8  -6  4  0  0  1  0  3.64  40           245 000
24650025 Kangasniemi Iikka 13  10  7  17  0  0  1  2  0  29  0  0  0  14  -14  4  0  1  2  2  10.77  140           465 000
24555418 Keranen Juho 0  0  0  0  0  0  0  0  0  0  0  0  0  0  0  0  0  0  0  0  0  0           240 000
22049667 Koivisto Henrik 4  0  0  0  0  0  0  0  0  1  0  20  17  2  -2  0  0  0  0  0  1.00  4           230 000
100042415 Koules Miles 10  2  0  2  0  0  1  0  0  18  1  3  2  2  -7  2  0  0  1  0  2.80  28           285 000
31639314 Kulmala Lauri 2  0  0  0  0  0  0  0  0  4  0  1  3  0  -1  0  0  0  0  0  -0.50  -1           185 000
31261902 Lundell Anton 9  1  4  5  0  0  0  0  0  30  1  22  18  6  -6  2  0  1  0  1  6.00  54           260 000
29615777 Nordgren Niklas 5  0  0  0  0  0  0  0  0  9  2  0  1  0  -4  0  0  0  1  0  0.80  4           275 000
22756329 Nykopp Thomas 11  0  1  1  0  1  0  0  0  14  4  66  61  2  -7  18  0  0  0  0  1.82  20           210 000
25012824 Petrell Lennart 13  1  0  1  0  0  0  0  0  37  3  1  3  3  -10  0  0  0  0  0  1.69  22           250 000
22906739 Pitkanen Ilmari 13  1  1  2  0  0  0  0  0  27  2  5  4  4  -7  2  0  0  0  0  2.38  31           225 000
23017821 Rask Joonas 13  5  3  8  0  0  2  0  0  42  2  3  2  10  -8  4  0  1  1  0  7.08  92           360 000
25622735 Santala Tommi 13  2  9  11  0  0  1  0  0  27  3  115  91  12  -8  10  0  0  0  0  7.77  101           350 000
23394612 Tallberg Teemu 1  0  1  1  0  0  0  0  0  2  0  2  1  1  -2  0  0  0  0  0  6.00  6           265 000
40431403 Thorell Erik 10  5  7  12  0  0  0  0  0  35  0  0  4  14  -9  0  0  0  1  0  9.60  96           430 000
23521977 Tyrvainen Juhani 13  5  5  10  0  0  0  0  1  42  0  137  139  13  -13  8  0  0  0  1  7.77  101           370 000
23793763 Asten Micke-Max 3  0  0  0  0  0  0  0  0  3  2  1  1  1  0  2  0  0  0  0  2.67  8           220 000
HPK
ID Maalivahti O M S P V H TP TO PM NP JM OR X XX XXX LPP/O LPP Arvo
30798997 Aalto Tuomas 0  0  0  0  0  0  0  0  0  0  0  0  0  0  0  0  0               220 000
28944258 Karjalainen Antti 4  0  0  0  1  2  0  96  12  0  0  0  1  0  0  3.75  15               310 000
27828252 Larmi Emil 11  0  0  0  4  4  3  203  20  3  4  0  0  2  2  7.64  84               365 000
ID Puolustaja O M S P AVM AVS VM TM JA L B ALV ALH + - JM OR X XX XXX LPP/O LPP Arvo
29780877 Almari Niclas 14  0  2  2  0  0  0  0  0  29  6  0  0  8  -7  2  0  0  0  0  3.29  46               225 000
100036798 Brejcak Jan 13  0  2  2  0  0  0  0  0  28  2  0  0  7  -9  6  0  0  0  0  3.08  40               230 000
23837234 Friman Niklas 12  1  2  3  0  0  0  0  0  48  4  0  0  10  -6  4  0  0  1  0  6.25  75               295 000
21926286 Karjalainen Miro 13  3  1  4  1  0  0  0  0  33  3  0  0  5  -8  22  0  0  0  1  5.23  68               240 000
24786410 Laatikainen Arto 9  0  3  3  0  0  0  0  0  21  5  0  0  4  -6  2  0  0  0  0  3.89  35               255 000
28942315 Laavainen Roope 8  0  1  1  0  0  0  0  0  12  1  0  0  4  -7  4  0  0  0  0  2.00  16               215 000
30644067 Latvala Otto 3  0  0  0  0  0  0  0  0  15  0  0  0  2  -2  2  0  0  0  0  4.00  12               205 000
100025980 Lindgren Jesper 4  0  2  2  0  0  0  0  0  10  1  0  0  1  -1  0  0  0  0  0  5.00  20               280 000
31209498 Niemelainen Markus 9  0  2  2  0  0  0  0  0  10  1  0  0  3  -1  2  0  0  0  0  3.11  28               220 000
22709389 Nikkila Petteri 14  0  7  7  0  0  0  0  0  55  5  0  0  14  -7  14  0  0  1  1  8.86  124               395 000
ID Hyokkaaja O M S P AVM AVS VM TM JA L B ALV ALH + - JM OR X XX XXX LPP/O LPP Arvo
40432221 Cornet Philippe 14  3  3  6  0  0  1  0  0  33  7  1  0  8  -8  14  0  0  0  0  4.64  65           300 000
29690417 Innala Jere 14  7  4  11  0  0  1  1  0  60  1  1  2  8  -10  4  0  0  0  2  7.79  109           330 000
30218781 Jokinen Janne 0  0  0  0  0  0  0  0  0  0  0  0  0  0  0  0  0  0  0  0  0  0           160 000
21870028 Kainulainen Harri 7  0  0  0  0  0  0  0  0  12  0  5  4  0  0  0  0  0  1  0  1.14  8           215 000
40432227 Krivosik Filip 0  0  0  0  0  0  0  0  0  0  0  0  0  0  0  0  0  0  0  0  0  0           185 000
28934365 Kuusisto Jaakko 0  0  0  0  0  0  0  0  0  0  0  0  0  0  0  0  0  0  0  0  0  0           210 000
24772275 Lahti Janne 8  2  0  2  0  0  1  0  0  11  1  0  1  2  -2  14  0  0  0  0  2.88  23           245 000
22366599 Leino Robert 14  0  10  10  0  0  0  0  0  50  4  149  119  8  -8  20  0  1  0  0  6.86  96           355 000
22450515 Lucenius Niclas 14  2  7  9  0  0  0  0  1  24  0  101  95  8  -8  4  0  2  0  0  5.29  74           315 000
30391284 Maansaari Olli 0  0  0  0  0  0  0  0  0  0  0  0  0  0  0  0  0  0  0  0  0  0           175 000
22671530 Nenonen Markus 14  7  5  12  0  0  0  1  0  97  0  0  2  11  -11  0  0  0  1  1  9.14  128           380 000
27752328 Paajanen Otto 14  5  7  12  0  1  0  0  0  34  1  141  120  13  -9  14  0  2  0  0  8.50  119           360 000
29859533 Puustinen Valtteri 12  3  1  4  0  0  2  0  0  25  1  1  1  8  -3  2  0  0  0  0  4.75  57           240 000
25116157 Riska Filip 10  0  0  0  0  0  0  0  0  14  1  42  49  1  -1  2  0  0  0  0  0.90  9           220 000
23097498 Ruokonen Miro 12  0  1  1  0  0  0  0  0  18  0  0  2  1  -1  4  0  0  0  0  1.58  19           225 000
30013384 Seppala Erkka 10  0  0  0  0  0  0  0  0  6  0  11  19  1  -3  2  0  0  0  0  0.30  3           190 000
25506929 Turunen Teemu 12  5  7  12  0  0  0  0  1  59  1  0  1  10  -8  6  0  0  1  0  9.50  114           415 000
25489224 Tuulola Eetu 14  0  2  2  0  0  0  0  0  36  0  1  3  4  -10  18  0  0  0  0  2.07  29           285 000
Ilves
ID Maalivahti O M S P V H TP TO PM NP JM OR X XX XXX LPP/O LPP Arvo
24329479 Helenius Riku 5  0  0  0  1  4  0  93  18  0  0  0  0  0  1  0.20  1               310 000
22353515 Lehtonen Antti 9  0  0  0  3  3  2  186  23  0  2  0  0  0  1  4.11  37               315 000
ID Puolustaja O M S P AVM AVS VM TM JA L B ALV ALH + - JM OR X XX XXX LPP/O LPP Arvo
100040658 Barker Cam 4  1  0  1  0  0  0  0  0  10  0  0  0  0  -4  2  0  0  0  0  2.25  9               235 000
100031131 Flood Mark 13  0  1  1  0  0  0  0  0  32  3  1  0  8  -9  6  0  0  0  0  3.00  39               255 000
40315931 Generous Matt 11  0  0  0  0  0  0  0  0  14  1  0  0  1  -7  31  0  0  0  0  -0.27  -3               205 000
24393683 Hopponen Erno 1  0  0  0  0  0  0  0  0  1  0  0  0  0  -1  0  0  0  0  0  -1.00  -1               180 000
28666196 Laakso Jerry 0  0  0  0  0  0  0  0  0  0  0  0  0  0  0  0  0  0  0  0  0  0               155 000
29995510 Laaksonen Oskari 8  1  1  2  0  0  0  0  0  22  3  0  0  3  -10  14  0  0  2  0  2.88  23               330 000
29935596 Laitamaki Elias 2  0  0  0  0  0  0  0  0  0  0  0  0  0  0  0  0  0  0  0  0.00  0               185 000
24806743 Leimu Juha 9  1  0  1  0  0  1  0  0  25  0  0  0  6  -4  6  0  0  0  1  4.89  44               240 000
29641327 Matinpalo Nikolas 4  0  0  0  0  0  0  0  0  5  0  0  0  1  -2  0  0  0  0  0  0.75  3               190 000
28905831 Parikka Jarkko 13  0  2  2  0  0  0  0  0  46  0  0  0  8  -13  18  0  0  0  0  3.08  40               280 000
23168071 Salmela Tuomas 13  0  3  3  0  0  0  0  0  34  3  0  0  13  -10  4  0  0  0  0  4.77  62               290 000
30993527 Troshin Daniil 0  0  0  0  0  0  0  0  0  0  0  0  0  0  0  0  0  0  0  0  0  0               175 000
25381270 Vainio Olli 12  0  0  0  0  0  0  0  0  22  0  0  0  7  -4  0  0  0  0  0  2.17  26               215 000
ID Hyokkaaja O M S P AVM AVS VM TM JA L B ALV ALH + - JM OR X XX XXX LPP/O LPP Arvo
24272490 Ahtola Jerry 10  3  1  4  1  0  0  0  0  16  0  41  42  6  -7  2  0  0  0  0  4.40  44           255 000
29446865 Antonen Joose 12  2  3  5  0  0  0  0  0  47  1  0  0  4  -12  8  0  0  0  0  4.58  55           320 000
29870486 Haapanen Topias 5  1  0  1  0  0  0  0  0  3  0  3  1  1  -2  0  0  0  0  0  1.60  8           195 000
100034958 Halmo Mike 13  1  5  6  0  0  1  0  0  18  3  4  4  5  -10  31  0  0  0  0  3.23  42           250 000
29028513 Ikonen Joona 13  4  2  6  1  1  1  0  1  44  3  2  3  8  -2  4  0  0  1  1  7.23  94           295 000
28730556 Lepaus Teemu 13  2  1  3  0  0  0  0  0  45  2  2  2  3  -11  2  0  0  0  0  3.15  41           325 000
22441087 Liuksiala Juho 8  1  0  1  0  0  0  0  0  18  4  0  0  2  -8  0  0  0  1  0  2.38  19           240 000
24880895 Mieho Panu 13  2  1  3  1  0  0  0  0  15  3  83  93  6  -8  20  0  0  0  0  3.08  40           230 000
31905381 Nalli Miro 0  0  0  0  0  0  0  0  0  0  0  0  0  0  0  0  0  0  0  0  0  0           160 000
23029644 Rautiainen Teemu 13  2  3  5  0  0  0  0  0  45  1  1  1  6  -8  4  0  4  0  0  4.85  63           315 000
25153974 Ruotsalainen Arttu 12  3  5  8  1  0  1  0  0  38  0  115  95  8  -11  4  0  0  3  1  7.58  91           395 000
23222302 Savilahti Eero 5  0  1  1  0  0  0  0  0  11  1  2  2  1  -2  2  0  0  0  0  3.00  15           225 000
23351053 Suomi Eemeli 13  3  5  8  0  0  0  0  0  25  5  4  7  7  -5  4  0  1  0  1  5.62  73           310 000
23400483 Tamminen Juhani 13  1  2  3  0  0  0  0  0  22  1  77  92  6  -6  4  0  0  0  0  2.54  33           235 000
30039025 Vainionpaa Samuli 9  1  1  2  0  0  0  0  0  7  2  31  45  3  -4  20  0  0  0  0  2.22  20           200 000
23577387 Valtonen Julius 5  0  0  0  0  0  0  0  0  4  1  0  1  1  -2  0  0  0  0  0  0.60  3           180 000
Jukurit
ID Maalivahti O M S P V H TP TO PM NP JM OR X XX XXX LPP/O LPP Arvo
24280631 Aho Juhana 3  0  0  0  0  3  0  65  11  0  0  0  0  0  0  -1.00  -3               275 000
22993098 Rajaniemi Sami 11  0  0  0  2  6  2  260  31  0  0  0  0  1  2  4.09  45               320 000
ID Puolustaja O M S P AVM AVS VM TM JA L B ALV ALH + - JM OR X XX XXX LPP/O LPP Arvo
24276289 Alho Aku 0  0  0  0  0  0  0  0  0  0  0  0  0  0  0  0  0  0  0  0  0  0               160 000
24421720 Hietanen Valtteri 5  0  2  2  0  0  0  0  0  14  0  0  0  2  -4  2  0  0  0  0  4.00  20               225 000
21700651 Hyvarinen Ville 12  0  0  0  0  0  0  0  0  8  4  0  0  2  -2  20  0  0  0  0  2.75  33               210 000
21772430 Jaatinen Antti 10  2  0  2  0  0  0  0  0  16  1  0  0  5  -7  6  0  0  0  0  3.60  36               230 000
24229715 Jalonen Jimi 13  1  1  2  0  0  0  0  0  28  0  0  0  5  -14  6  0  0  0  0  1.85  24               235 000
31128854 Kokkonen Mikko 10  0  3  3  0  0  0  0  0  31  2  0  0  3  -5  6  0  0  0  0  4.10  41               250 000
28642754 Koponen Marlo 2  0  0  0  0  0  0  0  0  4  1  0  0  0  -1  2  0  0  0  0  2.00  4               220 000
22891255 Piipponen Samuli 12  1  1  2  0  0  0  0  0  29  2  0  0  4  -7  12  0  0  0  0  3.83  46               240 000
24190598 Salonen Aleksi 12  1  5  6  0  0  0  1  0  42  1  0  0  8  -10  0  0  0  0  0  5.75  69               280 000
23334106 Suhonen Teemu 8  0  3  3  0  0  0  0  0  31  1  0  0  3  -6  2  0  0  0  0  4.38  35               345 000
ID Hyokkaaja O M S P AVM AVS VM TM JA L B ALV ALH + - JM OR X XX XXX LPP/O LPP Arvo
21345676 Asplund Turo 11  0  5  5  0  0  0  0  0  21  3  102  91  7  -7  4  0  0  0  0  4.36  48           305 000
21431409 Flinck Markku 11  2  4  6  0  0  0  0  0  30  1  86  71  4  -9  4  0  0  1  0  5.09  56           260 000
21600081 Henritius Teemu 13  1  4  5  0  0  0  0  0  15  2  31  51  2  -8  0  0  0  1  0  1.92  25           225 000
21659838 Hotakainen Valtteri 13  0  0  0  0  0  0  0  0  15  1  43  52  1  -6  16  0  0  0  0  0.15  2           210 000
30851669 Huttunen Heikki 2  0  0  0  0  0  0  0  0  3  0  0  0  0  0  0  0  1  0  0  1.50  3           200 000
28751548 Jaaskelainen Joona 0  0  0  0  0  0  0  0  0  0  0  0  0  0  0  0  0  0  0  0  0  0           190 000
21888612 Kalliola Joonas 12  0  0  0  0  0  0  0  0  15  2  1  6  1  -5  6  0  0  0  0  1.08  13           220 000
24174051 Leskinen Ville 8  1  2  3  0  0  0  0  0  17  1  0  0  5  -2  4  0  0  0  0  4.63  37           250 000
22476117 Lahde Nestori 12  0  1  1  0  0  0  0  0  11  4  0  2  1  -6  8  0  0  0  0  1.42  17           215 000
30712591 Nikkanen Henri 0  0  0  0  0  0  0  0  0  0  0  0  0  0  0  0  0  0  0  0  0  0           200 000
22815419 Partanen Mika 11  5  5  10  0  0  2  0  0  41  1  0  0  7  -11  0  0  1  0  0  7.45  82           345 000
100028135 Pereskokov Vadim 13  4  5  9  0  0  0  0  0  27  2  0  0  5  -10  2  0  0  0  2  5.46  71           280 000
22895620 Piitulainen Jesper 13  1  3  4  0  0  0  0  0  39  1  1  3  3  -10  0  0  0  1  0  2.92  38           245 000
25116623 Ritamaki Janne 0  0  0  0  0  0  0  0  0  0  0  0  0  0  0  0  0  0  0  0  0  0           235 000
23075106 Roine Miika 13  6  3  9  0  0  0  0  0  25  13  2  4  9  -12  2  0  2  0  0  6.08  79           320 000
23418213 Tavi Janne 13  0  2  2  0  0  0  0  0  29  4  4  2  4  -9  0  0  0  0  0  2.31  30           240 000
23702275 Vahatalo Julius 13  2  3  5  0  0  0  0  0  19  1  104  121  5  -9  2  0  1  0  0  2.85  37           230 000
JYP
ID Maalivahti O M S P V H TP TO PM NP JM OR X XX XXX LPP/O LPP Arvo
22322342 Laurikainen Eetu 10  0  0  0  3  2  5  234  19  0  0  0  2  0  1  6.60  66               340 000
27692297 Parkkinen Niko 0  0  0  0  0  0  0  0  0  0  0  0  0  0  0  0  0               230 000
23684063 Voutilainen Joona 1  0  0  0  0  0  1  23  1  0  0  0  0  0  0  7.00  7               315 000
ID Puolustaja O M S P AVM AVS VM TM JA L B ALV ALH + - JM OR X XX XXX LPP/O LPP Arvo
21295959 Aitola Olli 0  0  0  0  0  0  0  0  0  0  0  0  0  0  0  0  0  0  0  0  0  0               175 000
24182470 AllXn Roni 12  1  0  1  0  0  0  0  0  17  1  0  0  3  -4  2  0  0  0  0  2.00  24               215 000
40379228 Eklund Oscar 13  1  2  3  0  0  0  0  1  43  2  0  0  11  -4  6  0  0  0  1  6.54  85               295 000
28705727 Honka Anttoni 0  0  0  0  0  0  0  0  0  0  0  0  0  0  0  0  0  0  0  0  0  0               245 000
24459695 Ikonen Ossi 13  1  0  1  0  0  0  0  0  21  4  0  0  5  -6  0  0  0  0  0  2.23  29               225 000
21799484 Jokinen Jaakko 0  0  0  0  0  0  0  0  0  0  0  0  0  0  0  0  0  0  0  0  0  0               235 000
21892307 Kalteva Mikko 13  0  5  5  0  0  0  0  0  45  4  0  0  7  -4  10  0  0  0  0  6.46  84               340 000
24535632 Kuukka Mikko 13  0  0  0  0  0  0  0  0  19  5  0  0  7  -3  4  0  0  0  0  2.85  37               230 000
24715452 Lindroos Alex 7  0  1  1  0  0  0  0  0  4  0  0  0  2  0  0  0  0  0  0  2.14  15               210 000
24868147 Maenpaa Mikko 0  0  0  0  0  0  0  0  0  0  0  0  0  0  0  0  0  0  0  0  0  0               380 000
23557763 Vainio Juuso 11  1  2  3  0  0  0  0  1  31  6  0  0  8  -4  14  0  1  0  0  5.82  64               285 000
27776197 Viinikainen Joonas 0  0  0  0  0  0  0  0  0  0  0  0  0  0  0  0  0  0  0  0  0  0               195 000
32645093 Viinikainen Olli-Petteri 0  0  0  0  0  0  0  0  0  0  0  0  0  0  0  0  0  0  0  0  0  0               180 000
40371299 Yonkman Nolan 8  0  1  1  0  0  0  0  0  13  2  0  0  2  -3  6  0  0  1  0  2.88  23               220 000
ID Hyokkaaja O M S P AVM AVS VM TM JA L B ALV ALH + - JM OR X XX XXX LPP/O LPP Arvo
24415613 Hytonen Juha-Pekka 13  0  2  2  0  0  0  0  0  32  0  131  96  3  -5  6  0  0  0  0  3.23  42           300 000
24466950 Immonen Jarkko 13  4  7  11  0  0  0  0  0  50  0  151  95  10  -4  20  0  0  0  1  9.31  121           420 000
21802135 Jokinen Markus 8  1  1  2  0  0  0  0  0  24  2  0  2  4  -2  4  0  0  0  0  4.13  33           240 000
24638995 Kolehmainen Janne 13  0  0  0  0  0  0  0  0  22  4  2  4  0  -2  6  0  0  0  0  1.62  21           220 000
22260051 Lahti Miika 13  0  0  0  0  0  0  0  0  17  3  78  69  1  -3  12  0  0  0  0  2.00  26           225 000
24811398 Louhivaara Ossi 11  1  4  5  0  0  1  0  0  12  4  1  0  6  -3  0  0  1  0  0  4.18  46           235 000
24190336 Nattinen Julius 11  8  5  13  0  0  2  1  0  49  0  1  3  13  -3  2  0  0  2  1  11.91  131           370 000
24977737 Perrin Eric 13  4  2  6  0  0  0  1  0  37  0  53  46  8  -4  2  0  0  1  1  5.92  77           355 000
28967947 Ratinen Samuli 12  0  0  0  0  0  0  0  0  21  1  0  0  0  -3  0  0  0  0  0  0.92  11           210 000
33373610 Rooba Robert 13  5  2  7  0  0  0  0  0  55  0  0  1  2  -3  6  0  2  0  1  6.08  79           285 000
25130683 Rutanen Aleksi 0  0  0  0  0  0  0  0  0  0  0  0  0  0  0  0  0  0  0  0  0  0           155 000
28948856 Straka Anton 0  0  0  0  0  0  0  0  0  0  0  0  0  0  0  0  0  0  0  0  0  0           190 000
25500873 Tamminen Henri 0  0  0  0  0  0  0  0  0  0  0  0  0  0  0  0  0  0  0  0  0  0           200 000
100034340 Tomasek David 11  1  4  5  0  0  0  0  0  41  0  34  32  1  -2  6  0  0  0  0  4.82  53           365 000
23505155 Tuppurainen Jani 13  3  7  10  0  0  2  0  0  40  1  0  2  13  -5  4  0  0  1  1  7.92  103           360 000
27647886 Turkulainen Jerry 13  0  9  9  0  0  0  0  0  15  0  0  1  8  -3  2  0  0  1  1  5.00  65           275 000
KalPa
ID Maalivahti O M S P V H TP TO PM NP JM OR X XX XXX LPP/O LPP Arvo
40385084 Godla Denis 11  0  0  0  5  5  1  235  27  1  0  0  0  0  2  5.64  62               325 000
25652271 Iilahti Jonathan 6  0  0  0  2  1  0  96  10  0  0  0  0  0  1  3.83  23               310 000
29784747 Metsavainio Elmeri 0  0  0  0  0  0  0  0  0  0  0  0  0  0  0  0  0               250 000
29515589 Rauhala Jani 0  0  0  0  0  0  0  0  0  0  0  0  0  0  0  0  0               270 000
ID Puolustaja O M S P AVM AVS VM TM JA L B ALV ALH + - JM OR X XX XXX LPP/O LPP Arvo
100040993 Fairchild Cade 13  1  5  6  0  0  0  0  0  22  4  0  0  11  -7  8  0  1  0  1  6.69  87               290 000
24324348 Grondahl Ari 14  2  2  4  0  0  1  0  0  27  8  0  0  9  -7  12  0  1  0  0  5.79  81               260 000
24725109 Lappalainen Lasse 11  3  0  3  0  0  0  0  0  47  2  0  0  3  -11  4  0  0  1  0  4.36  48               275 000
24174048 Leskinen Otto 13  3  3  6  0  0  0  1  0  45  1  0  0  11  -13  8  0  0  0  1  7.00  91               325 000
23824108 Makinen Konsta 14  0  0  0  0  0  0  0  0  14  2  7  9  2  -3  4  0  1  0  0  1.00  14               210 000
31046431 Nousiainen Kim 1  0  0  0  0  0  0  0  0  0  0  0  0  0  0  0  0  0  0  0  0.00  0               165 000
22808510 Parikka Valtteri 10  0  1  1  0  0  0  0  0  30  0  0  0  3  -6  0  0  0  0  0  2.10  21               215 000
30951530 Riekkinen Joona 4  0  0  0  0  0  0  0  0  4  0  0  0  1  0  0  0  0  0  0  1.50  6               200 000
23242492 Seppala Mikael 4  0  1  1  0  0  0  0  0  5  1  0  0  4  -1  4  0  0  0  0  6.00  24               240 000
23387739 Taipalus Lauri 0  0  0  0  0  0  0  0  0  0  0  0  0  0  0  0  0  0  0  0  0  0               230 000
29528563 Vesterinen Saku 0  0  0  0  0  0  0  0  0  0  0  0  0  0  0  0  0  0  0  0  0  0               180 000
100030506 Wilson Ryan 13  0  3  3  0  0  0  0  0  30  4  0  1  10  -12  33  0  1  0  0  3.46  45               245 000
ID Hyokkaaja O M S P AVM AVS VM TM JA L B ALV ALH + - JM OR X XX XXX LPP/O LPP Arvo
40291921 Aaltonen Leevi 0  0  0  0  0  0  0  0  0  0  0  0  0  0  0  0  0  0  0  0  0  0           185 000
25646106 Gymer Frank 9  2  0  2  0  0  0  0  0  21  1  0  0  2  -6  0  0  1  0  0  2.78  25           265 000
21700554 Hyvarinen Toni 11  0  2  2  0  0  0  0  0  12  5  2  5  2  -8  4  0  0  0  0  1.82  20           225 000
29554508 Ikonen Joni 0  0  0  0  0  0  0  0  0  0  0  0  0  0  0  0  0  0  0  0  0  0           255 000
32306811 Immonen Severi 0  0  0  0  0  0  0  0  0  0  0  0  0  0  0  0  0  0  0  0  0  0           155 000
21804861 Jokinen Tommi 14  5  4  9  0  0  2  0  0  28  3  0  4  6  -8  2  0  0  0  0  5.29  74           270 000
30010662 Juusola Mikko 0  0  0  0  0  0  0  0  0  0  0  0  0  0  0  0  0  0  0  0  0  0           180 000
28576383 Kantola Kai 14  3  6  9  0  0  1  0  0  50  1  15  13  9  -6  12  0  2  0  0  7.29  102           330 000
27744488 Katosalmi Janne 0  0  0  0  0  0  0  0  0  0  0  0  0  0  0  0  0  0  0  0  0  0           175 000
27471447 Klemetti Aleksi 10  0  5  5  0  0  0  0  0  24  3  0  0  6  -4  0  0  0  0  0  4.50  45           245 000
28570745 Knuutinen Henri 12  1  3  4  0  0  0  0  0  19  6  19  21  4  -4  0  0  0  0  0  3.00  36           220 000
24226640 Kononen Juuso 6  0  0  0  0  0  0  0  0  5  0  0  0  0  -1  0  0  0  0  0  0.50  3           200 000
22464239 Luostarinen Eetu 13  4  10  14  0  0  2  0  0  30  2  100  100  12  -8  6  0  1  0  1  8.77  114           315 000
22750794 Nuutinen Mikko 14  3  5  8  0  0  0  0  0  51  1  6  4  6  -7  4  0  0  1  0  5.79  81           285 000
29859517 Piipponen Topi 5  0  0  0  0  0  0  0  0  11  1  0  0  2  -2  0  0  0  0  0  2.00  10           205 000
23065792 Rissanen Jaakko 12  2  7  9  0  0  0  0  0  32  1  88  77  7  -10  6  0  0  1  0  6.25  75           310 000
25663901 Ruuttu Alexander 8  5  1  6  0  0  1  0  0  40  1  16  20  7  -7  2  0  0  0  1  8.75  70           360 000
34250949 Sebok Balazs 8  1  2  3  0  0  0  0  0  29  0  25  44  4  -5  2  0  0  0  0  3.88  31           255 000
100025912 Texier Alexandre 14  3  9  12  0  0  1  0  0  53  0  8  8  9  -9  18  0  0  2  1  7.50  105           295 000
23560365 Vainiola Ville-Vesa 14  2  1  3  0  0  0  0  0  18  1  115  104  4  -7  6  0  0  0  0  2.79  39           235 000
KooKoo
ID Maalivahti O M S P V H TP TO PM NP JM OR X XX XXX LPP/O LPP Arvo
24487984 Jarvenpaa Juha 13  0  0  0  3  9  0  269  35  0  0  0  3  3  0  3.00  39               330 000
22861900 Perhonen Samu 2  0  0  0  1  0  1  49  7  0  0  0  0  0  0  5.00  10               305 000
31635062 Salminen Oskari 1  0  0  0  0  0  0  5  1  0  0  0  0  0  0  0.00  0               225 000
ID Puolustaja O M S P AVM AVS VM TM JA L B ALV ALH + - JM OR X XX XXX LPP/O LPP Arvo
29587960 Berger Martin 0  0  0  0  0  0  0  0  0  0  0  0  0  0  0  0  0  0  0  0  0  0               245 000
40339220 Bonsaksen Alexander 12  0  2  2  0  0  0  0  0  29  7  0  0  5  -9  6  0  0  0  0  3.08  37               240 000
40372124 Carson Brett 13  1  0  1  0  0  1  0  0  32  2  0  0  3  -9  4  0  1  0  0  2.23  29               235 000
21433957 Forsberg Henrik 0  0  0  0  0  0  0  0  0  0  0  0  0  0  0  0  0  0  0  0  0  0               215 000
27839788 Jarvinen Ville 0  0  0  0  0  0  0  0  0  0  0  0  0  0  0  0  0  0  0  0  0  0               200 000
27841653 Keskitalo Miro 14  0  3  3  0  0  0  0  0  29  2  0  0  7  -11  10  0  0  0  0  3.43  48               255 000
100026143 Kristensen Emil 0  0  0  0  0  0  0  0  0  0  0  0  0  0  0  0  0  0  0  0  0  0               300 000
25042564 Pelli Arttu 14  3  2  5  0  0  0  0  1  44  2  0  0  7  -12  2  0  0  0  0  5.00  70               250 000
100043604 Pyett Logan 5  0  0  0  0  0  0  0  0  13  1  0  0  3  -5  6  0  0  0  0  2.80  14               250 000
30870187 Salmela Santeri 4  0  0  0  0  0  0  0  0  1  0  0  0  0  -3  2  0  0  0  0  -0.75  -3               170 000
32033595 Seppala Peetro 4  0  0  0  0  0  0  0  0  7  1  0  0  0  -1  2  0  0  0  0  1.25  5               190 000
23576346 Valtola Kalle 14  1  3  4  0  0  0  0  0  33  1  0  0  5  -12  2  0  0  0  0  2.86  40               240 000
100034347 Wittchow Ed 1  0  0  0  0  0  0  0  0  0  0  0  0  0  0  0  0  0  0  0  0.00  0               260 000
ID Hyokkaaja O M S P AVM AVS VM TM JA L B ALV ALH + - JM OR X XX XXX LPP/O LPP Arvo
24451091 Haataja Juha-Pekka 10  0  7  7  0  0  0  0  0  27  1  0  0  5  -8  25  0  0  0  0  3.80  38           320 000
21499603 Hakulinen Anrei 12  4  5  9  0  0  0  0  0  41  1  13  11  7  -9  2  0  1  1  0  6.25  75           355 000
27775017 Kanninen Henri 7  0  0  0  0  0  0  0  0  6  1  12  15  0  -3  2  0  0  0  0  0.43  3           200 000
100033523 Karlsson Erik 9  0  3  3  0  0  0  0  0  11  3  40  65  3  -5  2  0  0  0  0  1.67  15           265 000
22051338 Koivisto Kimi 5  0  0  0  0  0  0  0  0  8  2  0  0  0  -1  0  0  0  0  0  1.00  5           250 000
30417647 Korhonen Olli 2  0  0  0  0  0  0  0  0  1  0  0  0  0  0  0  0  0  0  0  0.50  1           205 000
27843473 Koskinen Niki 0  0  0  0  0  0  0  0  0  0  0  0  0  0  0  0  0  0  0  0  0  0           175 000
24680943 Kahkonen Toni 0  0  0  0  0  0  0  0  0  0  0  0  0  0  0  0  0  0  0  0  0  0           325 000
22372826 Leivo Tomi 14  1  3  4  1  0  0  0  0  32  3  0  5  4  -5  4  0  1  0  0  3.57  50           240 000
24871956 Mutanen Sami 14  1  1  2  0  0  0  0  0  23  2  3  1  6  -8  4  0  1  0  0  2.64  37           225 000
40172010 Oden Joonas 1  0  0  0  0  0  0  0  0  1  0  0  0  0  0  0  0  0  0  0  1.00  1           185 000
24962616 Ojantakanen Kasperi 14  2  1  3  0  0  1  0  0  28  5  27  40  3  -14  4  0  0  0  1  2.14  30           235 000
25057054 Pitkanen Miikka 14  3  6  9  0  0  0  0  0  49  1  88  106  7  -12  16  0  0  1  0  6.29  88           335 000
23330074 Stromberg Kim 14  4  5  9  0  0  0  0  0  57  0  59  56  6  -12  4  0  1  0  1  5.93  83           300 000
100030327 Stromwall Malte 12  8  3  11  0  0  2  0  0  55  0  0  3  5  -9  34  0  0  0  2  8.67  104           460 000
24153195 Suuronen Toni 14  1  2  3  0  0  0  0  0  30  6  0  1  1  -6  18  0  0  0  0  2.57  36           230 000
25494471 Tamminen Sami 9  0  0  0  0  0  0  0  0  8  1  20  25  1  -2  0  0  0  0  0  0.56  5           195 000
24206929 Virtanen Mikko 14  1  2  3  0  0  0  0  0  33  1  83  110  2  -6  4  0  0  0  0  1.86  26           215 000
Karpat
ID Maalivahti O M S P V H TP TO PM NP JM OR X XX XXX LPP/O LPP Arvo
32498965 Annunen Justus 0  0  0  0  0  0  0  0  0  0  0  0  0  0  0  0  0               230 000
23109412 Rynnas Jussi 5  0  0  0  3  2  0  121  9  2  2  0  1  0  1  12.00  60               355 000
29924154 Vehvilainen Veini 7  0  0  0  4  1  2  162  11  0  2  0  0  1  1  8.29  58               370 000
ID Puolustaja O M S P AVM AVS VM TM JA L B ALV ALH + - JM OR X XX XXX LPP/O LPP Arvo
21494006 Hakanpaa Jani 10  3  4  7  0  0  0  0  0  31  4  0  0  9  -6  37  0  1  1  0  9.30  93               355 000
40428666 Heshka Shaun 7  1  2  3  0  0  0  0  0  27  0  0  0  7  -2  2  0  1  1  0  8.29  58               405 000
24353539 Huttula Joona 0  0  0  0  0  0  0  0  0  0  0  0  0  0  0  0  0  0  0  0  0  0               160 000
100026177 Kivihalme Teemu 12  4  4  8  0  0  0  0  0  45  0  0  0  9  -3  6  0  0  0  0  9.33  112               345 000
30379468 Korhonen Juho 0  0  0  0  0  0  0  0  0  0  0  0  0  0  0  0  0  0  0  0  0  0               170 000
40312846 Kukkonen Lasse 12  2  0  2  0  0  0  0  0  23  1  0  0  5  -4  4  0  1  0  0  3.67  44               250 000
24825038 Makela Aleksi 11  1  2  3  0  0  0  1  0  21  3  0  0  8  -5  2  0  0  0  0  5.09  56               265 000
22679723 Niemela Mikko 12  0  3  3  0  0  0  0  0  15  4  0  0  9  -8  0  0  0  0  0  3.50  42               235 000
24959726 Ohtamaa Atte 11  0  5  5  0  0  0  0  0  30  3  0  0  6  -5  2  0  0  0  0  5.45  60               320 000
29679441 Ronkainen Taneli 8  0  1  1  0  0  0  0  0  13  0  0  0  4  -3  25  0  0  0  0  1.50  12               215 000
ID Hyokkaaja O M S P AVM AVS VM TM JA L B ALV ALH + - JM OR X XX XXX LPP/O LPP Arvo
21330445 Anttila Sami 7  0  0  0  0  0  0  0  0  16  0  0  0  2  -7  2  0  0  0  0  1.14  8           210 000
29955327 Heponiemi Aleksi 10  4  5  9  0  0  1  0  0  25  1  0  1  9  -3  0  0  1  0  0  7.60  76           360 000
24406130 Hermonen Julius 0  0  0  0  0  0  0  0  0  0  0  0  0  0  0  0  0  0  0  0  0  0           160 000
21673131 Humaloja Miska 12  0  0  0  0  0  0  0  0  13  2  69  67  2  -7  4  0  0  0  0  1.00  12           225 000
24464062 Ikonen Jasse 6  1  1  2  0  0  0  0  0  10  2  18  17  3  -2  0  0  0  0  0  3.33  20           240 000
21817612 Junnila Jyri 5  0  1  1  0  0  0  0  0  5  3  0  0  1  0  0  0  0  0  0  2.40  12           215 000
21940848 Karvinen Otto 10  0  0  0  0  0  0  0  0  17  2  4  1  1  -5  35  0  0  0  0  -0.10  -1           205 000
40245614 Koblizek Radek 12  3  8  11  0  0  0  0  0  26  1  1  0  10  -2  0  0  0  0  0  7.25  87           305 000
28727446 Koskenkorva Jesse 0  0  0  0  0  0  0  0  0  0  0  0  0  0  0  0  0  0  0  0  0  0           190 000
40106629 Kristof Michal 11  3  9  12  0  0  1  0  0  28  0  68  72  8  -7  4  0  1  0  0  7.73  85           345 000
29551488 Kuiri Niko 0  0  0  0  0  0  0  0  0  0  0  0  0  0  0  0  0  0  0  0  0  0           170 000
31635185 Kupari Rasmus 10  2  8  10  0  0  0  0  0  25  0  61  57  10  -3  2  0  0  3  1  8.90  89           380 000
100026171 Lasu Nicklas 12  3  6  9  0  0  1  0  0  34  0  131  96  9  -2  12  0  0  0  1  9.08  109           375 000
22393300 Leskinen Ville 12  5  7  12  0  0  1  0  0  52  0  2  4  11  -3  0  0  0  1  1  9.17  110           435 000
24808136 Lindsten Jasper 9  2  2  4  0  0  1  0  1  17  1  0  0  5  -3  4  0  0  0  1  5.67  51           315 000
28489001 Metsavainio Tino 4  0  0  0  0  0  0  0  0  4  1  12  12  0  -2  0  0  0  0  0  0.75  3           200 000
23786754 Osala Oskar 9  4  2  6  0  0  2  0  0  27  5  5  10  6  -3  6  0  1  1  0  7.89  71           390 000
25013577 Pyorala Mika 11  3  4  7  0  0  1  0  0  25  2  5  4  7  -2  0  0  0  0  1  6.27  69           370 000
25589140 Sailio Jari 5  0  2  2  0  0  0  0  0  6  1  0  0  2  -4  0  0  0  0  0  2.80  14           230 000
Lukko
ID Maalivahti O M S P V H TP TO PM NP JM OR X XX XXX LPP/O LPP Arvo
27682964 Lehtinen Lassi 5  1  0  1  3  0  0  93  8  1  0  0  0  0  3  15.00  75               320 000
30031858 Nurmi Kalle 0  0  0  0  0  0  0  0  0  0  0  0  0  0  0  0  0               210 000
23249408 Setanen Oskari 10  0  0  0  5  3  2  229  19  1  0  0  3  2  1  8.30  83               340 000
23487192 Tuokkola Pekka 2  0  0  0  1  1  0  53  6  0  0  0  0  1  0  6.50  13               300 000
ID Puolustaja O M S P AVM AVS VM TM JA L B ALV ALH + - JM OR X XX XXX LPP/O LPP Arvo
24260583 Ahonen Rony 10  2  0  2  0  0  0  0  0  14  4  0  0  4  -6  2  0  0  0  1  3.50  35               250 000
100034133 Auk Mark 9  0  4  4  0  0  0  0  0  16  3  0  0  12  -4  2  0  0  0  0  7.44  67               290 000
32058428 Heinola Ville 9  1  3  4  0  0  0  0  0  26  5  0  0  6  -3  4  0  0  1  0  7.00  63               240 000
100034136 Krejcik Jakub 10  1  2  3  0  0  0  0  0  27  1  0  0  9  -5  0  0  1  0  0  5.50  55               355 000
29650046 Laitinen Vili 3  0  0  0  0  0  0  0  0  1  0  0  0  1  -1  0  0  0  0  0  0.67  2               190 000
24939759 Niskala Janne 13  0  3  3  0  0  0  0  0  26  8  0  0  6  -2  4  0  0  0  0  4.46  58               280 000
30932931 Palojarvi Antti 5  0  1  1  0  0  0  0  0  7  1  0  0  2  -1  0  0  0  0  0  3.00  15               200 000
29948541 Reunanen Tarmo 13  3  5  8  0  0  0  0  0  35  3  1  0  13  -7  8  0  0  0  2  9.31  121               295 000
25091997 Riikola Simo-Pekka 5  0  0  0  0  0  0  0  0  5  1  0  0  1  -3  2  0  0  0  0  0.60  3               225 000
24177003 Sevanen Roni 13  1  0  1  0  0  1  0  0  21  4  0  0  8  -5  4  0  0  1  0  3.77  49               265 000
27683510 Suistio Santeri 0  0  0  0  0  0  0  0  0  0  0  0  0  0  0  0  0  0  0  0  0  0               160 000
ID Hyokkaaja O M S P AVM AVS VM TM JA L B ALV ALH + - JM OR X XX XXX LPP/O LPP Arvo
100034134 Danforth Justin 13  4  6  10  0  0  0  0  0  46  4  116  91  9  -8  16  0  0  0  0  8.46  110           380 000
100035866 Defazio Brandon 13  4  6  10  0  0  0  0  0  42  3  0  3  11  -5  16  0  0  0  0  6.77  88           345 000
21440937 Friberg Jere 0  0  0  0  0  0  0  0  0  0  0  0  0  0  0  0  0  0  0  0  0  0           235 000
100033754 Ganahl Manuel 11  0  4  4  0  0  1  0  0  19  5  0  1  4  -3  4  0  0  0  0  4.00  44           225 000
24463542 Ilomaki Arttu 13  3  5  8  1  0  2  0  0  40  0  127  104  9  -1  2  0  0  1  1  7.62  99           365 000
21983012 Keranen Janne 13  3  4  7  0  0  3  0  0  43  6  0  1  7  -1  14  0  0  2  0  6.31  82           355 000
24546935 Koivisto Toni 13  2  4  6  0  0  1  0  0  19  6  0  0  12  -9  4  0  0  0  0  5.23  68           310 000
23889127 Koivistoinen Eetu 13  4  3  7  0  0  1  0  0  41  6  55  49  9  -4  6  0  0  0  0  6.85  89           265 000
22244996 Laakso Tapio 13  3  0  3  0  0  1  0  0  25  5  105  91  7  -4  4  0  1  0  0  4.38  57           260 000
22396653 Liedes Heikki 13  0  0  0  0  0  0  0  0  34  8  4  5  5  -5  6  0  0  0  0  2.85  37           230 000
30682391 Nyman Linus 11  1  2  3  0  0  0  0  0  10  0  0  0  3  -5  2  0  0  0  0  2.27  25           245 000
31903545 Petman Mikko 1  0  0  0  0  0  0  0  0  0  0  0  0  0  0  0  0  0  0  0  0.00  0           200 000
31779229 Petman Ville 4  0  1  1  0  0  0  0  0  3  0  0  0  1  0  0  0  0  0  0  2.00  8           195 000
24178578 Ruotsi Jesse 2  0  0  0  0  0  0  0  0  1  0  0  0  0  0  0  0  0  0  0  0.50  1           180 000
30687613 Saarela Antti 11  1  4  5  0  0  0  0  0  18  0  0  2  6  -6  6  0  1  0  1  4.36  48           235 000
27854909 Vidgren Aaro 13  3  3  6  0  0  0  0  0  27  3  1  0  10  -3  8  0  0  0  0  5.92  77           240 000
32294910 Ylitalo Niklas 0  0  0  0  0  0  0  0  0  0  0  0  0  0  0  0  0  0  0  0  0  0           170 000
Pelicans
ID Maalivahti O M S P V H TP TO PM NP JM OR X XX XXX LPP/O LPP Arvo
24158200 Olkinuora Juho 10  0  0  0  5  4  1  251  26  0  4  0  0  0  1  5.70  57               340 000
100033756 Skarek Jakub 6  0  0  0  1  3  2  138  14  0  0  0  1  1  1  5.67  34               335 000
30136517 Suni Sami 0  0  0  0  0  0  0  0  0  0  0  0  0  0  0  0  0               250 000
ID Puolustaja O M S P AVM AVS VM TM JA L B ALV ALH + - JM OR X XX XXX LPP/O LPP Arvo
29566680 Ahola Aapo 3  1  0  1  0  0  0  0  0  4  0  0  0  1  0  2  0  0  0  0  5.67  17               200 000
27780772 Ahonen Jesse 0  0  0  0  0  0  0  0  0  0  0  0  0  0  0  0  0  0  0  0  0  0               190 000
30136368 Ek Aleksi 0  0  0  0  0  0  0  0  0  0  0  0  0  0  0  0  0  0  0  0  0  0               175 000
24430148 Hannukkala Toni 0  0  0  0  0  0  0  0  0  0  0  0  0  0  0  0  0  0  0  0  0  0               160 000
24509817 Jurgens Casimir 15  0  5  5  0  0  0  0  0  57  3  0  0  12  -13  6  0  0  1  0  5.47  82               325 000
24235673 Kaski Oliwer 16  3  8  11  0  0  0  0  0  108  5  0  0  11  -11  6  0  2  0  1  10.00  160               395 000
29933776 Kinnunen Santtu 7  0  1  1  0  0  0  0  0  18  2  0  0  4  -1  0  0  0  0  0  4.14  29               215 000
22148966 Kousa Mikko 15  2  11  13  0  0  0  0  0  86  3  0  0  13  -11  12  0  1  0  2  11.27  169               435 000
22504610 Manelius Nico 0  0  0  0  0  0  0  0  0  0  0  0  0  0  0  0  0  0  0  0  0  0               230 000
100033755 Nilsson Henrik 15  0  0  0  0  0  0  0  0  21  2  0  0  3  -9  4  0  0  0  0  0.67  10               220 000
28949855 Pynnonen Jarkko 12  0  0  0  0  0  0  0  0  12  0  0  0  6  -4  0  0  0  0  0  1.42  17               210 000
100040219 Shchemenov Alexsandr 14  0  1  1  0  0  0  0  0  18  3  0  0  3  -7  2  0  0  0  0  1.43  20               220 000
23424825 Teppo Miihkali 8  0  1  1  0  0  0  0  0  8  3  0  0  3  -3  2  0  0  0  0  2.38  19               235 000
ID Hyokkaaja O M S P AVM AVS VM TM JA L B ALV ALH + - JM OR X XX XXX LPP/O LPP Arvo
24290689 Bjorninen Hannes 16  5  4  9  0  0  1  0  0  52  5  224  149  10  -10  14  0  1  2  0  8.25  132           345 000
21399185 Elimaki Roope 4  1  0  1  0  0  0  0  0  5  2  14  27  2  0  4  0  0  0  0  3.50  14           215 000
27780756 Heino Lauri 1  0  0  0  0  0  0  0  0  1  0  0  0  0  -2  0  0  0  0  0  -1.00  -1           165 000
29658365 Hamalainen Sakke 2  0  0  0  0  0  0  0  0  1  0  2  4  0  0  0  0  0  0  0  0.00  0           180 000
28777551 Jantunen Jonne 3  0  1  1  0  0  0  0  0  6  0  0  0  1  0  0  0  0  0  0  3.33  10           230 000
22024624 Kivela Niko 16  5  1  6  0  0  1  1  0  49  3  0  3  8  -8  2  0  0  0  0  4.75  76           240 000
22149570 Kouvalainen Pasi 1  0  1  1  0  0  0  0  0  6  0  0  0  1  0  0  0  0  0  0  9.00  9           220 000
27772764 Lahtinen Severi 10  0  2  2  0  0  0  0  0  11  0  0  0  3  -1  2  0  0  0  0  2.20  22           235 000
22276391 Laine Mikko 11  0  1  1  0  0  0  0  0  24  1  0  0  2  -3  4  0  0  0  0  2.36  26           205 000
22504856 Mankinen Jesse 13  2  4  6  0  0  0  0  0  46  3  2  6  5  -5  0  0  0  0  1  4.62  60           330 000
29798827 Merela Waltteri 6  0  1  1  0  0  0  0  0  8  1  1  1  1  -5  0  0  0  0  0  1.17  7           195 000
22598901 Mustonen Aleksi 9  2  6  8  0  0  0  0  0  28  2  37  72  6  -7  2  0  1  0  0  5.56  50           305 000
28552909 Makitalo Roope 3  1  1  2  0  0  1  0  0  7  0  12  13  2  0  2  0  0  0  0  7.33  22           210 000
25630280 Saarinen Jesse 16  3  12  15  0  0  0  0  0  63  0  0  2  10  -13  4  0  2  1  0  7.19  115           360 000
23186118 Salo Niklas 6  0  1  1  0  0  0  0  0  2  0  0  0  1  -2  0  0  0  0  0  1.00  6           190 000
27355408 Siikonen Miska 13  3  0  3  0  0  1  1  0  27  3  101  80  3  -5  4  0  0  0  0  3.92  51           300 000
27847136 Toivola Artturi 16  2  1  3  0  0  1  0  0  19  4  94  74  5  -8  8  0  0  0  1  3.50  56           225 000
23521841 Tyrvainen Antti 8  1  1  2  0  0  0  0  0  16  3  4  4  1  0  0  0  0  0  0  3.13  25           260 000
25443752 Vartiainen Taavi 16  2  4  6  0  0  0  0  0  36  11  6  8  6  -8  2  0  1  0  0  3.94  63           230 000
29937154 Ylonen Jesse 13  4  3  7  0  0  1  0  0  46  1  0  1  7  -4  2  0  0  1  1  6.23  81           265 000
100033757 Zohorna Hynek 14  7  4  11  0  0  1  0  0  50  2  9  16  10  -9  4  0  0  1  1  7.79  109           375 000
SaiPa
ID Maalivahti O M S P V H TP TO PM NP JM OR X XX XXX LPP/O LPP Arvo
28628202 Kaarlehto Karolus 0  0  0  0  0  0  0  0  0  0  0  0  0  0  0  0  0               245 000
23486067 Tuohimaa Frans 10  0  0  0  4  3  3  228  26  1  2  0  1  1  1  6.50  65               335 000
27843800 Westerholm Niclas 3  0  0  0  2  1  0  79  8  1  0  0  0  1  1  11.00  33               290 000
ID Puolustaja O M S P AVM AVS VM TM JA L B ALV ALH + - JM OR X XX XXX LPP/O LPP Arvo
24270214 Autio Erik 12  1  2  3  0  0  0  0  0  23  3  0  0  6  -6  2  0  0  0  0  3.83  46               280 000
100032656 Denisov Vladimir 13  0  3  3  0  0  0  0  0  13  2  0  1  8  -9  33  0  0  0  0  2.69  35               230 000
100039663 Kichton Brenden Fredrick 13  1  5  6  0  0  0  0  0  41  3  0  0  10  -8  4  0  1  0  1  6.62  86               340 000
22064150 Kojo Markus 10  0  1  1  0  0  0  0  0  14  4  0  0  2  -2  40  0  1  0  0  1.80  18               210 000
22487436 Maalahti Kalle 13  1  3  4  0  0  1  0  0  47  7  0  0  3  -8  10  0  0  0  1  5.15  67               315 000
28891819 Salo Robin 13  0  2  2  0  0  0  0  0  21  2  0  0  5  -5  4  0  0  0  0  2.77  36               255 000
25543115 Sneck Jere 13  0  4  4  0  0  0  0  0  23  1  0  0  4  -8  4  0  0  0  0  3.08  40               225 000
30033458 Torikka Kasperi 2  0  0  0  0  0  0  0  0  1  0  0  1  0  -1  0  0  0  0  0  -1.00  -2               200 000
28842826 Vainio Veeti 0  0  0  0  0  0  0  0  0  0  0  0  0  0  0  0  0  0  0  0  0  0               195 000
ID Hyokkaaja O M S P AVM AVS VM TM JA L B ALV ALH + - JM OR X XX XXX LPP/O LPP Arvo
100025916 Goodwin David 12  2  1  3  0  0  0  0  0  30  0  2  3  4  -7  2  0  0  0  0  2.92  35           275 000
30013834 Haaparanta Mikko 2  0  0  0  0  0  0  0  0  1  0  0  0  0  -1  0  0  0  0  0  0.00  0           180 000
27776919 Iso-Mustajarvi Tomi 13  3  3  6  0  0  0  0  0  22  2  8  4  6  -4  4  0  0  0  0  4.85  63           240 000
21878800 Kaksonen Elmeri 2  0  2  2  0  0  0  0  0  4  2  0  0  1  0  0  0  1  0  0  7.00  14           250 000
24666721 Koho Ville 9  1  1  2  0  0  0  0  0  12  4  59  58  1  -4  2  0  0  0  0  2.33  21           220 000
100027950 Kunyk Cody 12  3  10  13  0  0  1  0  0  32  4  118  114  10  -3  6  0  0  2  0  9.42  113           365 000
27777125 Kuronen Mikael 8  0  1  1  0  0  0  0  0  3  1  4  7  1  -1  4  0  0  0  0  1.38  11           245 000
22341860 Lehtinen Oskari 10  0  1  1  0  0  0  0  0  13  0  5  3  1  -3  0  0  0  0  0  1.30  13           215 000
29018345 Luusuaniemi Aatu 0  0  0  0  0  0  0  0  0  0  0  0  0  0  0  0  0  0  0  0  0  0           190 000
22483058 Lofman Anssi 7  1  1  2  0  0  0  0  0  10  0  8  15  3  -5  0  0  0  0  0  2.29  16           235 000
40174442 Maia Bastien 0  0  0  0  0  0  0  0  0  0  0  0  0  0  0  0  0  0  0  0  0  0           210 000
100033593 Morley Tyler 13  2  4  6  0  0  0  0  0  48  4  108  85  5  -9  18  0  0  0  0  5.23  68           345 000
32780178 Mantykivi Matias 4  1  0  1  0  0  0  0  0  3  1  0  0  0  0  0  0  0  0  0  3.25  13           205 000
22710462 Nikko Joni 13  4  5  9  0  0  2  1  0  45  1  0  0  8  -8  2  0  0  1  1  7.00  91           320 000
22770952 Nattinen Topi 5  0  2  2  0  0  0  0  0  14  1  6  8  2  -5  4  0  0  0  0  3.80  19           280 000
23770029 Oksanen Ahti 9  4  1  5  0  0  1  0  0  40  2  0  1  2  -2  4  0  0  0  1  6.67  60           350 000
29936595 Oksanen Emil 12  3  3  6  0  0  0  0  0  26  0  0  0  5  -4  0  0  0  0  0  4.33  52           255 000
100026800 Radke Roy 0  0  0  0  0  0  0  0  0  0  0  0  0  0  0  0  0  0  0  0  0  0           285 000
23137280 Saari Micke 3  0  0  0  0  0  0  0  0  7  2  21  18  0  0  0  0  0  0  0  2.00  6           200 000
25458802 Tanus Jonatan 11  2  1  3  0  0  0  0  0  25  2  0  3  6  -8  2  0  0  0  0  3.36  37           260 000
23555503 Vainikainen Ville 1  0  0  0  0  0  0  0  0  1  0  0  2  0  -1  0  0  0  0  0  -1.00  -1           185 000
30356928 Virtanen Santeri 10  2  0  2  0  0  1  0  0  19  3  38  45  4  -5  6  0  1  1  0  3.90  39           225 000
Sport
ID Maalivahti O M S P V H TP TO PM NP JM OR X XX XXX LPP/O LPP Arvo
21296411 Aittokallio Sami 4  0  0  0  1  1  1  100  13  0  0  0  0  0  2  5.50  22               320 000
21851801 Jarvinen Mika 10  0  0  0  2  4  4  261  26  0  10  0  1  2  1  5.90  59               325 000
34379697 Molder Conrad 0  0  0  0  0  0  0  0  0  0  0  0  0  0  0  0  0               200 000
ID Puolustaja O M S P AVM AVS VM TM JA L B ALV ALH + - JM OR X XX XXX LPP/O LPP Arvo
22510552 Manninen Oskari 13  1  1  2  0  0  0  0  0  33  0  1  0  11  -8  12  0  0  0  0  5.15  67               255 000
22675468 Nevalainen Niklas 12  2  2  4  0  0  0  0  0  20  1  0  0  7  -5  14  0  0  0  0  4.42  53               245 000
22684873 Niemi Jyri 13  0  4  4  0  0  0  0  0  40  5  0  0  12  -5  8  0  0  0  0  6.46  84               310 000
29788507 Pennanen Toivo 0  0  0  0  0  0  0  0  0  0  0  0  0  0  0  0  0  0  0  0  0  0               155 000
100039487 Robak Colby 13  0  7  7  0  1  0  0  0  35  3  0  0  15  -3  6  0  0  1  0  8.77  114               325 000
23217870 Saukko Ville 2  0  0  0  0  0  0  0  0  2  0  0  0  1  -1  2  0  0  0  0  2.50  5               210 000
24223973 Sund Tony 13  3  5  8  0  0  1  0  1  48  1  0  0  7  -10  10  0  2  0  0  8.00  104               275 000
23561924 Vainonen Mikko 0  0  0  0  0  0  0  0  0  0  0  0  0  0  0  0  0  0  0  0  0  0               195 000
25334515 Viljanen Valtteri 13  0  2  2  0  0  0  0  0  27  1  0  0  2  -8  6  0  0  1  0  2.23  29               225 000
23620535 Westermarck Victor 12  0  3  3  0  0  0  0  0  21  0  0  0  2  -4  2  0  0  0  0  2.58  31               235 000
ID Hyokkaaja O M S P AVM AVS VM TM JA L B ALV ALH + - JM OR X XX XXX LPP/O LPP Arvo
21292664 Ainali Aleksi 11  5  4  9  0  0  0  1  0  37  0  64  57  6  -3  10  0  0  0  1  8.45  93           320 000
34399525 Arrak Robert 0  0  0  0  0  0  0  0  0  0  0  0  0  0  0  0  0  0  0  0  0  0           200 000
40313185 Claireaux Valentin 8  0  0  0  0  0  0  0  0  11  2  32  46  0  -3  0  0  0  0  0  0.38  3           215 000
24641005 Kalapudas Antti 11  4  7  11  0  0  0  0  2  35  0  56  78  5  -5  4  0  3  0  0  7.82  86           315 000
21881428 Kallela Toni 11  3  7  10  0  0  0  0  0  34  0  0  0  10  -5  0  0  0  1  0  7.55  83           325 000
27407152 Kiviranta Joel 10  1  3  4  0  0  0  0  0  49  1  4  4  6  -4  10  0  1  0  0  6.50  65           330 000
22078939 Komulainen Joonas 0  0  0  0  0  0  0  0  0  0  0  0  0  0  0  0  0  0  0  0  0  0           300 000
22237482 Korkko Tomi 13  1  0  1  1  0  0  0  0  18  1  0  1  2  -7  0  0  0  0  0  1.54  20           225 000
27657957 Lehtimaki Miro 9  0  1  1  0  0  0  0  0  12  0  1  3  3  -2  0  0  0  0  0  1.56  14           220 000
24230814 Paukku Jesse 10  0  2  2  0  0  0  0  0  15  0  0  2  2  -6  16  0  0  0  0  1.60  16           225 000
100034105 Rapuzzi William 13  4  3  7  0  0  1  0  0  31  3  2  7  10  -6  2  0  0  0  0  5.62  73           250 000
23064609 Riska Erik 13  3  1  4  0  1  0  2  0  15  3  31  45  8  -5  8  0  0  0  0  4.00  52           235 000
100034478 Sutter Brody 8  1  3  4  1  0  0  1  0  18  2  53  55  5  -3  2  0  0  0  0  5.63  45           275 000
25454518 Talaja Roope 12  9  7  16  0  0  1  1  1  55  4  0  2  11  -4  6  0  2  1  0  12.33  148           355 000
28506900 Tikka Tommi 12  4  4  8  0  0  0  0  0  29  2  124  121  11  -5  28  0  0  0  0  6.42  77           280 000
23597163 Vauhkonen Olavi 13  2  9  11  0  0  0  0  1  59  2  13  17  9  -7  8  0  1  0  0  8.15  106           335 000
100034236 Willman Borvik Gustav 0  0  0  0  0  0  0  0  0  0  0  0  0  0  0  0  0  0  0  0  0  0           210 000
Tappara
ID Maalivahti O M S P V H TP TO PM NP JM OR X XX XXX LPP/O LPP Arvo
24288659 Backstrom Niklas 4  0  0  0  3  0  1  80  6  1  0  0  1  1  0  10.25  41               310 000
21589720 Heljanko Christian 9  0  0  0  4  4  1  190  19  0  2  0  1  1  1  5.44  49               360 000
30582802 Rautiainen Kimmo 0  0  0  0  0  0  0  0  0  0  0  0  0  0  0  0  0               230 000
ID Puolustaja O M S P AVM AVS VM TM JA L B ALV ALH + - JM OR X XX XXX LPP/O LPP Arvo
40371281 Blood Ben 13  2  5  7  0  0  0  0  0  38  8  0  0  8  -4  14  0  1  0  0  7.08  92               255 000
21403877 Elorinne Aleksi 13  2  3  5  0  0  1  0  0  20  5  0  0  10  -3  4  0  0  1  0  6.62  86               265 000
100027024 Falth Elias 12  0  2  2  0  0  0  0  0  28  1  0  0  6  -10  2  0  0  0  0  2.50  30               230 000
21974869 Kemilainen Valtteri 13  1  3  4  0  0  0  0  0  57  1  0  0  8  -8  6  0  0  0  0  5.69  74               350 000
31585390 Kukkonen Miska 1  0  0  0  0  0  0  0  0  0  0  0  0  0  0  0  0  0  0  0  0.00  0               170 000
24884833 Mantyla Tuukka 12  0  5  5  0  0  0  0  0  17  4  0  0  11  -9  4  0  1  0  0  5.33  64               270 000
23000702 Rantakari Otso 13  3  3  6  0  0  2  0  0  62  0  0  0  6  -6  10  0  0  0  1  7.85  102               400 000
28273262 Rautanen Juho 14  1  2  3  0  0  0  0  0  19  6  0  0  8  -6  2  0  0  0  0  3.71  52               225 000
30738423 Utunen Toni 3  0  0  0  0  0  0  0  0  8  1  0  0  0  -1  0  0  0  0  0  1.00  3               200 000
23680559 Vittasmaki Veli-Matti 6  0  1  1  0  0  0  0  0  13  0  0  0  2  -1  2  0  0  0  0  3.33  20               245 000
ID Hyokkaaja O M S P AVM AVS VM TM JA L B ALV ALH + - JM OR X XX XXX LPP/O LPP Arvo
21411429 Erkinjuntti Antti 13  3  4  7  0  0  1  1  0  39  2  1  1  6  -8  2  0  1  0  0  5.31  69           315 000
21785090 Jasu Juhani 13  5  2  7  0  0  1  0  0  29  5  118  90  8  -5  2  0  1  0  1  7.00  91           295 000
21848539 Jarvinen Jan-Mikael 13  0  3  3  0  0  0  0  0  26  2  63  63  6  -6  8  0  0  0  0  3.46  45           280 000
21851458 Jarvinen Matti 13  2  4  6  0  0  0  0  0  22  0  79  69  5  -7  8  0  0  0  0  4.23  55           285 000
21924709 Karjalainen Jere 0  0  0  0  0  0  0  0  0  0  0  0  0  0  0  0  0  0  0  0  0  0           320 000
24622477 Kuusela Kristian 13  5  7  12  0  0  1  0  1  55  1  0  1  12  -6  2  0  1  1  4  9.85  128           425 000
22357760 Lehtonen Matias 3  0  0  0  0  0  0  0  0  1  0  0  0  0  0  0  0  0  0  0  0.33  1           180 000
27746619 Levtchi Anton 13  2  4  6  0  0  0  0  0  16  1  0  3  5  -2  2  0  0  1  0  3.85  50           245 000
28745305 Luoto Joona 13  1  3  4  0  0  0  0  0  21  2  0  0  9  -6  10  0  0  1  0  4.46  58           260 000
22497989 Malinen Jarkko 13  4  4  8  0  0  0  0  0  20  0  110  90  10  -4  2  0  0  0  0  5.85  76           335 000
29846355 Moilanen Sami 3  1  1  2  0  0  0  0  0  1  0  0  0  2  -1  0  0  0  0  0  4.67  14           210 000
24064653 Makinen Otto 0  0  0  0  0  0  0  0  0  0  0  0  0  0  0  0  0  0  0  0  0  0           170 000
23764585 Ojamaki Niko 12  2  4  6  0  0  1  0  0  42  5  1  0  4  -9  0  0  1  0  1  5.25  63           340 000
40102012 Puistola Patrik 8  0  1  1  0  0  0  0  0  4  1  0  0  3  -4  0  0  0  0  0  1.25  10           190 000
25113804 Rauhala Otto 13  1  2  3  0  0  0  0  0  11  1  15  14  6  -5  0  0  0  0  1  2.62  34           230 000
31574013 Simontaival Kasper 0  0  0  0  0  0  0  0  0  0  0  0  0  0  0  0  0  0  0  0  0  0           200 000
31854445 Tanus Kristian 0  0  0  0  0  0  0  0  0  0  0  0  0  0  0  0  0  0  0  0  0  0           175 000
40315414 Zaborsky Tomas 13  3  3  6  0  0  0  0  0  47  1  1  0  5  -4  4  0  0  1  0  5.46  71           355 000
TPS
ID Maalivahti O M S P V H TP TO PM NP JM OR X XX XXX LPP/O LPP Arvo
29948198 Anttila Eetu 0  0  0  0  0  0  0  0  0  0  0  0  0  0  0  0  0               220 000
100035404 Haukeland Henrik 6  0  0  0  4  2  0  132  15  1  0  0  1  0  1  7.17  43               330 000
23032013 Rautiola Antti 0  0  0  0  0  0  0  0  0  0  0  0  0  0  0  0  0               210 000
23451584 Tirronen Rasmus 8  0  0  0  3  3  2  182  23  0  2  0  0  1  1  4.75  38               350 000
ID Puolustaja O M S P AVM AVS VM TM JA L B ALV ALH + - JM OR X XX XXX LPP/O LPP Arvo
100026486 Ekestahl Jonsson Lucas 13  2  7  9  0  0  0  0  0  34  1  1  0  12  -7  4  0  1  1  0  8.54  111               335 000
23806498 Eronen Elmeri 14  2  1  3  0  0  0  0  0  21  4  0  0  11  -5  2  0  0  0  0  4.71  66               240 000
24318448 Forsstrom Jani 12  0  1  1  0  0  0  0  0  22  0  0  0  4  -5  4  0  0  0  0  2.17  26               225 000
100039077 Gormley Brandon 11  2  3  5  0  0  2  0  0  25  4  0  0  8  -8  6  0  1  0  0  6.55  72               330 000
24381077 Heikkinen Ilkka 12  0  5  5  0  0  0  0  0  50  2  0  0  7  -7  37  0  0  0  0  4.67  56               385 000
29606838 Isiguzo Bernard 0  0  0  0  0  0  0  0  0  0  0  0  0  0  0  0  0  0  0  0  0  0               210 000
31765398 Kaskinen Olli 11  1  0  1  0  0  1  0  0  27  5  0  0  4  -5  2  0  0  0  0  3.09  34               235 000
28879967 Koski Kevin 0  0  0  0  0  0  0  0  0  0  0  0  0  0  0  0  0  0  0  0  0  0               165 000
22452814 Lukka Santeri 12  0  3  3  0  0  0  0  0  36  1  0  0  6  -8  2  0  0  0  0  3.58  43               340 000
100029133 Piskula Joseph 14  1  4  5  0  0  0  0  0  21  3  0  0  14  -8  10  0  0  0  0  6.14  86               280 000
29620597 Pylkkanen Eetu 0  0  0  0  0  0  0  0  0  0  0  0  0  0  0  0  0  0  0  0  0  0               170 000
ID Hyokkaaja O M S P AVM AVS VM TM JA L B ALV ALH + - JM OR X XX XXX LPP/O LPP Arvo
40354092 Bjorkstrand Patrick 13  1  3  4  0  0  0  0  0  34  1  17  27  5  -8  0  0  0  0  0  2.92  38           285 000
40435937 Budish Zach 14  7  4  11  0  0  1  0  0  42  3  27  24  8  -12  35  0  2  1  1  7.43  104           360 000
24315179 Filppula Ilari 11  2  7  9  0  0  0  0  0  27  0  82  87  10  -8  20  0  0  1  0  6.64  73           420 000
40005898 Kakko Kaapo 11  6  4  10  0  0  1  0  0  62  0  22  26  13  -8  2  0  1  1  2  10.45  115           385 000
29805082 Karvonen Elias 14  2  1  3  0  0  0  0  0  24  6  81  112  5  -8  4  0  1  0  0  2.57  36           210 000
24674991 Korpikoski Lauri 0  0  0  0  0  0  0  0  0  0  0  0  0  0  0  0  0  0  0  0  0  0           365 000
23837263 Kuru Hannu 6  1  1  2  0  0  0  0  0  13  2  6  6  2  -1  2  0  0  0  0  4.33  26           220 000
30041411 Nevasaari Arttu 2  0  0  0  0  0  0  0  0  0  0  0  0  0  0  0  0  0  0  0  0.00  0           165 000
24916798 Nieminen Otto 10  3  2  5  0  0  0  0  0  22  6  0  0  9  -6  2  0  2  0  0  6.20  62           245 000
29991637 Nurmi Markus 14  0  2  2  0  0  0  0  0  22  0  3  1  5  -6  2  0  0  0  0  2.29  32           230 000
40005897 Pajuniemi Lauri 7  1  3  4  0  0  0  0  0  13  0  0  0  4  -1  0  0  0  1  0  5.00  35           250 000
27900714 Palmu Petrus 2  0  2  2  0  0  0  0  0  4  0  2  0  1  -4  0  0  0  0  1  6.00  12           390 000
22805092 Palve Oula 9  2  7  9  0  0  0  0  0  39  0  67  54  6  -6  2  0  0  0  0  8.11  73           440 000
34601569 Parssinen Juuso 3  0  0  0  0  0  0  0  0  1  0  17  20  0  0  0  0  0  0  0  0.00  0           185 000
27889767 Savolainen Joonas 2  0  0  0  0  0  0  0  0  2  0  0  0  0  -1  0  0  0  0  0  0.50  1           175 000
25652103 Siiki Oskari 11  2  2  4  0  0  1  0  0  19  2  1  3  6  -2  4  0  0  0  0  4.36  48           225 000
25651492 Suoranta Simon 12  6  3  9  0  0  1  0  0  20  5  4  3  11  -3  6  0  0  0  1  8.08  97           370 000
23669075 Virtanen Jonne 12  0  4  4  0  0  0  0  0  5  1  53  67  6  -4  14  0  0  0  0  1.83  22           215 000
29837610 Vayrynen Teemu 14  0  3  3  0  0  0  0  0  20  1  1  4  6  -8  4  0  0  0  0  2.21  31           235 000
Assat
ID Maalivahti O M S P V H TP TO PM NP JM OR X XX XXX LPP/O LPP Arvo
34282069 Bernard Andreas 10  0  0  0  5  4  0  249  23  0  2  0  0  2  0  6.00  60               330 000
25655472 Kiviaho Henri 3  0  0  0  0  1  2  41  5  0  0  0  0  1  0  3.33  10               300 000
28976721 Kotkaniemi Kasperi 0  0  0  0  0  0  0  0  0  0  0  0  0  0  0  0  0               250 000
ID Puolustaja O M S P AVM AVS VM TM JA L B ALV ALH + - JM OR X XX XXX LPP/O LPP Arvo
31848134 Ketola Juuso 1  0  0  0  0  0  0  0  0  0  0  0  0  0  0  0  0  0  0  0  0.00  0               180 000
24820363 Marttinen Jyri 10  3  3  6  0  0  2  0  0  33  5  0  0  10  -2  10  0  1  0  0  11.00  110               355 000
22843711 Peltola Niko 12  0  1  1  0  0  0  0  0  20  9  0  0  8  -6  16  0  0  0  0  3.33  40               275 000
29782985 Peltomaki Niklas 11  1  1  2  0  0  1  0  0  21  2  0  0  1  -4  2  0  0  1  0  2.73  30               215 000
23167645 Salmela Saku 11  0  2  2  0  0  0  0  0  17  5  0  0  4  -12  0  0  0  0  0  1.55  17               225 000
23241406 Seppala Jere 8  0  1  1  0  0  0  0  0  8  2  0  0  6  -1  0  0  0  0  0  3.63  29               255 000
23384884 Taimi Tommi 0  0  0  0  0  0  0  0  0  0  0  0  0  0  0  0  0  0  0  0  0  0               330 000
23470251 Tommila Juho 9  1  1  2  0  0  0  0  0  19  2  0  0  4  -7  6  0  0  0  0  3.67  33               235 000
23485961 Tuohilampi Kristian 12  0  1  1  0  0  0  0  0  19  3  0  0  5  -7  10  0  0  0  0  2.58  31               230 000
24177621 Varttinen Aleksi 12  0  0  0  0  0  0  0  0  20  8  0  0  7  -4  6  0  0  1  1  3.50  42               240 000
28504481 Vuorisalo Teemu 0  0  0  0  0  0  0  0  0  0  0  0  0  0  0  0  0  0  0  0  0  0               210 000
ID Hyokkaaja O M S P AVM AVS VM TM JA L B ALV ALH + - JM OR X XX XXX LPP/O LPP Arvo
24271404 Appelgren Niklas 6  0  1  1  0  0  0  0  0  10  4  19  36  1  -3  6  0  0  0  0  1.83  11           220 000
21667257 Huhtanen Tuomas 10  1  0  1  0  0  0  0  0  22  2  0  0  1  -5  8  0  1  0  0  2.90  29           215 000
27852901 Juhola Jouka 5  2  0  2  0  0  0  0  0  10  0  0  1  2  -3  0  0  1  0  0  3.80  19           235 000
21829260 Juusela Aki 4  0  1  1  0  0  0  0  0  7  1  0  0  1  -2  0  0  0  0  0  2.25  9           205 000
30561454 Killinen Lenni 12  0  3  3  0  0  0  0  0  17  3  1  0  4  -6  0  0  0  0  0  2.42  29           230 000
31165561 Kivenmaki Otto 2  0  0  0  0  0  0  0  0  0  0  0  0  0  -2  0  0  0  0  0  -1.00  -2           200 000
22227780 Karki Jarno 12  5  6  11  0  0  1  1  0  64  3  1  8  10  -4  2  0  0  1  1  9.33  112           395 000
24771797 Laakso Tommi 0  0  0  0  0  0  0  0  0  0  0  0  0  0  0  0  0  0  0  0  0  0           165 000
24719953 Lamberg Matti 0  0  0  0  0  0  0  0  0  0  0  0  0  0  0  0  0  0  0  0  0  0           195 000
22479185 Lahteenmaki Sami 0  0  0  0  0  0  0  0  0  0  0  0  0  0  0  0  0  0  0  0  0  0           320 000
24881755 Makkonen Jussi 12  1  1  2  0  0  0  0  0  23  2  75  94  8  -9  6  0  0  0  0  2.58  31           275 000
23039812 Rekonen Aleksi 12  2  2  4  0  0  0  0  0  37  6  8  14  8  -7  0  0  0  0  0  4.25  51           250 000
23155013 Saha Mikael 11  1  0  1  0  0  0  0  0  24  3  3  8  1  -7  0  0  0  0  0  1.45  16           210 000
23179112 Salminen Sakari 12  3  10  13  0  0  0  0  0  41  0  0  0  12  -4  4  0  0  1  1  9.25  111           405 000
23181087 Salmio Mikko 10  2  2  4  0  0  0  0  0  18  3  0  1  4  -5  0  0  0  0  0  3.70  37           225 000
29452024 Sammalisto Jerry 3  0  0  0  0  0  0  0  0  4  0  8  9  0  0  0  0  0  0  0  1.00  3           175 000
23264399 Sillanpaa Severi 12  0  4  4  0  0  0  0  0  6  0  76  82  5  -5  4  0  0  0  0  2.00  24           215 000
23441604 Tiivola Peter 12  5  4  9  0  0  1  1  0  24  1  113  133  9  -4  4  0  0  0  2  6.75  81           325 000
24177618 Varttinen Matias 6  0  0  0  0  0  0  0  0  16  3  0  0  0  0  0  0  0  0  0  2.00  12           210 000
