Blues
Maalivahti O M S P V H TP TO PM NP JM OR X XX XXX LPP/O LPP Arvo
Engstrand Christian 4  0  0  0  0  3  1  99  6  0  0  0  3  0  0  6.25  25               285 000
Kahkonen Kaapo 6  0  0  0  1  2  3  179  18  0  0  0  2  1  0  7.17  43               340 000
Rasilainen Samuli 0  0  0  0  0  0  0  0  0  0  0  0  0  0  0  0  0               150 000
HIFK
Heljanko Christian 0  0  0  0  0  0  0  0  0  0  0  0  0  0  0  0  0               150 000
Husso Ville 8  0  0  0  5  1  2  190  14  1  0  0  2  1  1  10.13  81               395 000
Lankinen Kevin 3  0  0  0  0  2  1  69  9  0  0  0  0  1  0  3.33  10               335 000
HPK
Jarvinen Kristian 2  0  0  0  0  0  0  18  1  0  0  0  0  0  0  1.50  3               260 000
Myllyniemi Jere 10  0  1  1  2  6  2  237  29  0  0  0  0  1  1  5.00  50               330 000
Ilves
Kiviaho Henri 1  0  0  0  0  0  0  8  0  0  0  0  0  0  0  1.00  1               235 000
Toivonen Hannu 11  0  1  1  1  6  4  237  27  1  0  0  1  3  2  6.18  68               385 000
Viksten Nico 0  0  0  0  0  0  0  0  0  0  0  0  0  0  0  0  0               150 000
Yrjola Lassi 0  0  0  0  0  0  0  0  0  0  0  0  0  0  0  0  0               150 000
JYP
Saikkonen Dennis 0  0  0  0  0  0  0  0  0  0  0  0  0  0  0  0  0               210 000
Tarkki Tuomas 5  0  0  0  2  3  0  98  11  0  0  0  0  0  1  3.80  19               350 000
Vehvilainen Veini 6  0  0  0  3  2  1  153  10  0  0  0  1  1  2  8.83  53               320 000
KalPa
Kilpelainen Eero 8  0  0  0  4  1  3  185  8  4  0  0  3  2  1  15.50  124               400 000
Perhonen Samu 1  0  0  0  1  0  0  19  2  0  0  0  1  0  0  7.00  7               270 000
KooKoo
Cloutier Frederic 5  0  0  0  2  1  1  113  10  0  0  0  1  0  1  6.80  34               350 000
Jarvenpaa Juha 6  0  0  0  1  3  2  192  16  0  0  0  1  1  1  8.50  51               340 000
Karpat
Aittokallio Sami 4  0  0  0  2  1  0  99  9  0  0  0  0  1  0  6.75  27               390 000
Tarkki Iiro 7  0  0  0  5  2  0  157  12  1  0  0  0  0  1  8.86  62               360 000
Valiharju Sami 0  0  0  0  0  0  0  0  0  0  0  0  0  0  0  0  0               150 000
Lukko
Dufva Valentin 0  0  0  0  0  0  0  0  0  0  0  0  0  0  0  0  0               150 000
Karjalainen Antti 0  0  0  0  0  0  0  0  0  0  0  0  0  0  0  0  0               150 000
Rinne Rasmus 0  0  0  0  0  0  0  0  0  0  0  0  0  0  0  0  0               285 000
Zapolski Ryan 10  0  1  1  5  3  2  257  16  2  2  0  2  1  1  12.00  120               420 000
Pelicans
Eskelinen Toni 0  0  0  0  0  0  0  0  0  0  0  0  0  0  0  0  0               150 000
Hovinen Niko 3  0  0  0  1  2  0  61  8  1  0  0  0  0  1  7.00  21               340 000
Juvonen Janne 0  0  0  0  0  0  0  0  0  0  0  0  0  0  0  0  0               300 000
Rajaniemi Sami 8  0  0  0  3  2  2  197  14  1  0  0  0  0  2  9.25  74               330 000
SaiPa
Markkanen Jussi 6  0  0  0  3  2  0  125  13  1  0  0  0  0  1  6.83  41               375 000
Nieminen Jani 4  0  0  0  0  2  2  71  14  0  0  0  0  0  0  -0.50  -2               325 000
Pietila Misa 0  0  0  0  0  0  0  0  0  0  0  0  0  0  0  0  0               150 000
Ruokonen Ville 0  0  0  0  0  0  0  0  0  0  0  0  0  0  0  0  0               150 000
Sport
Jarvinen Mika 9  0  0  0  4  3  2  261  21  0  10  0  1  3  2  9.11  82               340 000
Laakso Leevi 0  0  0  0  0  0  0  0  0  0  0  0  0  0  0  0  0               150 000
Niemi Timo 1  0  0  0  0  1  0  17  5  0  0  0  0  0  0  -5.00  -5               215 000
Tappara
Hrachovina Dominik 1  0  0  0  1  0  0  33  0  1  0  0  0  0  1  29.00  29               215 000
Karhunen Tomi 8  0  0  0  6  2  0  195  16  1  0  0  1  1  1  9.75  78               385 000
Pajpach Maximilian 0  0  0  0  0  0  0  0  0  0  0  0  0  0  0  0  0               150 000
TPS
Georgiev Aleksandar 4  0  0  0  2  1  0  65  5  1  4  0  0  0  2  8.50  34               300 000
Lassila Teemu 9  0  0  0  2  3  3  191  20  1  0  0  1  3  0  6.44  58               340 000
Setanen Oskari 1  0  0  0  0  0  0  2  0  0  0  0  0  0  0  0.00  0               240 000
Assat
Ahonen Ari 0  0  0  0  0  0  0  0  0  0  0  0  0  0  0  0  0               300 000
Bernard Andreas 10  0  0  0  3  5  2  291  18  1  0  0  3  0  2  10.10  101               360 000
Kulmala Arttu 0  0  0  0  0  0  0  0  0  0  0  0  0  0  0  0  0               150 000
Puolustaja O M S P AVM AVS VM TM JA L B ALV + - JM OR X XX XXX LPP/O LPP Arvo
Blues
Kaijomaa Kalle 10  1  4  5  0  0  0  0  0  29  0  0  4  -7  8  0  0  0  0  5.70  57               300 000
Kukkonen Mikko 10  0  0  0  0  0  0  0  0  12  3  0  4  -6  2  0  0  0  0  1.20  12               240 000
Kuukka Mikko 10  0  1  1  0  0  0  0  0  15  4  0  3  -4  10  0  0  0  0  3.00  30               260 000
Rantakari Otso 10  1  5  6  0  0  0  0  0  44  2  0  5  -6  16  0  0  1  0  7.30  73               355 000
Seppala Jere 9  0  0  0  0  0  0  0  0  8  2  0  1  -3  2  0  0  0  0  0.78  7               235 000
Vainio Juuso 9  1  1  2  0  0  0  0  0  26  1  0  2  -5  4  0  0  1  0  3.56  32               275 000
Vainio Veeti 1  0  0  0  0  0  0  0  0  4  0  0  0  0  0  0  0  0  0  2.00  2               185 000
Westermarck Victor 9  0  0  0  0  0  0  0  0  11  0  1  2  -2  2  0  0  0  0  1.56  14               195 000
HIFK
Auvitu Yohann 10  3  2  5  0  0  0  1  0  36  0  0  10  -9  2  0  0  0  0  7.30  73               335 000
Generous Matt 7  0  0  0  0  0  0  0  0  17  1  0  2  -4  2  0  0  0  0  1.71  12               205 000
Grillfors Daniel 11  2  8  10  0  0  1  0  0  38  1  0  12  -9  0  0  0  2  0  10.36  114               355 000
Heikkinen Eemeli 9  0  0  0  0  0  0  0  0  10  0  0  2  -4  14  0  0  0  0  0.44  4               190 000
Jarvinen Joonas 11  1  1  2  0  0  0  0  0  26  1  0  7  -3  10  0  0  0  0  5.18  57               300 000
Karjalainen Miro 0  0  0  0  0  0  0  0  0  0  0  0  0  0  0  0  0  0  0  0  0               150 000
Moberg Sebastian 2  0  0  0  0  0  0  0  0  1  0  0  0  0  0  0  0  0  0  0.50  1               185 000
Salmi Juuso 9  1  0  1  0  0  0  0  0  10  3  0  5  -2  4  0  0  0  0  3.67  33               225 000
Taimi Tommi 0  0  0  0  0  0  0  0  0  0  0  0  0  0  0  0  0  0  0  0  0               390 000
Taipalus Lauri 11  0  0  0  0  0  0  0  0  32  1  0  6  -4  18  0  0  0  0  2.82  31               350 000
Teppo Miihkali 7  0  0  0  0  0  0  0  0  12  2  0  2  0  0  0  0  0  0  2.14  15               215 000
HPK
Auvinen Henri 10  1  0  1  0  0  0  0  0  18  6  0  3  -7  20  0  0  1  0  2.60  26               200 000
Forsberg Henrik 8  0  1  1  0  0  0  0  0  14  1  5  2  -7  2  0  0  0  0  1.50  12               245 000
Haapanen Markus 0  0  0  0  0  0  0  0  0  0  0  0  0  0  0  0  0  0  0  0  0               150 000
Haaranen Matias 10  0  3  3  0  0  0  0  0  17  0  0  5  -6  2  0  0  0  0  3.30  33               255 000
Jarventie Martti 10  0  2  2  0  0  0  0  0  24  2  0  5  -12  4  0  0  0  0  2.30  23               250 000
Kaislehto Teemu 0  0  0  0  0  0  0  0  0  0  0  0  0  0  0  0  0  0  0  0  0               150 000
Lehtivuori Joonas 8  1  1  2  0  0  1  0  0  29  3  0  4  -6  14  0  0  0  0  4.25  34               285 000
Nikkila Petteri 10  0  2  2  0  0  0  0  0  11  6  0  6  -11  4  0  0  0  0  2.40  24               280 000
Saari Santeri 10  0  1  1  0  0  0  0  0  22  3  0  2  -4  2  0  0  0  0  2.20  22               205 000
Tuulola Joni 10  0  1  1  0  0  0  0  0  21  0  0  2  -4  6  0  0  1  0  2.50  25               240 000
Ilves
Fagerudd Marcus 11  2  1  3  0  0  0  0  0  43  1  0  3  -5  4  0  0  0  0  4.82  53               300 000
Jarvinen Ville 0  0  0  0  0  0  0  0  0  0  0  0  0  0  0  0  0  0  0  0  0               150 000
Kessel Blake 11  1  1  2  0  0  0  0  0  49  1  0  3  -6  2  0  0  0  0  3.73  41               275 000
Makela Aleksi 7  0  1  1  0  0  0  0  0  14  0  0  2  -3  2  0  0  0  0  2.57  18               200 000
Makinen Konsta 11  1  0  1  0  0  0  0  0  20  2  0  4  -8  4  0  0  0  0  2.18  24               300 000
Niemi Jyri 4  0  2  2  0  0  0  0  0  10  0  0  2  -1  2  0  0  0  0  6.00  24               345 000
Nappila Jarkko 10  0  0  0  0  0  0  0  0  33  2  0  2  -9  2  0  0  0  0  1.10  11               285 000
Parikka Jarkko 0  0  0  0  0  0  0  0  0  0  0  0  0  0  0  0  0  0  0  0  0               170 000
Salmela Saku 10  0  2  2  0  0  0  0  0  40  2  0  3  -2  2  0  0  0  0  4.30  43               340 000
Vainio Olli 2  0  0  0  0  0  0  0  0  5  0  0  0  0  0  0  0  0  0  1.50  3               185 000
Vittasmaki Veli-Matti 11  1  2  3  0  0  0  0  0  28  0  0  4  -11  4  0  0  0  0  2.91  32               300 000
JYP
Aitola Olli 2  0  0  0  0  0  0  0  0  1  0  0  0  0  0  0  0  0  0  0.50  1               160 000
Hietanen Valtteri 11  0  2  2  0  0  0  0  0  23  3  0  6  -9  2  0  0  0  0  2.82  31               215 000
Kalteva Mikko 11  1  3  4  0  0  0  0  0  35  1  0  7  -1  2  0  1  0  0  6.36  70               350 000
Kemilainen Valtteri 11  1  4  5  0  0  0  0  0  50  2  0  5  -2  12  0  0  0  0  7.91  87               410 000
Luoma Mikko 9  1  0  1  0  0  0  0  0  30  0  0  5  -4  2  0  0  0  0  3.89  35               310 000
Niku Sami 11  0  1  1  0  0  0  0  0  26  2  0  4  -7  2  0  0  1  0  2.45  27               285 000
Pulli Juuso 0  0  0  0  0  0  0  0  0  0  0  0  0  0  0  0  0  0  0  0  0               305 000
Salonen Aleksi 11  1  0  1  0  0  0  0  0  32  0  0  2  -3  12  0  0  0  0  2.18  24               255 000
Yonkman Nolan 11  0  0  0  0  0  0  0  0  18  1  0  7  -8  4  0  0  1  0  2.18  24               245 000
KalPa
Halonen Antti 6  2  0  2  0  0  0  0  0  7  1  0  2  -1  4  0  0  0  0  5.33  32               270 000
Jokela Mikko 9  0  0  0  0  0  0  0  0  14  1  0  6  -3  6  0  0  0  0  3.22  29               240 000
Leskinen Otto 0  0  0  0  0  0  0  0  0  0  0  0  0  0  0  0  0  0  0  0  0               185 000
Lukka Santeri 9  1  5  6  0  0  0  0  0  38  0  0  3  -2  2  0  0  0  0  7.56  68               300 000
Lyytinen Joonas 8  1  1  2  0  0  0  0  0  41  1  0  2  -2  6  0  0  0  0  5.88  47               335 000
Mikkola Niko 9  0  1  1  0  0  0  0  0  10  1  0  3  -5  2  0  0  0  0  1.56  14               190 000
Riikola Juuso 9  1  4  5  0  0  1  0  0  52  3  0  3  -1  10  0  0  1  1  9.89  89               300 000
Ruuskanen Waltteri 0  0  0  0  0  0  0  0  0  0  0  0  0  0  0  0  0  0  0  0  0               170 000
Timonen Jussi 9  0  2  2  0  0  0  0  0  7  2  0  6  -1  2  0  1  0  0  4.11  37               270 000
Torpstrom Eetu 0  0  0  0  0  0  0  0  0  0  0  0  0  0  0  0  0  0  0  0  0               150 000
KooKoo
Eklund Oscar 2  0  0  0  0  0  0  0  0  5  0  0  1  -3  0  0  0  0  0  0.00  0               280 000
Gronholm Ossi-Petteri 0  0  0  0  0  0  0  0  0  0  0  0  0  0  0  0  0  0  0  0  0               250 000
Koponen Marlo 10  1  0  1  0  0  0  0  0  31  3  0  1  -5  10  0  0  0  1  3.50  35               255 000
Kurki Mikael 10  0  2  2  0  0  0  0  0  19  3  0  4  -8  6  0  0  0  0  2.80  28               245 000
Lehtonen Mikko 10  2  4  6  0  0  0  0  0  42  2  0  8  -12  0  0  0  0  0  6.70  67               330 000
Nyqvist Julius 5  0  0  0  0  0  0  0  0  7  1  0  0  -1  0  0  0  0  0  1.00  5               170 000
O'connor Ryan 10  1  4  5  0  0  0  0  0  38  3  0  10  -8  0  0  0  0  0  7.20  72               335 000
Pelli Arttu 10  0  1  1  0  0  0  0  0  25  3  0  2  -4  0  0  1  0  0  2.10  21               200 000
Vallin Ari 0  0  0  0  0  0  0  0  0  0  0  0  0  0  0  0  0  0  0  0  0               285 000
Vastila Markus 9  1  0  1  0  0  0  0  0  24  1  0  7  -2  2  0  0  0  0  4.78  43               215 000
Karpat
Hakanpaa Jani 10  0  3  3  0  1  0  0  0  23  1  0  6  -5  6  0  0  0  0  4.90  49               300 000
Kukkonen Lasse 10  0  4  4  0  1  0  0  0  24  1  0  11  -4  6  0  0  0  0  7.30  73               400 000
Laatikainen Arto 5  3  2  5  0  0  0  0  0  15  0  1  9  -3  2  0  1  0  0  14.60  73               385 000
Masuhr Adam 10  4  1  5  0  0  0  0  0  48  1  0  15  -5  0  0  0  0  0  10.40  104               350 000
Niemela Mikko 10  1  2  3  0  0  1  0  0  19  4  0  4  -8  6  0  0  0  0  4.00  40               250 000
Nutivaara Markus 10  3  2  5  0  0  0  0  0  47  2  0  7  -6  4  0  0  0  1  8.20  82               350 000
Pentikainen Atte 5  0  1  1  0  0  0  0  0  5  1  0  4  -1  0  0  0  0  0  4.20  21               225 000
Ronkainen Taneli 10  0  0  0  0  0  0  0  0  4  0  0  0  -2  2  0  0  0  0  0.10  1               165 000
Siikaluoma Taneli 0  0  0  0  0  0  0  0  0  0  0  0  0  0  0  0  0  0  0  0  0               150 000
Lukko
Ahonen Rony 10  2  3  5  0  0  0  0  0  31  2  0  9  -3  2  0  0  0  0  7.80  78               315 000
Hyvarinen Ville 10  0  0  0  0  0  0  0  0  8  3  0  0  -2  4  0  0  0  0  0.90  9               185 000
Jaatinen Antti 10  0  0  0  0  0  0  0  0  21  2  0  1  -4  4  0  0  0  0  1.40  14               235 000
Koivisto Miika 0  0  0  0  0  0  0  0  0  0  0  0  0  0  0  0  0  0  0  0  0               240 000
Malkamaki Miko 0  0  0  0  0  0  0  0  0  0  0  0  0  0  0  0  0  0  0  0  0               300 000
Mikkola Ilkka 10  0  3  3  0  0  0  0  0  20  2  0  6  -5  8  0  0  0  0  4.80  48               310 000
Niskala Janne 10  4  2  6  0  0  1  1  0  50  1  0  11  -7  12  0  1  1  1  10.10  101               470 000
Tommila Juho 7  0  0  0  0  0  0  0  0  3  0  0  0  -1  4  0  0  0  0  0.57  4               265 000
Virtanen Jesse 10  0  5  5  0  0  0  0  0  65  1  0  9  -8  4  0  2  0  0  8.30  83               385 000
Pelicans
Blood Ben 5  0  2  2  0  0  0  0  0  10  1  0  2  -3  31  0  2  0  0  3.80  19               210 000
Hovinen Miro 0  0  0  0  0  0  0  0  0  0  0  0  0  0  0  0  0  0  0  0  0               185 000
Hurri Joonas 8  1  0  1  0  0  1  0  0  9  0  0  4  -4  2  0  0  1  0  3.13  25               240 000
Lassen Stefan 9  0  2  2  0  0  0  0  0  18  2  1  4  -4  4  0  0  0  0  3.78  34               285 000
Latvala Jan 10  0  2  2  0  0  0  0  0  34  1  0  2  -6  0  0  0  0  0  2.70  27               300 000
Leimu Juha 10  4  3  7  0  0  1  1  0  49  0  0  9  -2  4  0  0  0  1  11.30  113               430 000
Manelius Nico 2  0  0  0  0  0  0  0  0  1  0  0  0  -1  0  0  0  0  0  -0.50  -1               220 000
Pietila Juha-Pekka 10  0  0  0  0  0  0  0  0  34  3  0  6  -3  2  0  0  0  0  3.50  35               275 000
Rukajarvi Roni 8  0  0  0  0  0  0  0  0  12  2  0  0  -5  2  0  0  0  0  0.13  1               185 000
Sopanen Eetu 0  0  0  0  0  0  0  0  0  0  0  0  0  0  0  0  0  0  0  0  0               160 000
Tuhkanen Niko 2  0  0  0  0  0  0  0  0  7  0  0  0  -1  0  0  0  0  0  1.00  2               185 000
Vainola Ville 0  0  0  0  0  0  0  0  0  0  0  0  0  0  0  0  0  0  0  0  0               150 000
SaiPa
Backman Simon 9  0  1  1  0  0  0  0  0  18  2  0  4  -3  6  0  0  0  0  3.44  31               275 000
Carson Brett 9  1  2  3  0  0  0  0  0  20  2  0  5  -4  2  0  0  0  1  5.11  46               300 000
Huhtanen Miika 0  0  0  0  0  0  0  0  0  0  0  0  0  0  0  0  0  0  0  0  0               170 000
Lappalainen Lasse 9  0  2  2  0  0  0  0  0  25  1  0  4  -2  10  0  0  0  0  5.00  45               300 000
Larsson Johan 9  1  1  2  0  0  0  0  0  33  4  0  5  -4  4  0  0  0  0  5.33  48               325 000
Lofquist Sam 9  1  5  6  0  0  0  0  0  52  2  0  4  -7  10  0  2  1  0  9.11  82               450 000
Maalahti Kalle 9  0  5  5  0  0  0  0  0  34  2  0  6  -6  2  0  0  0  0  6.44  58               300 000
Makinen William 3  0  0  0  0  0  0  0  0  4  0  0  1  0  0  0  0  0  0  1.67  5               200 000
Riikola Simo-Pekka 5  0  1  1  0  0  0  0  0  5  1  0  1  -5  2  0  0  0  0  1.20  6               290 000
Sport
Brennan Mike 10  0  0  0  0  0  0  0  0  14  1  0  2  -6  4  0  0  0  0  0.80  8               200 000
Grondahl Ari 10  3  0  3  0  0  0  2  0  33  2  0  5  -2  2  0  1  0  0  6.40  64               300 000
Laakso Aleksi 10  1  0  1  0  0  1  0  0  31  3  0  7  -6  6  0  0  0  0  4.80  48               340 000
Manninen Oskari 5  0  0  0  0  0  0  0  0  8  1  0  1  -5  4  0  0  0  0  0.60  3               220 000
Newton Jake 10  3  3  6  0  0  1  0  0  46  2  0  6  -5  2  0  0  1  1  9.00  90               360 000
Nikko Aleksi 1  0  0  0  0  0  0  0  0  1  0  0  0  0  0  0  0  0  0  1.00  1               185 000
Peltola Niko 8  0  3  3  0  0  0  0  0  17  4  0  5  -4  4  0  0  0  0  5.38  43               300 000
Pukka Mikko 10  0  1  1  0  0  0  0  0  8  4  0  4  -3  4  0  0  0  0  2.60  26               260 000
Salo Robin 7  0  0  0  0  0  0  0  0  8  1  0  0  -4  0  0  0  0  0  -0.29  -2               215 000
Vakela Jesse 0  0  0  0  0  0  0  0  0  0  0  0  0  0  0  0  0  0  0  0  0               150 000
Tappara
Aalto Teemu 10  3  2  5  0  0  1  0  0  55  1  0  8  -7  4  0  0  0  1  8.90  89               425 000
Bonsaksen Alexander 10  0  1  1  0  0  0  0  0  19  4  1  8  -6  4  0  0  0  0  3.80  38               300 000
Elorinne Aleksi 10  1  1  2  0  0  1  0  0  15  4  0  8  -3  2  0  0  0  0  5.10  51               290 000
Kankaanpera Markus 5  0  0  0  0  0  0  0  0  5  1  0  4  -2  0  0  0  0  0  2.80  14               240 000
Makinen Atte 10  0  2  2  0  0  0  0  0  14  1  0  5  -4  4  0  0  0  0  3.30  33               250 000
Plastino Nick 10  2  4  6  0  0  0  0  0  40  0  0  8  -3  4  0  0  0  0  8.70  87               350 000
Puistola Pasi 0  0  0  0  0  0  0  0  0  0  0  0  0  0  0  0  0  0  0  0  0               150 000
Rouhiainen Jere 3  0  0  0  0  0  0  0  0  3  0  0  1  0  0  0  0  0  0  1.67  5               185 000
Saravo Pekka 10  0  2  2  0  0  0  0  0  16  2  0  9  -5  8  0  0  0  0  5.00  50               255 000
TPS
Berger Martin 0  0  0  0  0  0  0  0  0  0  0  0  0  0  0  0  0  0  0  0  0               150 000
Eronen Elmeri 11  0  0  0  0  0  0  0  0  8  0  0  6  -2  2  0  0  0  0  2.09  23               245 000
Forsstrom Jani 11  0  2  2  0  0  0  0  0  13  3  0  6  -4  12  0  0  0  0  4.27  47               260 000
Friman Niklas 10  0  1  1  0  0  0  0  0  22  0  0  6  -6  6  0  0  0  0  3.10  31               220 000
Keskitalo Miro 2  0  0  0  0  0  0  0  0  1  0  0  0  -1  2  0  0  0  0  0.50  1               185 000
Kojo Markus 0  0  0  0  0  0  0  0  0  0  0  0  0  0  0  0  0  0  0  0  0               170 000
Malmivaara Olli 11  0  0  0  0  0  0  0  0  8  2  0  3  -5  4  0  0  0  0  0.91  10               275 000
Mojzis Tomas 11  0  1  1  0  0  0  0  0  24  1  0  5  -4  2  0  0  0  0  2.73  30               300 000
Nummelin Petteri 1  0  0  0  0  0  0  0  0  2  1  0  1  0  0  0  0  0  0  5.00  5               390 000
Reunanen Tarmo 0  0  0  0  0  0  0  0  0  0  0  0  0  0  0  0  0  0  0  0  0               150 000
Tallinder Henrik 11  0  4  4  0  0  0  0  0  31  1  0  8  -7  8  0  3  0  0  5.82  64               330 000
Tikkanen Harri 11  1  2  3  0  0  0  0  0  40  3  0  6  -10  2  0  0  0  0  4.18  46               330 000
Assat
Marttinen Jyri 10  1  5  6  0  0  1  0  0  39  1  0  10  -7  2  0  1  1  0  8.40  84               350 000
Sammalkangas Tapio 7  0  1  1  0  0  0  0  0  11  1  0  2  -4  0  0  0  0  0  1.57  11               270 000
Uusitalo Ville 10  1  0  1  0  0  0  0  0  20  2  0  5  -3  4  0  0  0  0  3.60  36               240 000
Vance Troy 10  0  3  3  0  0  0  0  0  47  2  0  9  -5  8  0  1  0  1  7.40  74               340 000
Viitanen Mikko 10  0  2  2  0  0  0  0  0  30  3  0  2  -7  27  0  0  0  0  1.80  18               250 000
Viljanen Valtteri 5  1  1  2  0  0  0  0  0  7  2  0  3  -3  0  0  0  1  0  5.40  27               245 000
Vuorisalo Teemu 10  1  1  2  0  0  0  0  0  24  2  0  2  -6  0  0  0  0  0  2.50  25               225 000
Walli Juuso 4  0  0  0  0  0  0  0  0  0  0  0  0  0  0  0  0  0  0  0.00  0               155 000
Ylitalo Elmeri 0  0  0  0  0  0  0  0  0  0  0  0  0  0  0  0  0  0  0  0  0               150 000
Hyokkaaja O M S P AVM AVS VM TM JA L B ALV + - JM OR X XX XXX LPP/O LPP Arvo
Blues
Hirschovits Kim 10  2  4  6  0  0  1  0  1  23  0  129  4  -6  12  0  1  0  1  10.20  102           450 000
Kangasniemi Iikka 5  1  2  3  0  0  0  0  0  11  0  0  1  -2  0  0  0  0  1  4.80  24           225 000
Korhonen Ville 10  3  1  4  1  0  0  0  0  39  1  0  5  -6  2  0  2  0  0  5.60  56           340 000
Lahtinen Timi 1  0  0  0  0  0  0  0  0  0  0  0  0  0  0  0  0  0  0  0.00  0           205 000
Liivik Siim 6  0  2  2  0  0  0  0  0  18  0  39  2  -4  16  0  0  0  0  5.17  31           285 000
Mahbod Samson 9  1  0  1  0  0  0  0  0  25  0  6  2  -3  25  0  0  0  1  2.22  20           300 000
Makkonen Jussi 10  0  0  0  0  0  0  0  0  28  3  65  0  -4  8  0  0  0  0  4.30  43           300 000
Pitkanen Ilmari 9  1  1  2  0  0  0  0  0  10  0  1  3  -3  20  0  0  0  0  2.89  26           220 000
Poukkula Markus 10  0  3  3  0  0  0  0  0  19  1  0  3  -6  2  0  0  0  0  2.70  27           230 000
Puhakka Janne 5  0  0  0  0  0  0  0  0  4  0  1  1  -2  0  0  0  0  0  0.80  4           185 000
Rooba Robert 2  0  0  0  0  0  0  0  0  1  0  0  0  -1  0  0  0  0  0  0.00  0           200 000
Saari Micke 0  0  0  0  0  0  0  0  0  0  0  0  0  0  0  0  0  0  0  0  0           200 000
Sailio Jari 10  1  1  2  0  0  0  1  0  19  2  1  3  -3  2  0  0  0  0  3.20  32           245 000
Somervuori Eero 9  1  0  1  0  0  0  0  0  23  2  0  0  -1  0  0  0  0  0  2.22  20           310 000
Suomela Antti 10  0  2  2  0  0  0  0  0  25  0  41  3  -2  4  0  0  0  0  4.40  44           200 000
Talaja Roope 10  2  1  3  0  0  1  0  0  57  6  1  3  -5  6  0  0  0  1  6.40  64           340 000
Tiivola Peter 5  1  1  2  0  0  0  0  0  4  0  33  2  -3  0  0  0  0  0  5.20  26           275 000
HIFK
Elkins Corey 11  3  3  6  0  0  1  0  0  32  2  151  5  -4  0  0  1  0  0  9.18  101           445 000
Hintz Roope 2  0  1  1  0  0  0  0  0  6  0  1  2  0  0  0  0  0  0  6.00  12           340 000
Ikonen Jasse 10  2  2  4  0  0  2  0  0  31  3  0  6  -4  0  0  0  0  1  5.50  55           305 000
Jaaska Juha 1  0  0  0  0  0  0  0  0  0  1  0  0  0  0  0  0  0  0  1.00  1           170 000
Lamberg Matti 0  0  0  0  0  0  0  0  0  0  0  0  0  0  0  0  0  0  0  0  0           270 000
Lehtinen Joel 1  0  0  0  0  0  0  0  0  0  0  0  0  0  0  0  0  0  0  0.00  0           160 000
Leino Robert 7  0  5  5  0  0  0  0  0  14  0  32  4  -2  4  0  0  0  0  6.86  48           285 000
Luttinen Arttu 9  2  1  3  0  0  0  0  1  27  1  3  4  -5  33  0  0  0  0  4.44  40           350 000
Mieho Panu 8  1  0  1  0  0  0  0  0  8  0  14  1  -1  0  0  0  0  0  2.50  20           220 000
Nykopp Thomas 11  3  3  6  0  0  0  1  0  25  1  86  7  -3  4  0  0  0  1  8.27  91           300 000
Partanen Mika 11  3  4  7  0  0  1  0  0  48  0  0  9  -7  6  0  0  0  1  7.45  82           370 000
Puustinen Juuso 11  1  3  4  0  0  0  0  0  46  1  0  5  -4  8  0  0  0  0  5.36  59           435 000
Ramstedt Teemu 11  1  11  12  0  1  0  0  0  19  0  95  10  -10  0  0  1  1  1  9.82  108           430 000
Rask Joonas 0  0  0  0  0  0  0  0  0  0  0  0  0  0  0  0  0  0  0  0  0           335 000
Saarelainen Miro-Pekka 9  1  2  3  0  0  0  0  0  30  1  0  1  -5  0  0  0  0  0  3.11  28           270 000
Tamminen Henri 2  0  0  0  0  0  0  0  0  2  0  0  1  0  2  0  0  0  0  3.00  6           225 000
Tuomisto Tomi 6  1  2  3  0  0  1  0  0  12  0  0  2  -2  2  0  0  0  0  4.67  28           195 000
Zaborsky Tomas 11  4  2  6  1  0  0  0  0  61  1  2  5  -4  4  0  0  0  1  7.73  85           450 000
Asten Micke-Max 10  1  1  2  0  0  0  0  0  7  2  3  6  -3  2  0  2  0  0  3.20  32           255 000
HPK
Arkiomaa Eetu-Ville 5  0  1  1  0  0  0  0  0  3  1  10  1  -2  0  0  0  0  0  2.40  12           245 000
Hahl Riku 4  1  0  1  0  0  0  1  0  7  0  40  0  -4  0  0  0  0  0  5.00  20           300 000
Holland Patrick 10  0  3  3  0  0  0  0  0  10  2  2  3  -4  6  0  0  0  0  3.00  30           285 000
Hopponen Waltteri 8  0  1  1  0  0  0  0  0  14  0  0  2  -5  0  0  0  0  0  1.38  11           185 000
Jasu Juhani 10  2  1  3  0  0  0  1  0  31  3  85  2  -6  6  0  1  0  0  6.80  68           320 000
Karevaara Joona 7  0  0  0  0  0  0  0  0  8  1  0  0  -1  0  0  0  0  0  0.71  5           240 000
Koivisto Juha 10  2  1  3  0  0  1  0  0  28  2  0  4  -5  2  0  0  0  0  4.30  43           275 000
Leblanc Peter 8  0  1  1  0  0  0  0  0  17  0  1  3  -4  0  0  0  0  0  2.00  16           265 000
Liedes Heikki 10  3  1  4  0  0  0  0  0  35  5  0  3  -4  0  0  0  1  0  5.10  51           275 000
Manninen Sakari 10  1  5  6  0  0  1  0  0  48  1  89  4  -8  2  0  1  2  0  8.90  89           410 000
Miettinen Antti 1  1  0  1  0  0  0  0  0  3  0  1  0  -1  0  0  0  0  0  8.00  8           350 000
Paajanen Otto 10  3  2  5  0  0  0  0  0  31  2  93  4  -8  0  0  0  0  2  7.90  79           390 000
Polak Vojtech 10  1  3  4  0  0  0  0  0  50  1  0  4  -9  6  0  0  0  0  5.20  52           335 000
Ruokonen Miro 0  0  0  0  0  0  0  0  0  0  0  0  0  0  0  0  0  0  0  0  0           150 000
Tuulola Eetu 0  0  0  0  0  0  0  0  0  0  0  0  0  0  0  0  0  0  0  0  0           185 000
Valtonen Julius 0  0  0  0  0  0  0  0  0  0  0  0  0  0  0  0  0  0  0  0  0           150 000
Vuoti Santeri 10  1  0  1  0  0  1  0  0  19  1  1  1  -3  0  0  0  0  0  2.10  21           185 000
Ilves
Flinck Markku 11  4  3  7  0  0  1  0  0  38  0  119  6  -5  18  0  1  1  0  9.55  105           425 000
Helenius Jere 0  0  0  0  0  0  0  0  0  0  0  0  0  0  0  0  0  0  0  0  0           150 000
Jaatinen Antti 6  0  0  0  0  0  0  0  0  16  0  1  0  -2  2  0  0  0  0  1.67  10           270 000
Jokinen Markus 7  0  0  0  0  0  0  0  0  14  0  0  1  -6  8  0  0  0  0  1.57  11           225 000
Kantola Kai 10  1  5  6  0  0  0  0  1  24  1  22  5  -6  6  0  0  0  0  6.30  63           300 000
Laakso Tapio 5  1  2  3  0  0  0  0  0  19  1  42  2  -4  2  0  0  0  0  8.00  40           315 000
Meskanen Ville 1  0  0  0  0  0  0  0  0  2  0  0  0  0  0  0  0  0  0  1.00  1           170 000
Mustonen Aleksi 6  0  1  1  0  0  0  0  0  13  0  25  0  -4  0  0  0  0  0  2.50  15           330 000
Rautiainen Teemu 11  2  2  4  0  0  0  0  0  45  0  1  4  -10  2  0  1  0  0  4.27  47           350 000
Riekkinen Joonas 10  0  1  1  0  0  0  0  0  13  3  54  2  -5  10  0  0  0  0  4.40  44           250 000
Ramo Juuso 1  0  0  0  0  0  0  0  0  0  0  2  0  0  0  0  0  0  0  1.00  1           170 000
Sandell Sami 0  0  0  0  0  0  0  0  0  0  0  0  0  0  0  0  0  0  0  0  0           300 000
Savilahti Eero 11  2  0  2  0  0  0  0  0  22  0  52  1  -3  12  0  0  1  0  5.27  58           285 000
Sointu Matias 6  0  2  2  0  0  0  0  0  15  0  0  1  -2  0  0  0  0  0  2.83  17           225 000
Suomi Eemeli 10  0  3  3  0  0  0  0  0  19  0  1  2  -4  2  0  0  1  0  2.90  29           255 000
Tyrvainen Antti 3  2  0  2  0  0  0  1  1  6  1  2  1  -2  16  0  0  0  1  8.67  26           365 000
Veistola Jiri 11  0  1  1  0  0  0  0  0  22  3  0  1  -5  6  0  0  0  0  2.09  23           220 000
Vihko Joonas 11  1  5  6  0  0  0  0  0  36  0  1  6  -4  0  0  0  0  0  5.09  56           340 000
Valimaa Tommi 11  1  0  1  0  0  0  0  0  13  3  1  1  -5  6  0  0  1  0  2.09  23           215 000
JYP
Antonen Joose 4  0  0  0  0  0  0  0  0  7  0  0  0  -1  0  0  0  0  0  1.00  4           265 000
Boyce Darryl 3  0  0  0  0  0  0  0  0  3  0  5  0  -3  0  0  0  0  0  1.00  3           280 000
Hotakainen Valtteri 11  1  5  6  0  0  1  0  0  12  2  53  9  -3  0  0  0  0  0  6.27  69           300 000
Hubacek Petr 11  0  3  3  0  0  0  0  0  28  0  0  5  -5  2  0  1  0  0  3.27  36           275 000
Kanninen Henri 11  0  3  3  0  0  0  0  0  21  0  54  4  -3  2  0  0  0  0  4.36  48           245 000
Kolehmainen Janne 2  0  1  1  0  0  0  0  0  2  1  0  0  0  0  0  0  0  0  3.00  6           250 000
Lahti Miika 0  0  0  0  0  0  0  0  0  0  0  0  0  0  0  0  0  0  0  0  0           330 000
Lofman Anssi 10  4  1  5  0  0  0  0  0  29  0  99  4  -3  4  0  0  0  1  8.60  86           385 000
Nenonen Markus 11  2  2  4  0  0  1  0  0  41  3  0  8  -2  0  0  1  0  0  5.82  64           300 000
Nattinen Joonas 3  1  1  2  0  0  1  0  0  12  0  28  1  -2  4  0  0  0  0  10.33  31           385 000
Nattinen Topi 2  1  1  2  0  0  0  0  0  7  0  1  1  0  0  0  0  0  0  8.50  17           185 000
Pihlman Tuomas 9  0  1  1  0  0  0  0  0  30  0  0  5  -9  2  0  0  0  0  2.89  26           350 000
Salmio Mikko 8  3  1  4  0  0  1  0  0  13  2  0  5  -2  0  0  1  1  0  5.63  45           285 000
Sillanpaa Severi 8  0  1  1  0  0  0  0  0  8  0  59  1  -8  0  0  0  0  0  2.75  22           305 000
Sund Joel 6  0  0  0  0  0  0  0  0  15  1  2  0  -2  0  0  0  0  0  1.83  11           200 000
Tavi Janne 11  4  2  6  0  0  1  0  0  52  0  1  4  -3  6  0  0  0  0  6.73  74           350 000
Tjarnqvist Mathias 11  1  0  1  0  0  0  0  0  21  4  1  3  -7  0  0  0  0  0  2.00  22           300 000
Tuppurainen Jani 3  0  1  1  0  0  0  0  0  9  0  0  0  -1  29  0  0  0  0  1.33  4           400 000
Virtanen Mikko 7  2  1  3  0  0  0  0  0  10  0  2  4  -3  0  0  0  0  1  4.71  33           200 000
KalPa
Bengtsson Christopher 8  2  0  2  0  0  1  0  1  17  2  33  3  0  4  0  0  0  1  6.75  54           275 000
Davis Patrick 8  3  1  4  1  0  0  0  0  33  0  12  5  -2  8  0  0  0  1  8.63  69           375 000
Harjama Joona 9  0  1  1  0  0  0  0  0  5  2  3  3  -1  2  0  0  0  0  2.22  20           220 000
Hamalainen Aleksi 5  0  0  0  0  0  0  0  0  6  0  8  0  0  0  0  0  0  0  1.60  8           185 000
Junnila Jyri 8  0  3  3  0  0  0  0  0  10  7  0  3  -1  2  0  0  0  0  4.00  32           240 000
Katosalmi Janne 0  0  0  0  0  0  0  0  0  0  0  0  0  0  0  0  0  0  0  0  0           170 000
Keranen Janne 6  3  1  4  0  0  0  1  0  17  1  1  1  -2  4  0  0  1  0  6.83  41           345 000
Kinnunen Saku 9  0  0  0  0  0  0  0  0  11  0  22  0  -1  0  0  0  0  0  1.33  12           215 000
Komulainen Mikko 0  0  0  0  0  0  0  0  0  0  0  0  0  0  0  0  0  0  0  0  0           150 000
Korhonen Riku 0  0  0  0  0  0  0  0  0  0  0  0  0  0  0  0  0  0  0  0  0           150 000
Lauritzen Sebastian 1  0  0  0  0  0  0  0  0  1  0  0  0  -1  0  0  0  0  0  0.00  0           240 000
Mankinen Jesse 9  0  3  3  0  0  0  0  0  29  0  2  5  -2  0  0  0  0  0  4.22  38           305 000
Mutanen Sami 0  0  0  0  0  0  0  0  0  0  0  0  0  0  0  0  0  0  0  0  0           285 000
Nikko Joni 8  0  1  1  0  0  0  0  0  15  1  4  1  -1  0  0  0  0  0  2.38  19           280 000
Nuutinen Mikko 9  0  0  0  0  0  0  0  0  22  2  1  0  -2  10  0  1  0  0  2.67  24           255 000
Piipponen Topi 3  0  0  0  0  0  0  0  0  0  0  0  0  0  0  0  0  0  0  0.00  0           185 000
Pitkanen Miikka 2  0  0  0  0  0  0  0  0  1  0  0  0  0  0  0  0  0  0  0.50  1           150 000
Rissanen Jaakko 2  1  1  2  0  0  0  0  0  5  0  14  0  0  0  0  0  0  0  8.50  17           340 000
Ruohomaa Mikael 9  2  6  8  0  0  2  0  0  28  0  88  5  -3  0  0  0  0  1  10.11  91           385 000
Sebok Balazs 9  1  3  4  0  0  0  0  0  13  2  41  4  -3  0  0  0  1  0  5.56  50           275 000
Tammela Jonne 7  2  0  2  0  0  2  0  0  15  1  1  3  -1  6  0  0  0  1  6.00  42           285 000
KooKoo
Alikoski Mikko 5  1  0  1  0  0  0  0  0  7  2  0  1  -2  0  0  0  0  0  2.60  13           240 000
Green Josh 10  4  5  9  0  0  1  0  0  24  2  108  6  -5  2  0  1  1  2  11.20  112           420 000
Guttig Anthony 0  0  0  0  0  0  0  0  0  0  0  0  0  0  0  0  0  0  0  0  0           250 000
Haataja Juha-Pekka 8  2  4  6  0  0  0  0  0  29  1  1  4  -6  0  0  0  1  0  6.25  50           395 000
Huhtanen Tuomas 9  1  1  2  0  0  1  0  0  11  2  0  3  -4  2  0  0  0  0  3.00  27           245 000
Hyvarinen Toni 8  1  0  1  0  0  0  1  0  9  2  0  3  -4  2  0  0  0  0  2.25  18           225 000
Julkunen Olli 4  0  2  2  0  0  0  0  0  6  0  0  2  -3  4  0  0  0  0  4.25  17           250 000
Juutilainen Jan-Mikael 10  2  1  3  0  0  0  0  1  20  0  47  3  -8  2  0  0  0  0  4.60  46           260 000
Kangasmaki Aki 8  0  1  1  0  0  0  0  0  5  2  0  2  -6  4  0  0  0  0  1.38  11           240 000
Koivisto Mika 7  0  0  0  0  0  0  0  0  9  2  0  0  -4  4  0  0  0  0  1.29  9           215 000
Lammassaari Petri 10  1  2  3  0  0  0  0  0  29  2  0  6  -1  8  0  0  0  0  5.10  51           290 000
Malinen Jarkko 10  2  4  6  0  0  1  0  0  17  3  71  6  -8  2  0  0  0  1  7.50  75           380 000
Peltonen Tomi 10  0  5  5  0  0  0  0  0  14  0  26  5  -4  2  0  0  0  0  4.60  46           240 000
Rajala Juuso 7  0  1  1  0  0  0  0  0  5  1  28  1  -3  4  0  0  0  0  3.14  22           280 000
Rinkinen Teemu 8  1  0  1  0  0  0  0  0  17  1  0  1  -3  0  0  0  0  0  2.00  16           240 000
Virtanen Mikko 0  0  0  0  0  0  0  0  0  0  0  0  0  0  0  0  0  0  0  0  0           150 000
Watkins Matthew 10  0  2  2  0  0  0  0  0  20  1  5  8  -6  4  0  0  0  0  4.00  40           255 000
Karpat
Aaltonen Miro 10  1  4  5  0  0  1  0  0  35  4  61  5  -2  4  0  0  0  1  8.20  82           435 000
Aho Sebastian 10  5  8  13  1  2  2  0  0  30  3  1  15  -4  0  0  1  2  0  12.60  126           400 000
Anttila Sami 2  0  0  0  0  0  0  0  0  1  0  0  0  -1  0  0  0  0  0  0.00  0           155 000
Huml Ivan 10  1  2  3  0  0  0  0  0  28  1  0  4  -6  4  0  0  0  0  3.70  37           365 000
Ikonen Juuso 7  1  2  3  0  0  0  0  0  17  1  0  4  -5  0  0  0  0  0  4.14  29           350 000
Junttila Julius 0  0  0  0  0  0  0  0  0  0  0  0  0  0  0  0  0  0  0  0  0           410 000
Kalapudas Antti 6  1  0  1  0  0  0  0  0  8  1  2  2  -2  0  0  0  0  0  2.50  15           250 000
Keranen Juho 10  1  3  4  0  0  0  0  0  20  3  55  8  -9  2  0  1  0  0  6.00  60           285 000
Kestila Aku 2  0  0  0  0  0  0  0  0  0  0  0  0  -1  0  0  0  0  0  -0.50  -1           200 000
Maenalanen Saku 10  2  4  6  0  0  1  0  0  18  2  0  7  -3  2  0  0  1  0  5.90  59           285 000
Niemi Mika 10  5  9  14  2  1  1  0  0  21  1  118  15  -5  4  0  0  0  2  15.90  159           490 000
Pekkala Sami 0  0  0  0  0  0  0  0  0  0  0  0  0  0  0  0  0  0  0  0  0           150 000
Piispanen Markus 4  0  1  1  0  0  0  0  0  13  1  0  1  0  2  0  0  0  0  4.00  16           200 000
Pirnes Esa 0  0  0  0  0  0  0  0  0  0  0  0  0  0  0  0  0  0  0  0  0           395 000
Puljujarvi Jesse 10  3  3  6  0  0  1  0  0  31  1  0  9  -3  2  0  1  1  2  7.80  78           350 000
Pyorala Mika 10  2  3  5  0  0  0  0  0  29  0  4  8  -4  6  0  0  0  0  6.30  63           390 000
Rekonen Aleksi 9  0  0  0  0  0  0  0  0  7  0  26  3  -2  4  0  0  0  0  2.78  25           240 000
Suoranta Simon 10  0  0  0  0  0  0  0  0  9  1  1  1  -3  2  0  0  0  0  0.90  9           215 000
Lukko
Asplund Turo 9  2  3  5  0  0  0  0  0  20  1  79  6  -5  2  0  0  0  1  8.22  74           415 000
Gagnon Aaron 10  5  2  7  0  0  0  0  2  35  1  157  8  -4  4  0  0  0  1  12.90  129           475 000
Karvinen Eetu 0  0  0  0  0  0  0  0  0  0  0  0  0  0  0  0  0  0  0  0  0           185 000
Koivisto Toni 10  1  9  10  0  1  1  0  0  31  0  1  9  -6  2  0  1  1  0  8.10  81           470 000
Koivistoinen Eetu 3  0  0  0  0  0  0  0  0  5  0  1  0  -1  0  0  0  0  0  1.00  3           185 000
Koski Eetu 5  1  0  1  0  0  1  0  0  7  0  12  1  -1  2  0  0  1  0  4.60  23           200 000
Lahti Janne 0  0  0  0  0  0  0  0  0  0  0  0  0  0  0  0  0  0  0  0  0           400 000
Lahde Nestori 9  0  0  0  0  0  0  0  0  9  1  0  1  -1  2  0  0  0  0  1.22  11           240 000
Lahteenmaki Sami 10  2  3  5  1  0  0  0  0  32  0  12  7  -6  0  0  0  0  0  6.20  62           345 000
Nurmi Teemu 10  3  3  6  0  0  1  0  0  36  1  6  5  -2  8  0  0  1  0  7.50  75           300 000
Piitulainen Jesper 10  3  2  5  0  0  1  0  0  21  0  0  3  -4  0  0  1  0  1  4.70  47           290 000
Pitkanen Riku 0  0  0  0  0  0  0  0  0  0  0  0  0  0  0  0  0  0  0  0  0           170 000
Riska Filip 10  1  0  1  1  0  0  0  0  25  1  77  2  -3  12  0  0  0  0  6.30  63           285 000
Sipilainen Olli 10  1  0  1  0  0  0  0  0  12  0  3  2  -2  2  0  0  0  0  2.20  22           240 000
Suuronen Toni 10  0  1  1  0  0  0  0  0  12  1  0  1  -3  0  0  0  0  0  1.20  12           215 000
Vahalahti Ville 10  1  6  7  0  0  0  1  0  30  1  1  7  -8  2  0  0  0  0  6.00  60           450 000
Vauhkonen Olavi 0  0  0  0  0  0  0  0  0  0  0  0  0  0  0  0  0  0  0  0  0           340 000
Vidgren Aaro 2  0  1  1  0  0  0  0  0  1  0  0  1  0  0  0  0  0  0  3.50  7           200 000
Pelicans
Alanne Joonas 9  0  0  0  0  0  0  0  0  12  0  1  1  -1  4  0  0  0  0  1.67  15           220 000
Bjorninen Hannes 10  0  3  3  0  0  0  0  0  28  1  78  3  -4  8  0  0  0  0  6.10  61           285 000
Byers Dane 10  2  1  3  0  0  0  0  0  17  1  3  7  -2  62  0  0  0  0  3.70  37           280 000
Da Costa Teddy 3  1  0  1  0  0  0  0  0  10  0  19  1  0  2  0  0  0  0  7.00  21           375 000
Elfvengren Johan 0  0  0  0  0  0  0  0  0  0  0  0  0  0  0  0  0  0  0  0  0           150 000
Elimaki Roope 0  0  0  0  0  0  0  0  0  0  0  0  0  0  0  0  0  0  0  0  0           150 000
Erkinjuntti Antti 10  5  4  9  0  0  0  0  0  43  0  5  8  -6  2  0  0  1  1  9.10  91           340 000
Hakulinen Anrei 2  0  1  1  0  0  0  0  0  3  0  0  1  0  0  0  0  0  0  4.00  8           350 000
Heino Henri 0  0  0  0  0  0  0  0  0  0  0  0  0  0  0  0  0  0  0  0  0           230 000
Koivisto Kimi 8  1  2  3  0  0  1  0  0  16  0  0  4  -3  2  0  0  0  0  4.13  33           220 000
Potulny Ryan 10  1  4  5  0  0  0  0  0  31  1  101  6  -4  8  0  0  0  0  8.60  86           400 000
Poyhonen Marko 9  0  2  2  0  0  0  0  0  23  0  47  0  -4  2  0  0  0  0  3.78  34           300 000
Repo Sebastian 10  3  3  6  0  0  1  0  0  43  1  5  5  -3  2  0  0  2  0  7.50  75           325 000
Ritamaki Janne 8  0  0  0  0  0  0  0  0  13  0  1  0  -2  2  0  0  0  0  1.25  10           240 000
Roine Miika 10  1  3  4  0  0  0  1  0  10  2  4  4  -3  2  0  0  0  0  3.90  39           210 000
Siikonen Miska 8  0  1  1  0  0  0  0  0  11  1  37  3  -3  0  0  0  0  0  3.38  27           245 000
Sopanen Vili 0  0  0  0  0  0  0  0  0  0  0  0  0  0  0  0  0  0  0  0  0           315 000
Tyrvainen Juhani 9  2  2  4  0  0  1  0  0  22  1  18  5  -5  4  0  0  1  0  6.33  57           345 000
Vartiainen Taavi 9  0  0  0  0  0  0  0  0  10  0  0  0  -3  10  0  0  0  0  1.44  13           215 000
Viljanen Aatu 1  0  0  0  0  0  0  0  0  0  0  0  0  0  0  0  0  0  0  0.00  0           150 000
SaiPa
Hamalainen Ville 9  0  5  5  0  0  0  0  0  11  1  44  6  -3  6  0  0  0  0  6.44  58           270 000
Jokinen Tommi 9  1  2  3  0  0  0  1  0  18  0  0  3  -2  4  0  0  0  0  3.78  34           290 000
Jarvelainen Ville 6  1  2  3  0  0  0  0  0  14  3  0  3  -2  0  0  0  1  0  5.00  30           285 000
Jarvinen Matti 9  1  2  3  0  0  0  0  0  29  0  88  3  -3  0  0  0  0  0  6.78  61           350 000
Jaaskelainen Joona 0  0  0  0  0  0  0  0  0  0  0  0  0  0  0  0  0  0  0  0  0           150 000
Kettunen Janne 3  1  0  1  0  0  0  0  0  5  0  8  1  -2  2  0  0  0  0  5.00  15           215 000
Koho Ville 6  1  1  2  0  0  1  0  0  14  3  42  2  -2  0  0  0  0  0  6.00  36           300 000
Kuronen Mikael 8  1  1  2  0  0  0  0  0  7  0  13  3  -6  2  0  0  0  0  2.88  23           235 000
Leivo Tomi 9  2  1  3  0  0  0  0  0  21  0  2  5  -4  6  0  1  0  0  4.78  43           255 000
Lipiainen Valtteri 0  0  0  0  0  0  0  0  0  0  0  0  0  0  0  0  0  0  0  0  0           150 000
Maarnela Henry 0  0  0  0  0  0  0  0  0  0  0  0  0  0  0  0  0  0  0  0  0           150 000
Mcintyre David 9  1  4  5  0  0  1  0  0  48  0  46  4  -6  33  0  0  0  1  7.89  71           435 000
Nokelainen Petteri 3  0  1  1  0  0  0  0  0  5  0  28  1  0  0  0  0  0  0  5.67  17           350 000
Rau Chad 9  7  1  8  0  0  1  0  0  32  0  1  4  -6  0  0  1  1  1  8.33  75           425 000
Stromberg Kim 9  0  1  1  0  0  0  0  0  24  2  1  2  -3  0  0  0  0  0  2.44  22           275 000
Suutari Joni 0  0  0  0  0  0  0  0  0  0  0  0  0  0  0  0  0  0  0  0  0           150 000
Vainikainen Ville 4  0  0  0  0  0  0  0  0  4  0  0  1  -2  0  0  0  0  0  0.75  3           180 000
Venalainen Sami 9  1  0  1  0  0  0  0  0  19  0  10  4  -3  6  0  0  0  0  3.89  35           265 000
Virkkunen Valtteri 7  1  0  1  0  0  0  0  0  15  2  1  2  -3  0  0  0  0  0  2.71  19           240 000
Zboril Adam 0  0  0  0  0  0  0  0  0  0  0  0  0  0  0  0  0  0  0  0  0           150 000
Sport
Bertrand Charles 10  1  6  7  0  0  0  0  0  48  0  0  7  -6  6  0  0  3  0  7.60  76           415 000
Blomqvist Sami 7  0  1  1  0  0  0  0  0  18  1  0  2  -1  2  0  0  0  0  3.00  21           265 000
Immonen Jarkko 10  1  6  7  0  0  0  0  0  13  3  90  7  -7  2  0  0  0  0  7.50  75           370 000
Karvinen Otto 3  0  0  0  0  0  0  0  0  4  3  0  0  0  0  0  0  0  0  1.67  5           275 000
Kivimaki Samuli 0  0  0  0  0  0  0  0  0  0  0  0  0  0  0  0  0  0  0  0  0           150 000
Kiviranta Joel 8  1  2  3  0  0  0  0  0  18  2  0  2  -2  6  0  0  0  0  4.50  36           235 000
Koivisto Henrik 9  0  0  0  0  0  0  0  0  14  1  41  0  -3  2  0  0  0  0  2.78  25           250 000
Kokkala Lassi 10  2  5  7  0  0  0  0  0  35  3  121  5  -1  0  0  1  0  0  9.80  98           330 000
Komulainen Joonas 3  1  0  1  0  0  0  0  0  3  1  12  2  -1  0  0  0  0  0  5.67  17           300 000
Koskiranta Tero 10  1  4  5  0  0  0  0  0  29  0  61  8  -7  2  0  0  1  0  7.00  70           340 000
Korkko Tomi 8  0  1  1  0  0  0  0  0  9  2  1  2  -4  2  0  0  0  0  1.88  15           225 000
Leskinen Ville 0  0  0  0  0  0  0  0  0  0  0  0  0  0  0  0  0  0  0  0  0           150 000
Lucenius Niclas 6  2  1  3  0  0  0  0  0  13  0  2  3  -1  0  0  0  0  0  5.17  31           300 000
Mannikko Miikka 7  1  3  4  0  0  0  0  0  14  2  2  3  -3  4  0  0  0  0  5.29  37           285 000
Rajala Ville 1  1  0  1  0  0  0  0  0  6  0  0  0  -1  0  0  0  0  0  8.00  8           170 000
Rantamaki Jesse 0  0  0  0  0  0  0  0  0  0  0  0  0  0  0  0  0  0  0  0  0           150 000
Riska Erik 5  0  0  0  0  0  0  0  0  6  2  10  1  -2  4  0  0  0  0  2.60  13           230 000
Tallberg Teemu 10  0  2  2  0  0  0  0  0  23  3  2  2  -4  2  0  0  0  0  2.90  29           240 000
Tikka Tommi 3  1  0  1  0  0  1  0  0  4  0  8  0  -3  0  0  0  0  0  3.33  10           190 000
Vanttinen Tuomas 10  3  3  6  0  0  1  0  0  39  10  24  8  -8  4  0  1  0  1  9.00  90           395 000
Westermarck Felix 5  0  0  0  0  0  0  0  0  1  2  0  1  -2  0  0  0  0  0  0.60  3           185 000
Tappara
Dixon Stephen 10  1  4  5  0  0  0  0  0  24  1  71  9  -7  4  0  0  0  0  7.50  75           390 000
Haapala Henrik 10  4  5  9  0  0  1  0  0  34  1  1  9  -3  2  0  0  2  0  9.00  90           385 000
Heikkila Miika 9  1  1  2  0  0  0  0  0  12  2  0  2  -1  0  0  0  0  0  2.67  24           225 000
Honkanen Manu 2  0  0  0  0  0  0  0  0  0  0  0  0  -1  0  0  0  0  0  -0.50  -1           170 000
Ilomaki Arttu 8  3  3  6  0  0  2  0  0  22  0  48  6  -2  2  0  1  0  0  9.25  74           395 000
Jarvinen Jan-Mikael 10  5  2  7  0  0  0  0  0  21  0  0  7  -8  2  0  0  0  1  6.10  61           360 000
Kaksonen Elmeri 10  1  0  1  0  0  0  0  0  15  2  1  3  -3  0  0  1  0  0  2.30  23           245 000
Karjalainen Jere 10  2  5  7  0  0  0  0  0  19  3  0  8  -2  4  0  0  0  0  6.50  65           290 000
Kauppinen Antti 0  0  0  0  0  0  0  0  0  0  0  0  0  0  0  0  0  0  0  0  0           150 000
Kuusela Kristian 10  3  9  12  0  0  2  0  0  42  0  1  8  -3  6  0  3  1  1  10.90  109           465 000
Laine Patrik 3  0  1  1  0  0  0  0  0  8  1  0  0  -1  0  0  0  0  0  3.00  9           400 000
Lajunen Jani 10  3  3  6  0  0  0  0  0  27  0  134  8  -3  0  0  0  1  1  10.20  102           435 000
Levtchi Anton 0  0  0  0  0  0  0  0  0  0  0  0  0  0  0  0  0  0  0  0  0           150 000
Makinen Otto 0  0  0  0  0  0  0  0  0  0  0  0  0  0  0  0  0  0  0  0  0           150 000
Peltola Jukka 10  3  5  8  0  0  0  0  0  26  3  0  8  -7  2  0  0  0  0  6.70  67           365 000
Rauhala Otto 10  0  1  1  0  0  0  0  0  6  1  44  4  -2  2  0  0  0  0  3.20  32           240 000
Savinainen Veli-Matti 10  2  6  8  0  0  1  1  0  30  1  9  7  -3  2  0  1  0  0  7.50  75           350 000
Tanus Jonatan 0  0  0  0  0  0  0  0  0  0  0  0  0  0  0  0  0  0  0  0  0           150 000
TPS
Ahtola Jerry 11  1  4  5  0  1  0  0  0  18  1  2  6  -4  2  0  0  0  0  4.45  49           335 000
Kallio Tomi 11  5  3  8  0  0  0  1  0  57  0  1  8  -9  6  0  0  1  0  8.36  92           470 000
Karvonen Elias 5  0  0  0  0  0  0  0  0  4  0  2  1  0  2  0  0  0  0  1.80  9           215 999
Kumeliauskas Tadas 10  1  2  3  0  0  1  0  0  33  1  36  4  -3  6  0  0  0  0  6.00  60           300 000
Lamsa Teemu 0  0  0  0  0  0  0  0  0  0  0  0  0  0  0  0  0  0  0  0  0           150 000
Moisio Patrik 8  1  0  1  0  0  0  0  0  6  0  0  2  0  14  0  0  0  0  1.75  14           185 000
Nieminen Otto 0  0  0  0  0  0  0  0  0  0  0  0  0  0  0  0  0  0  0  0  0           150 000
Perrin Eric 11  1  11  12  0  0  1  0  0  37  0  133  9  -7  2  0  0  0  1  11.36  125           480 000
Pikkarainen Ilkka 2  0  0  0  0  0  0  0  0  12  0  0  0  -1  0  0  0  0  0  3.00  6           345 000
Salo Niklas 2  0  0  0  0  0  0  0  0  4  0  0  0  -2  0  0  0  0  0  0.00  0           200 000
Siiki Oskari 0  0  0  0  0  0  0  0  0  0  0  0  0  0  0  0  0  0  0  0  0           150 000
Spina Dave 11  4  4  8  0  0  1  0  0  38  0  0  6  -5  14  0  0  2  0  6.82  75           405 000
Tukonen Lauri 9  6  3  9  0  0  0  0  0  43  0  4  6  -6  4  0  2  1  1  10.22  92           440 000
Vainiola Ville-Vesa 11  2  1  3  0  0  0  0  1  26  0  63  3  -3  2  0  0  0  1  5.73  63           300 000
Virta Patrik 11  0  2  2  0  0  0  0  0  13  0  0  1  -4  0  0  0  0  0  1.45  16           215 000
Virtanen Jonne 11  1  0  1  1  0  0  0  0  10  2  44  2  -7  2  0  0  0  0  2.91  32           245 000
Vahatalo Julius 9  4  1  5  0  0  1  0  0  21  0  0  6  -4  2  0  0  0  0  5.78  52           255 000
Assat
Ahlgren Ville 9  0  0  0  0  0  0  0  0  6  1  0  0  -1  6  0  0  0  0  1.22  11           200 000
Ben-Amor Semir 10  1  1  2  0  0  0  0  0  14  3  0  2  -5  8  0  0  0  0  2.90  29           255 000
Gratton Josh 9  0  0  0  0  0  0  0  0  10  0  0  0  -2  4  0  0  0  0  0.89  8           210 000
Hansen Jake 8  0  0  0  0  0  0  0  0  31  1  1  0  -2  2  0  0  0  0  2.50  20           225 000
Huovinen Joonas 0  0  0  0  0  0  0  0  0  0  0  0  0  0  0  0  0  0  0  0  0           225 000
Kallela Toni 10  1  2  3  0  0  0  0  0  15  0  0  6  -8  0  0  0  0  0  2.90  29           245 000
Kerala Antti 10  1  4  5  0  0  0  0  0  16  2  54  5  -3  4  0  0  0  1  6.40  64           320 000
Kiilholma Juha 10  2  6  8  0  0  0  0  0  30  4  96  6  -8  4  0  0  0  1  9.40  94           385 000
Kuparinen Matti 0  0  0  0  0  0  0  0  0  0  0  0  0  0  0  0  0  0  0  0  0           350 000
Karki Jarno 10  5  4  9  0  0  1  0  0  44  3  3  6  -8  0  0  2  0  0  8.30  83           400 000
Lehtonen Jussi 0  0  0  0  0  0  0  0  0  0  0  0  0  0  0  0  0  0  0  0  0           150 000
Marjamaki Masi 10  4  5  9  0  0  1  0  1  30  2  1  11  -2  0  0  0  2  1  9.70  97           390 000
Mullane Pat 10  0  1  1  0  0  0  0  0  17  3  24  1  -2  2  0  0  0  0  2.90  29           300 000
Ojamaki Niko 10  4  1  5  0  0  0  0  0  30  0  0  6  -4  0  0  0  0  1  5.70  57           340 000
Ruotsalainen Arttu 4  0  0  0  0  0  0  0  0  6  0  8  0  -1  0  0  0  0  0  1.50  6           275 000
Ryan Michael 0  0  0  0  0  0  0  0  0  0  0  0  0  0  0  0  0  0  0  0  0           355 000
Saarela Aleksi 10  1  3  4  0  0  0  0  0  32  1  88  6  -4  6  0  1  0  0  7.80  78           300 000
Saha Mikael 4  0  0  0  0  0  0  0  0  6  0  13  0  -1  0  0  0  0  0  2.00  8           220 000
