HIFK
ID Maalivahti O M S P V H TP TO PM NP JM OR X XX XXX LPP/O LPP Arvo
28890904 Halonen Niilo 7  0  0  0  3  3  1  123  18  1  0  0  0  0  0  4.43  31               310 000
33039983 Lampinen Jani 0  0  0  0  0  0  0  0  0  0  0  0  0  0  0  0  0               235 000
23486067 Tuohimaa Frans 7  0  1  1  5  1  0  104  11  2  0  0  1  1  1  9.86  69               355 000
ID Puolustaja O M S P AVM AVS VM TM JA L B ALV ALH + - JM OR X XX XXX KL ELP NL LPP/O LPP Arvo
24260583 Ahonen Rony 11  0  0  0  0  0  0  0  0  21  2  0  0  2  -4  4  0  0  0  0  0  0  0  1.55  17               220 000
33451105 Auvitu Yohann 5  1  1  2  0  0  0  0  0  19  3  0  0  3  -4  0  0  0  0  0  1  1  0  6.80  34               345 000
21926286 Karjalainen Miro 8  2  0  2  0  0  1  0  0  14  4  0  0  2  -3  16  0  0  1  0  2  0  0  5.00  40               230 000
22148966 Kousa Mikko 13  0  7  7  0  0  0  0  0  62  0  0  0  9  -11  12  0  0  0  0  0  2  0  7.46  97               370 000
22240990 Laakso Aleksi 1  0  0  0  0  0  0  0  0  3  0  0  0  0  -1  0  0  0  0  0  0  0  0  0.00  0               210 000
34610178 Lentamaki Matias 0  0  0  0  0  0  0  0  0  0  0  0  0  0  0  0  0  0  0  0  0  0  0  0  0               190 000
22474067 Lyytinen Joonas 7  3  3  6  0  0  1  0  0  48  3  0  0  8  -4  0  0  0  1  1  0  1  0  14.14  99               440 000
100025878 Motin Johan 13  0  5  5  0  0  0  0  0  24  5  0  0  9  -7  16  0  0  1  0  1  0  0  6.31  82               275 000
28822079 Teravainen Eero 10  1  3  4  0  0  0  0  0  38  0  0  0  6  -2  2  0  0  0  1  0  1  0  7.00  70               255 000
25357521 Varakas Ville 13  0  3  3  0  0  0  0  0  29  2  0  0  10  -4  12  0  0  0  1  0  0  0  5.85  76               250 000
30482177 Winberg Tobias 13  1  4  5  0  0  1  0  0  32  0  0  0  10  -7  6  0  0  1  1  0  0  0  6.31  82               245 000
ID Hyokkaaja O M S P AVM AVS VM TM JA L B ALV ALH + - JM OR X XX XXX KL ELP NL LPP/O LPP Arvo
28019536 And Terry 2  0  0  0  0  0  0  0  0  4  0  0  0  0  0  0  0  0  0  0  0  0  0  1.00  2           205 000
28673529 Borgstrom Henrik 12  7  0  7  0  0  2  0  0  43  1  117  97  10  -4  2  0  0  0  2  0  0  1  8.75  105           390 000
60455677 Broadhurst Alexander 13  2  6  8  0  0  0  0  0  39  2  79  94  4  -9  2  0  0  0  1  0  0  2  5.08  66           320 000
60347997 Dyk Sebastian 13  4  3  7  0  0  0  0  0  46  4  0  0  8  -7  0  0  0  0  0  1  0  0  5.92  77           325 000
34231735 Hede Elis 8  1  2  3  0  0  0  0  0  13  1  0  0  4  -1  0  0  0  0  0  0  0  0  3.75  30           225 000
29735822 Heljanko Rasmus 7  1  2  3  0  0  1  0  0  11  0  0  1  4  -2  2  0  1  0  0  0  0  0  4.43  31           215 000
30345845 Jaaska Juha 13  2  0  2  0  0  1  0  0  30  0  30  40  9  -5  8  0  0  0  0  0  0  2  4.08  53           240 000
24555418 Keranen Juho 13  1  2  3  0  0  0  0  0  23  4  5  2  5  -6  4  0  0  0  0  1  0  1  3.46  45           235 000
22393300 Leskinen Ville 13  2  9  11  0  0  0  0  0  45  3  0  1  7  -7  4  0  1  1  0  1  0  2  7.38  96           375 000
31261902 Lundell Anton 7  4  1  5  0  0  0  0  0  36  2  73  63  6  -3  4  0  0  0  1  0  3  0  10.71  75           450 000
31425081 Myllyla Wiljami 0  0  0  0  0  0  0  0  0  0  0  0  0  0  0  0  0  0  0  0  0  0  0  0  0           180 000
29615777 Nordgren Niklas 1  0  0  0  0  0  0  0  0  1  0  0  0  0  0  0  0  0  0  0  0  0  0  1.00  1           215 000
25012824 Petrell Lennart 0  0  0  0  0  0  0  0  0  0  0  0  0  0  0  0  0  0  0  0  0  0  0  0  0           215 000
25630280 Saarinen Jesse 4  0  3  3  0  0  0  0  0  10  0  0  0  3  -1  0  0  0  0  1  0  0  0  6.75  27           340 000
23165391 Sallinen Jere 13  1  4  5  0  0  0  0  0  43  3  20  24  10  -6  2  0  0  0  0  0  1  0  5.00  65           350 000
23394612 Tallberg Teemu 13  3  4  7  0  0  0  0  0  39  5  1  0  5  -11  2  0  1  0  0  0  0  0  4.92  64           270 000
30707373 Vaananen Miro 12  1  6  7  0  0  1  0  0  20  3  67  73  5  -6  8  0  2  0  0  0  0  2  5.17  62           235 000
23793763 Asten Micke-Max 13  1  0  1  0  0  0  0  0  16  3  2  1  5  -6  14  0  0  0  0  0  0  0  2.92  38           230 000
HPK
ID Maalivahti O M S P V H TP TO PM NP JM OR X XX XXX LPP/O LPP Arvo
30798997 Aalto Tuomas 0  0  0  0  0  0  0  0  0  0  0  0  0  0  0  0  0               230 000
22322342 Laurikainen Eetu 11  0  0  0  3  5  2  272  27  0  0  0  1  2  1  6.09  67               320 000
31006060 Lebedeff Daniel 3  0  0  0  0  1  2  63  11  0  0  0  0  0  0  1.67  5               295 000
23684063 Voutilainen Joona 0  0  0  0  0  0  0  0  0  0  0  0  0  0  0  0  0               300 000
ID Puolustaja O M S P AVM AVS VM TM JA L B ALV ALH + - JM OR X XX XXX KL ELP NL LPP/O LPP Arvo
23806498 Eronen Elmeri 16  1  13  14  0  0  0  0  0  67  10  0  0  12  -6  8  0  2  0  0  1  1  0  10.63  170               400 000
24459695 Ikonen Ossi 16  1  0  1  0  0  0  0  0  21  11  0  1  6  -2  4  0  0  0  0  2  0  0  3.25  52               230 000
40020340 Jeskanen Valtteri 8  0  0  0  0  0  0  0  0  3  0  0  0  3  -1  2  0  0  0  0  0  0  0  1.38  11               220 000
24555256 Kankaanpera Markus 9  0  0  0  0  0  0  0  0  6  4  0  0  1  -2  8  0  0  0  0  0  0  0  1.89  17               215 000
24786410 Laatikainen Arto 12  2  5  7  0  0  0  1  0  23  4  0  0  9  -5  10  0  0  0  0  0  0  0  7.92  95               325 000
30644067 Latvala Otto 16  0  0  0  0  0  0  0  0  29  7  0  0  3  -7  16  0  0  0  0  0  0  0  2.06  33               225 000
32003004 Lehtinen Atso 1  0  0  0  0  0  0  0  0  1  0  0  0  0  -1  0  0  0  0  0  0  0  0  -1.00  -1               200 000
22452814 Lukka Santeri 16  1  3  4  0  0  0  0  0  37  5  0  0  5  -15  16  0  0  0  0  0  1  0  3.50  56               240 000
30492028 Rasanen Eemeli 10  0  0  0  0  0  0  0  0  9  6  0  0  1  -3  2  0  0  0  0  0  0  0  1.10  11               205 000
27574920 Tyni Paavo 6  0  0  0  0  0  0  0  0  6  2  0  0  1  -10  2  0  0  0  0  0  0  0  -1.33  -8               200 000
ID Hyokkaaja O M S P AVM AVS VM TM JA L B ALV ALH + - JM OR X XX XXX KL ELP NL LPP/O LPP Arvo
31494258 Hakanen Santtu 9  1  1  2  0  0  0  0  0  5  1  0  0  2  -1  2  0  0  0  0  0  0  0  2.22  20           215 000
21742871 Ikonen Juuso 16  4  7  11  0  0  1  0  0  43  3  23  32  9  -10  4  0  2  0  0  0  0  2  5.75  92           290 000
29690417 Innala Jere 13  6  7  13  0  0  0  1  1  48  5  1  0  6  -11  18  0  0  0  2  0  6  0  9.62  125           400 000
30013562 Jokinen Jere 0  0  0  0  0  0  0  0  0  0  0  0  0  0  0  0  0  0  0  0  0  0  0  0  0           195 000
21870028 Kainulainen Harri 16  4  1  5  0  0  0  0  0  61  3  47  48  6  -4  6  0  1  1  0  2  0  0  5.13  82           240 000
27775017 Kanninen Henri 5  0  0  0  0  0  0  0  0  14  2  26  34  1  -7  4  0  0  0  0  0  0  0  1.40  7           230 000
33388168 Kombe Kristjan 14  1  0  1  0  0  0  0  0  9  2  0  0  3  -3  2  0  0  0  0  0  0  0  1.36  19           210 000
24540847 Kontiola Petri 16  3  11  14  0  0  1  0  0  29  4  167  159  8  -10  14  0  0  0  1  0  0  1  7.06  113           365 000
24769356 Lahtela Mikko 16  0  0  0  0  0  0  0  0  10  0  27  38  0  -4  2  0  1  0  0  0  0  0  0.00  0           205 000
22504856 Mankinen Jesse 0  0  0  0  0  0  0  0  0  0  0  0  0  0  0  0  0  0  0  0  0  0  0  0  0           270 000
24876676 Monto Joona 16  0  1  1  0  0  0  0  0  8  5  17  46  4  -3  4  0  0  0  0  0  0  0  0.75  12           220 000
32675788 Makiaho Daniel 1  0  0  0  0  0  0  0  0  0  0  0  0  0  0  0  0  0  0  0  0  0  0  0.00  0           200 000
22671530 Nenonen Markus 16  4  3  7  0  0  0  0  1  79  3  0  0  6  -8  6  0  0  1  0  1  0  0  6.13  98           345 000
29859533 Puustinen Valtteri 16  4  4  8  0  0  1  0  0  54  3  0  0  7  -11  4  0  0  0  1  0  0  1  5.50  88           360 000
30138036 Ronkainen Miska 9  0  0  0  0  0  0  0  0  7  0  0  0  0  -1  0  0  0  0  0  0  0  0  0.56  5           200 000
23097498 Ruokonen Miro 16  2  2  4  0  0  0  0  0  19  1  0  0  5  -5  8  0  0  0  0  0  0  2  3.19  51           230 000
30013384 Seppala Erkka 0  0  0  0  0  0  0  0  0  0  0  0  0  0  0  0  0  0  0  0  0  0  0  0  0           170 000
28506900 Tikka Tommi 15  1  5  6  0  0  0  0  0  24  6  144  131  8  -10  50  0  1  0  0  0  0  0  4.20  63           250 000
Ilves
ID Maalivahti O M S P V H TP TO PM NP JM OR X XX XXX LPP/O LPP Arvo
60460180 Bizon Ondrej 0  0  0  0  0  0  0  0  0  0  0  0  0  0  0  0  0               240 000
24546168 Kolppanen Ville 2  0  0  0  0  2  0  50  8  0  0  0  1  0  0  0.50  1               300 000
30117507 Makiniemi Eetu 13  0  1  1  3  5  5  317  38  0  0  0  2  2  1  5.85  76               335 000
ID Puolustaja O M S P AVM AVS VM TM JA L B ALV ALH + - JM OR X XX XXX KL ELP NL LPP/O LPP Arvo
40005288 Aho Karri 2  0  0  0  0  0  0  0  0  4  0  0  0  0  0  2  0  0  0  0  0  0  0  2.50  5               195 000
40005621 Airola Santeri 11  0  2  2  0  0  0  0  0  30  0  0  0  1  -2  4  0  1  0  0  0  0  1  3.27  36               220 000
21403877 Elorinne Aleksi 15  1  2  3  0  0  0  0  0  40  14  0  0  10  -9  8  0  0  0  0  1  0  1  5.33  80               295 000
31228178 Hatakka Santeri 9  0  2  2  0  0  0  0  0  13  2  0  0  6  -5  4  0  0  0  0  0  1  0  4.11  37               240 000
22487436 Maalahti Kalle 13  0  6  6  0  0  0  0  0  28  6  0  0  8  -11  28  0  0  0  0  0  2  0  4.85  63               280 000
28905831 Parikka Jarkko 12  2  1  3  0  0  0  0  0  36  7  0  0  6  -7  6  0  0  0  0  3  0  0  5.50  66               300 000
22843711 Peltola Niko 0  0  0  0  0  0  0  0  0  0  0  0  0  0  0  0  0  0  0  0  0  0  0  0  0               335 000
29782985 Peltomaki Niklas 14  0  0  0  0  0  0  0  0  20  1  0  0  4  -13  6  0  0  0  0  1  0  0  0.50  7               215 000
25572911 Salmela Anssi 4  0  1  1  0  0  0  0  0  14  3  0  0  2  -3  0  0  1  0  0  0  0  0  4.75  19               305 000
23168071 Salmela Tuomas 15  1  1  2  0  0  0  0  0  35  8  0  0  8  -11  8  0  0  0  0  0  1  0  3.60  54               230 000
ID Hyokkaaja O M S P AVM AVS VM TM JA L B ALV ALH + - JM OR X XX XXX KL ELP NL LPP/O LPP Arvo
29446865 Antonen Joose 12  0  4  4  0  0  0  0  0  18  0  0  0  4  -4  0  0  0  0  1  0  0  0  2.92  35           245 000
29554508 Ikonen Joni 8  1  2  3  0  0  0  0  0  16  3  41  43  2  -2  4  0  0  0  0  0  0  0  3.88  31           235 000
29028513 Ikonen Joona 11  1  2  3  0  0  0  0  0  19  7  0  0  4  -6  2  0  0  0  0  0  0  1  3.36  37           250 000
32464892 Jarventie Roby 10  0  2  2  0  0  0  0  0  21  2  0  0  5  -5  2  0  0  0  0  0  0  0  2.90  29           275 000
34339491 Korhonen Joona 3  0  1  1  0  0  0  0  0  0  0  0  0  1  0  0  0  0  0  0  0  0  0  2.00  6           210 000
28730556 Lepaus Teemu 13  4  3  7  0  0  1  0  0  21  3  4  4  6  -3  6  0  0  0  0  0  0  0  5.31  69           250 000
30735248 Maccelli Matias 15  4  6  10  0  0  0  0  0  56  1  0  0  8  -12  8  0  1  0  1  0  0  1  6.67  100           350 000
26590031 Meskanen Ville 13  6  1  7  0  0  1  1  0  59  5  0  0  7  -9  2  0  2  0  1  0  0  0  7.00  91           360 000
24880895 Mieho Panu 15  4  6  10  0  0  0  0  1  31  5  125  115  9  -8  8  0  0  1  0  1  0  0  6.73  101           305 000
24849205 Myttynen Matias 10  1  7  8  0  0  0  1  0  32  0  90  86  4  -5  4  0  0  0  0  1  0  0  6.40  64           335 000
31905381 Nalli Miro 12  3  0  3  0  0  0  1  0  18  6  0  3  4  -8  14  0  1  0  0  0  0  0  2.75  33           230 000
31803661 Pakkila Eetu 15  1  4  5  0  0  0  0  0  28  0  0  1  6  -7  2  0  0  0  0  0  0  3  3.47  52           240 000
30687613 Saarela Antti 14  0  0  0  0  0  0  0  0  19  3  73  103  4  -10  16  0  0  0  0  0  0  3  0.79  11           225 000
23351053 Suomi Eemeli 15  2  6  8  0  0  1  0  0  51  4  17  24  8  -10  12  0  0  1  0  0  2  0  5.93  89           365 000
29837610 Vayrynen Teemu 15  3  1  4  0  0  0  0  0  29  5  40  87  5  -11  27  0  0  1  0  0  0  0  1.47  22           215 000
Jukurit
ID Maalivahti O M S P V H TP TO PM NP JM OR X XX XXX LPP/O LPP Arvo
21851801 Jarvinen Mika 5  0  0  0  1  3  0  79  17  0  2  0  0  0  0  -1.80  -9               295 000
22993098 Rajaniemi Sami 16  0  1  1  4  8  3  356  48  1  0  0  1  1  2  4.69  75               315 000
31267715 Randelin Eetu 0  0  0  0  0  0  0  0  0  0  0  0  0  0  0  0  0               265 000
40084827 Silvennoinen Lukas 0  0  0  0  0  0  0  0  0  0  0  0  0  0  0  0  0               230 000
ID Puolustaja O M S P AVM AVS VM TM JA L B ALV ALH + - JM OR X XX XXX KL ELP NL LPP/O LPP Arvo
24319557 Forsblom Saku 1  0  0  0  0  0  0  0  0  3  0  0  0  0  -2  2  0  0  0  0  0  0  0  0.00  0               205 000
60346724 Galvas Jakub 13  0  2  2  0  0  0  0  0  20  4  0  0  3  -9  2  0  0  0  0  0  0  1  1.85  24               230 000
30375718 Gronblom Tom 8  0  0  0  0  0  0  0  0  15  1  0  0  1  -14  2  0  0  0  0  0  0  0  -1.50  -12               195 000
30548804 Haarti Jaakko 4  0  0  0  0  0  0  0  0  7  0  0  0  1  -2  2  0  0  0  0  0  0  0  1.25  5               210 000
21700651 Hyvarinen Ville 7  0  0  0  0  0  0  0  0  2  2  0  0  2  -2  6  0  0  0  0  0  0  0  1.71  12               210 000
60346723 Iakovenko Aleksandr 19  2  7  9  0  0  0  0  0  61  4  0  0  13  -16  8  0  0  0  0  1  0  0  6.26  119               310 000
28547299 Kemppainen Samuel 0  0  0  0  0  0  0  0  0  0  0  0  0  0  0  0  0  0  0  0  0  0  0  0  0               190 000
31128854 Kokkonen Mikko 12  0  3  3  0  0  0  0  0  23  9  0  0  7  -13  2  0  1  0  0  0  3  0  3.67  44               245 000
24229184 Makinen Atte 15  0  0  0  0  0  0  0  0  15  3  0  0  1  -7  8  0  0  0  0  0  0  0  0.73  11               215 000
22891255 Piipponen Samuli 18  0  2  2  0  0  0  0  0  33  7  0  0  11  -15  18  0  0  0  0  2  0  0  2.72  49               230 000
30439447 Rindell Axel 16  3  7  10  0  0  2  0  0  71  0  0  0  16  -14  10  0  0  0  2  4  3  2  10.44  167               365 000
30870187 Salmela Santeri 19  0  1  1  0  0  0  0  0  19  5  0  0  6  -15  14  0  0  0  0  0  0  0  1.37  26               220 000
ID Hyokkaaja O M S P AVM AVS VM TM JA L B ALV ALH + - JM OR X XX XXX KL ELP NL LPP/O LPP Arvo
60466256 Afanasyev Kristian 10  2  2  4  0  0  1  0  0  46  1  0  1  4  -8  2  0  0  0  0  0  0  0  4.90  49           280 000
21600081 Henritius Teemu 19  3  3  6  0  0  0  0  0  19  6  23  42  9  -16  6  0  0  0  1  0  0  0  2.58  49           230 000
30851669 Huttunen Heikki 15  0  0  0  0  0  0  0  0  9  1  0  1  5  -9  4  0  0  0  0  0  0  2  1.07  16           210 000
30747854 Kiesila Perttu 11  0  1  1  0  0  0  0  0  7  0  48  32  2  -7  8  0  0  0  0  0  0  0  1.73  19           210 000
24174051 Leskinen Ville 16  1  2  3  0  0  0  1  0  29  1  0  0  6  -7  2  0  0  0  0  0  0  0  2.63  42           225 000
31317982 Linjala Miiro 1  0  0  0  0  0  0  0  0  0  0  0  0  1  -1  0  0  0  0  0  0  0  0  1.00  1           180 000
22483058 Lofman Anssi 19  4  5  9  0  0  1  0  0  35  4  188  187  9  -12  6  0  2  0  0  0  1  0  4.63  88           265 000
30667484 Matikainen Kalle 2  0  1  1  0  0  0  0  0  4  0  0  0  1  -1  0  0  0  0  0  0  0  0  3.50  7           190 000
24064653 Makinen Otto 19  1  4  5  0  0  0  0  1  19  2  98  107  9  -16  2  0  0  0  0  0  0  1  2.37  45           220 000
60498996 Netterberg Pontus 13  4  5  9  0  0  0  0  0  38  1  1  2  5  -14  14  0  1  0  0  0  0  0  5.85  76           290 000
30712591 Nikkanen Henri 12  2  3  5  0  0  0  0  0  27  5  92  77  4  -11  0  0  0  2  0  0  0  0  4.50  54           250 000
40172011 Oden Markus 4  0  1  1  0  0  0  0  0  11  1  0  0  1  0  0  0  0  0  0  0  0  0  3.50  14           200 000
22895620 Piitulainen Jesper 8  4  2  6  0  0  0  0  0  24  2  0  0  4  -5  0  0  1  1  0  0  0  0  6.88  55           315 000
22936754 Pulkkinen Teemu 11  1  2  3  0  0  0  0  0  22  3  0  0  7  -6  0  0  0  0  0  0  0  0  3.55  39           230 000
60466216 Rohdin Joachim 17  7  3  10  0  0  0  1  0  65  1  11  16  7  -12  10  0  1  0  1  1  0  0  6.35  108           330 000
23155013 Saha Mikael 8  0  1  1  0  0  0  0  0  4  2  1  1  2  -5  2  0  0  0  0  0  0  1  1.25  10           205 000
60466255 Stransky Simon 17  3  5  8  0  0  1  0  0  39  0  11  14  6  -19  4  0  0  1  0  0  0  0  3.65  62           235 000
23702275 Vahatalo Julius 19  3  3  6  0  0  0  0  0  28  3  62  60  6  -14  4  0  1  0  0  0  0  0  2.84  54           220 000
60498994 Yip Brandon 8  1  2  3  0  0  0  0  0  32  0  1  2  4  -6  33  0  0  0  0  0  1  1  4.63  37           305 000
JYP
ID Maalivahti O M S P V H TP TO PM NP JM OR X XX XXX LPP/O LPP Arvo
27692297 Parkkinen Niko 3  0  0  0  0  2  1  74  10  0  0  0  0  0  1  3.67  11               265 000
29857823 Ruusu Markus 12  0  0  0  3  7  1  307  37  1  2  0  0  1  2  5.67  68               320 000
ID Puolustaja O M S P AVM AVS VM TM JA L B ALV ALH + - JM OR X XX XXX KL ELP NL LPP/O LPP Arvo
24182470 AllXn Roni 4  0  0  0  0  0  0  0  0  4  2  0  0  2  -4  6  0  0  0  0  0  1  0  2.50  10               230 000
28705727 Honka Anttoni 13  1  6  7  0  0  0  0  0  49  2  0  0  9  -11  10  0  0  0  0  0  0  0  7.00  91               325 000
33150613 Jurmo Joni 4  0  0  0  0  0  0  0  0  4  0  0  0  0  -3  0  0  0  0  0  0  0  0  -0.75  -3               195 000
31250968 Kakkonen Valtteri 9  1  0  1  0  0  0  0  0  11  4  0  0  7  -5  6  0  0  0  0  0  0  0  4.11  37               235 000
21892307 Kalteva Mikko 10  0  3  3  0  0  0  0  0  18  7  0  0  8  -7  6  0  0  0  0  0  0  0  5.00  50               275 000
33388362 Koskela Valtteri 14  1  2  3  0  0  0  0  0  22  3  0  0  6  -11  0  0  0  0  1  0  0  1  2.86  40               215 000
31332145 Kuusela Kimi 12  0  0  0  0  0  0  0  0  15  7  0  0  4  -3  16  0  0  0  0  0  0  0  2.00  24               210 000
60487471 Lambos Carson 2  0  0  0  0  0  0  0  0  1  0  0  0  1  -1  0  0  0  0  0  0  0  0  1.00  2               190 000
32976568 Malinen Aleksi 12  1  0  1  0  0  1  0  0  19  1  1  0  3  -11  4  0  0  1  0  0  0  0  1.67  20               205 000
29915053 Niku Tomi 4  0  0  0  0  0  0  0  0  4  0  0  0  0  -1  0  0  0  0  0  0  0  0  0.00  0               185 000
24190598 Salonen Aleksi 13  0  1  1  0  0  0  0  0  13  5  0  0  5  -18  2  0  1  0  0  0  0  0  0.23  3               225 000
ID Hyokkaaja O M S P AVM AVS VM TM JA L B ALV ALH + - JM OR X XX XXX KL ELP NL LPP/O LPP Arvo
34428467 Helenius Samuel 10  1  2  3  0  0  0  0  0  15  2  67  90  5  -12  6  0  0  0  0  0  0  0  2.30  23           225 000
24466950 Immonen Jarkko 14  4  3  7  0  0  1  0  0  42  5  136  92  6  -11  0  0  2  1  0  0  0  0  5.86  82           295 000
30575699 Kalajanniska Oskari 1  0  0  0  0  0  0  0  0  1  1  0  0  0  -1  0  0  0  0  0  0  0  0  1.00  1           190 000
24641005 Kalapudas Antti 6  1  2  3  0  0  0  0  0  7  0  49  37  5  -2  2  0  0  0  0  1  0  0  6.00  36           300 000
33388333 Koskela Santeri 13  0  0  0  0  0  0  0  0  13  1  42  75  0  -4  2  0  0  0  0  0  0  0  -0.23  -3           195 000
22181127 Kumpulainen Janne 0  0  0  0  0  0  0  0  0  0  0  0  0  0  0  0  0  0  0  0  0  0  0  0  0           200 000
27772764 Lahtinen Severi 7  0  3  3  0  0  0  0  0  10  0  0  0  3  -3  0  0  0  0  0  0  0  1  3.43  24           230 000
34367447 Lambert Brad 10  2  2  4  0  0  0  0  0  30  0  1  5  4  -10  4  0  0  0  1  0  0  2  4.50  45           250 000
24188254 Larinmaa Joonas 5  0  0  0  0  0  0  0  0  5  1  0  0  1  0  2  0  0  0  0  0  0  1  2.00  10           205 000
24811398 Louhivaara Ossi 2  0  0  0  0  0  0  0  0  6  0  0  0  0  -1  0  0  1  0  0  0  0  0  1.50  3           220 000
40102012 Puistola Patrik 13  1  4  5  0  0  0  0  0  16  5  0  0  4  -6  2  0  1  0  0  0  0  0  3.38  44           240 000
33373610 Rooba Robert 14  7  2  9  0  1  0  1  0  47  1  0  1  8  -13  6  0  0  2  0  0  0  2  6.93  97           315 000
23181087 Salmio Mikko 14  1  1  2  0  1  0  0  0  19  5  0  0  2  -9  8  0  1  0  0  1  0  0  2.29  32           225 000
23251373 Siekkinen Jani 4  1  0  1  1  0  0  0  0  5  1  15  17  1  -1  4  0  0  0  0  0  0  0  4.50  18           200 000
29937251 Siikanen Patrik 11  0  1  1  0  0  0  0  0  17  4  0  0  3  -7  2  0  0  0  0  0  0  0  1.82  20           210 000
23505155 Tuppurainen Jani 14  3  5  8  1  0  0  1  0  33  3  0  1  11  -8  8  0  0  0  0  0  0  3  6.57  92           325 000
27647886 Turkulainen Jerry 14  4  7  11  0  0  0  0  0  33  3  12  20  9  -10  10  0  0  0  1  1  0  0  6.79  95           310 000
31927592 Valkeejarvi Samuel 9  0  1  1  0  0  0  0  0  9  3  0  0  3  -5  2  0  0  0  0  0  0  1  2.11  19           215 000
KalPa
ID Maalivahti O M S P V H TP TO PM NP JM OR X XX XXX LPP/O LPP Arvo
34264401 Jatkola Juha 0  0  0  0  0  0  0  0  0  0  0  0  0  0  0  0  0               230 000
24555926 Kilpelainen Eero 14  0  0  0  6  5  3  270  25  3  0  0  0  4  3  8.29  116               340 000
22861900 Perhonen Samu 2  0  0  0  0  1  1  36  4  0  0  0  0  0  0  3.00  6               300 000
32309559 Tikkanen Henrik 2  0  0  0  1  1  0  44  4  0  0  0  0  1  0  6.00  12               245 000
ID Puolustaja O M S P AVM AVS VM TM JA L B ALV ALH + - JM OR X XX XXX KL ELP NL LPP/O LPP Arvo
40431875 Gallet Hugo 15  0  3  3  0  0  0  0  0  38  2  0  0  4  -1  33  0  0  0  0  1  0  0  3.47  52               240 000
60408300 Graham Jesse 18  0  8  8  0  0  0  0  0  61  2  0  0  11  -10  6  0  0  1  0  0  3  1  6.33  114               335 000
60499751 Hjorth Eric 0  0  0  0  0  0  0  0  0  0  0  0  0  0  0  0  0  0  0  0  0  0  0  0  0               210 000
21685718 Huttunen Otto 14  0  0  0  0  0  0  0  0  21  5  0  2  1  -7  4  0  0  0  0  2  0  0  1.07  15               215 000
28942315 Laavainen Roope 8  0  3  3  0  0  0  0  0  11  3  0  0  3  -3  2  0  0  0  0  1  0  0  4.38  35               235 000
24725109 Lappalainen Lasse 18  3  5  8  0  0  0  0  1  84  1  0  0  15  -6  8  0  0  1  0  5  1  0  9.11  164               370 000
28696276 Mattila Jesper 18  1  1  2  0  0  0  0  0  34  3  0  0  10  -10  10  0  0  0  0  0  1  0  3.50  63               240 000
31046431 Nousiainen Kim 15  0  5  5  0  1  0  0  0  56  5  0  0  11  -7  6  0  0  0  0  0  4  0  6.80  102               340 000
30951530 Riekkinen Joona 0  0  0  0  0  0  0  0  0  0  0  0  0  0  0  0  0  0  0  0  0  0  0  0  0               250 000
23242492 Seppala Mikael 15  1  3  4  0  0  1  0  0  24  5  0  0  12  -5  37  0  1  0  0  0  0  0  5.27  79               260 000
ID Hyokkaaja O M S P AVM AVS VM TM JA L B ALV ALH + - JM OR X XX XXX KL ELP NL LPP/O LPP Arvo
40291921 Aaltonen Leevi 10  1  2  3  0  0  0  0  0  19  0  0  0  4  -5  0  0  1  0  0  0  0  0  3.00  30           230 000
60503717 Bracco Jeremy 1  0  0  0  0  0  0  0  0  2  0  0  0  1  0  0  0  0  0  0  0  0  0  3.00  3           320 000
21673131 Humaloja Miska 14  1  1  2  0  0  1  0  0  20  3  61  65  6  -2  8  0  0  0  1  0  0  0  3.29  46           225 000
32306811 Immonen Severi 13  1  1  2  0  0  1  0  0  9  0  34  39  4  -5  0  0  0  1  0  0  0  1  2.00  26           215 000
21804861 Jokinen Tommi 18  1  3  4  0  0  0  0  0  18  3  0  0  6  -3  2  0  0  0  0  0  0  0  2.50  45           225 000
28576383 Kantola Kai 18  10  5  15  1  0  1  0  0  81  5  33  41  13  -4  0  0  1  1  0  0  0  0  8.78  158           365 000
27471447 Klemetti Aleksi 16  2  7  9  0  0  0  0  0  44  2  0  1  10  -4  14  0  0  0  1  1  0  1  6.44  103           330 000
28570745 Knuutinen Henri 15  1  4  5  1  1  0  0  0  22  7  22  30  11  -4  6  0  1  0  1  0  0  0  5.07  76           235 000
31110600 Korhonen Benjamin 13  1  2  3  0  0  0  0  0  10  8  0  3  5  -5  0  0  1  0  0  0  0  0  2.38  31           220 000
24226640 Kononen Juuso 18  8  2  10  1  0  2  0  0  44  9  0  0  11  -6  6  0  1  0  1  0  0  0  6.78  122           295 000
31578145 Maenpaa Juuso 8  0  0  0  0  0  0  0  0  0  0  9  13  0  -3  0  0  0  0  0  0  0  0  -0.63  -5           195 000
25057054 Pitkanen Miikka 2  1  0  1  0  0  0  0  0  6  0  0  0  1  -1  0  0  0  0  0  0  0  0  5.50  11           340 000
25663901 Ruuttu Alexander 14  5  3  8  0  0  0  2  0  52  3  2  5  7  -5  12  0  2  1  0  2  0  0  6.36  89           315 000
29969041 Rasanen Aapeli 18  3  2  5  0  0  2  0  0  25  4  207  131  7  -10  12  0  1  0  0  0  0  1  5.33  96           265 000
34250949 Sebok Balazs 18  3  9  12  0  0  0  0  0  56  4  152  149  13  -4  10  0  0  2  1  1  4  2  7.72  139           350 000
30729937 Suhonen Pekka 0  0  0  0  0  0  0  0  0  0  0  0  0  0  0  0  0  0  0  0  0  0  0  0  0           170 000
40024585 Tavernier Sami 2  0  0  0  0  0  0  0  0  5  0  0  0  0  -1  4  0  0  0  0  0  0  0  3.00  6           230 000
25345944 Vartiainen Tuomas 18  1  3  4  0  0  0  0  0  50  2  0  0  4  -13  6  0  0  0  0  0  0  1  2.83  51           235 000
KooKoo
ID Maalivahti O M S P V H TP TO PM NP JM OR X XX XXX LPP/O LPP Arvo
60457112 Brattstrom Victor 13  0  0  0  5  3  4  265  28  0  4  0  3  0  1  4.92  64               330 000
31877419 Raiha Riku 0  0  0  0  0  0  0  0  0  0  0  0  0  0  0  0  0               235 000
31635062 Salminen Oskari 3  0  0  0  2  0  1  51  7  0  0  0  0  0  0  4.33  13               305 000
ID Puolustaja O M S P AVM AVS VM TM JA L B ALV ALH + - JM OR X XX XXX KL ELP NL LPP/O LPP Arvo
29587960 Berger Martin 13  2  1  3  1  0  0  0  0  30  3  0  0  9  -8  101  0  0  0  1  2  0  1  3.85  50               235 000
40339220 Bonsaksen Alexander 15  1  3  4  0  0  0  0  0  22  5  0  1  13  -7  20  0  0  0  0  0  0  0  5.87  88               250 000
22510552 Manninen Oskari 15  2  1  3  0  0  0  0  0  36  0  0  0  8  -5  4  0  0  0  0  1  0  0  4.40  66               270 000
30932931 Palojarvi Antti 0  0  0  0  0  0  0  0  0  0  0  0  0  0  0  0  0  0  0  0  0  0  0  0  0               185 000
25042564 Pelli Arttu 15  2  3  5  0  0  0  0  0  58  3  0  0  9  -6  4  0  0  0  0  0  0  0  5.93  89               320 000
28273262 Rautanen Juho 13  0  3  3  0  0  0  0  0  17  1  0  0  7  -2  4  0  0  0  0  0  0  0  3.92  51               230 000
32033595 Seppala Peetro 12  2  2  4  0  0  0  0  0  23  2  0  0  8  -8  4  0  0  0  1  1  0  0  5.25  63               240 000
23517198 Tuulola Joni 15  0  3  3  0  0  0  0  0  33  4  0  0  10  -11  2  0  0  0  0  1  1  0  3.67  55               285 000
60350439 Ytterell Alexander 6  0  1  1  0  0  0  0  0  14  1  0  0  4  -2  2  0  0  0  0  1  0  0  4.67  28               230 000
ID Hyokkaaja O M S P AVM AVS VM TM JA L B ALV ALH + - JM OR X XX XXX KL ELP NL LPP/O LPP Arvo
21292664 Ainali Aleksi 14  3  5  8  0  0  1  0  0  26  1  82  82  7  -3  8  0  0  0  1  0  0  0  5.64  79           265 000
60497670 Aleksandrov Nikita 10  0  3  3  0  0  0  0  0  27  2  6  12  4  -5  6  0  1  0  0  0  0  0  3.90  39           245 000
29783858 Bjorkqvist Kasper 12  1  6  7  0  1  1  0  0  34  6  0  0  8  -4  2  0  0  0  0  0  0  0  6.08  73           310 000
29695519 Engberg Teemu 14  2  1  3  0  1  1  0  0  35  1  1  2  6  -2  12  0  0  0  0  0  0  0  4.50  63           250 000
21440937 Friberg Jere 2  0  0  0  0  0  0  0  0  0  0  8  9  0  0  2  0  0  0  0  0  0  0  0.50  1           200 000
60342516 Gallo Vilmos 15  6  8  14  0  0  3  1  0  55  3  0  2  14  -14  20  0  0  1  1  0  2  0  8.93  134           350 000
100033523 Karlsson Erik 15  2  3  5  0  0  0  0  0  22  3  100  103  9  -10  6  0  0  0  0  0  0  0  3.67  55           230 000
22051338 Koivisto Kimi 0  0  0  0  0  0  0  0  0  0  0  0  0  0  0  0  0  0  0  0  0  0  0  0  0           210 000
60342514 Mingoia Trevor 2  1  3  4  0  0  0  0  0  14  1  0  0  2  -1  2  0  0  1  0  0  0  0  16.50  33           385 000
40172010 Oden Joonas 14  2  3  5  0  0  0  0  0  38  1  0  1  8  -1  2  0  0  1  0  0  0  7  5.57  78           275 000
24962616 Ojantakanen Kasperi 14  1  2  3  0  0  1  0  0  19  0  67  48  6  -4  6  0  0  1  0  0  0  1  3.71  52           235 000
23770029 Oksanen Ahti 15  5  10  15  0  0  2  1  0  88  4  46  73  14  -7  4  0  2  0  2  1  2  0  10.60  159           395 000
60348367 Platzer Kyle 15  3  11  14  0  0  0  0  1  66  1  136  142  12  -9  2  0  0  0  2  0  3  0  8.80  132           360 000
28967947 Ratinen Samuli 14  4  3  7  0  0  0  0  0  24  0  0  0  12  -8  2  0  1  1  1  0  0  2  5.64  79           245 000
24153195 Suuronen Toni 14  2  2  4  0  0  0  0  0  26  0  0  4  3  -5  4  0  0  0  1  0  0  0  2.79  39           215 000
60498452 Thomas Christian 11  6  6  12  0  0  0  0  0  59  0  0  1  7  -3  6  0  1  1  0  0  0  0  10.00  110           400 000
Karpat
ID Maalivahti O M S P V H TP TO PM NP JM OR X XX XXX LPP/O LPP Arvo
32498965 Annunen Justus 5  0  0  0  1  3  1  82  14  0  0  0  0  0  0  0.60  3               320 000
31589972 Blomqvist Joel 0  0  0  0  0  0  0  0  0  0  0  0  0  0  0  0  0               260 000
60343378 Rybar Patrik 11  0  0  0  6  2  3  182  14  2  0  0  0  3  1  7.82  86               340 000
ID Puolustaja O M S P AVM AVS VM TM JA L B ALV ALH + - JM OR X XX XXX KL ELP NL LPP/O LPP Arvo
60342557 Bystrom Ludwig 16  1  4  5  0  0  0  0  0  51  13  0  0  6  -11  16  0  1  1  0  2  2  1  5.13  82               355 000
40428666 Heshka Shaun 10  1  3  4  0  0  0  0  0  35  1  0  0  6  -5  0  0  0  0  1  0  2  0  6.20  62               370 000
24353539 Huttula Joona 15  2  0  2  0  0  1  0  0  20  0  0  0  6  -1  10  0  1  0  0  0  0  0  4.07  61               230 000
30730803 Loponen Kalle 0  0  0  0  0  0  0  0  0  0  0  0  0  0  0  0  0  0  0  0  0  0  0  0  0               175 000
22679723 Niemela Mikko 16  0  4  4  0  0  0  0  0  39  1  0  0  10  -9  8  0  0  0  0  1  2  0  4.69  75               260 000
31555838 Niemela Topi 5  0  1  1  0  0  0  0  0  22  2  0  0  3  -3  2  0  0  0  0  0  0  0  4.80  24               245 000
29528916 Niskala Jaakko 4  0  0  0  0  0  0  0  0  2  0  0  0  0  -2  0  0  0  0  0  0  0  0  -0.75  -3               190 000
31519609 Puutio Kasper 11  0  1  1  0  0  0  0  0  17  0  0  0  4  -5  0  0  0  0  0  0  0  0  1.64  18               205 000
29679441 Ronkainen Taneli 15  0  0  0  0  0  0  0  0  23  9  0  0  4  -8  4  0  0  0  0  0  0  0  1.33  20               225 000
60411600 Sulak Libor 12  1  1  2  0  0  0  0  0  62  2  0  0  5  -3  16  0  0  1  0  7  0  1  7.75  93               400 000
23424825 Teppo Miihkali 5  0  0  0  0  0  0  0  0  8  1  0  0  2  -2  0  0  0  0  0  1  0  0  2.00  10               220 000
ID Hyokkaaja O M S P AVM AVS VM TM JA L B ALV ALH + - JM OR X XX XXX KL ELP NL LPP/O LPP Arvo
24242404 Aaltonen Juhamatti 14  4  10  14  0  1  0  0  0  49  2  0  1  13  -8  2  0  0  1  2  1  0  1  9.07  127           435 000
30616480 Heikkala Ville 2  0  0  0  0  0  0  0  0  3  0  0  0  0  0  2  0  0  0  0  0  0  0  2.00  4           200 000
24406130 Hermonen Julius 10  1  1  2  0  0  1  0  0  17  0  0  0  2  -3  0  0  0  0  0  0  0  0  2.30  23           230 000
24474272 Jokinen Jussi 14  2  1  3  0  0  0  0  0  28  1  1  1  4  -7  10  0  0  0  0  0  0  0  3.14  44           265 000
31329598 Jarvitalo Tommi 0  0  0  0  0  0  0  0  0  0  0  0  0  0  0  0  0  0  0  0  0  0  0  0  0           175 000
21940848 Karvinen Otto 16  1  0  1  0  0  0  0  0  24  7  1  8  3  -9  18  0  0  0  0  0  0  1  2.38  38           230 000
40245614 Koblizek Radek 12  2  3  5  0  0  2  0  0  35  2  0  0  6  -5  0  0  1  0  1  0  0  0  5.17  62           295 000
28727446 Koskenkorva Jesse 9  1  1  2  0  0  0  0  0  15  0  41  44  3  -3  6  0  0  0  0  0  0  0  3.11  28           225 000
40106629 Kristof Michal 16  3  4  7  0  0  1  0  1  32  5  97  89  9  -4  4  0  0  1  0  0  0  0  5.38  86           320 000
100027950 Kunyk Cody 14  2  6  8  0  0  1  0  0  67  2  144  162  6  -6  6  0  0  0  1  0  1  2  6.64  93           375 000
28489001 Metsavainio Tino 8  1  1  2  0  0  0  0  0  9  2  29  28  3  -2  0  0  0  0  0  0  0  0  2.75  22           220 000
22598901 Mustonen Aleksi 15  3  1  4  1  0  2  0  0  18  3  47  61  7  -11  0  0  0  0  1  0  0  0  3.07  46           240 000
25013577 Pyorala Mika 16  2  5  7  0  0  0  1  0  29  2  4  5  6  -8  4  0  1  0  0  0  0  0  3.75  60           330 000
31899057 Raty Aatu 10  1  1  2  0  0  0  0  0  32  0  42  46  2  -1  6  0  1  0  0  0  0  0  3.60  36           240 000
31762087 Raty Aku 11  0  0  0  0  0  1  0  0  20  1  0  0  2  -5  2  0  0  0  0  0  0  0  1.55  17           215 000
25589140 Sailio Jari 15  1  3  4  0  0  0  0  0  31  2  0  0  4  -9  8  0  0  0  1  0  0  0  3.27  49           235 000
32558931 Tieksola Tuukka 13  2  1  3  0  0  0  0  0  16  1  0  0  3  -3  4  0  3  0  0  0  0  1  3.08  40           220 000
34133817 Tuomaala Samu 0  0  0  0  0  0  0  0  0  0  0  0  0  0  0  0  0  0  0  0  0  0  0  0  0           190 000
Lukko
ID Maalivahti O M S P V H TP TO PM NP JM OR X XX XXX LPP/O LPP Arvo
27682964 Lehtinen Lassi 9  0  0  0  8  0  1  195  5  4  2  0  1  1  4  15.67  141               360 000
30131813 Makela Alex 0  0  0  0  0  0  0  0  0  0  0  0  0  0  0  0  0               245 000
23249408 Setanen Oskari 5  0  1  1  2  3  0  94  11  1  0  0  1  0  0  7.00  35               340 000
ID Puolustaja O M S P AVM AVS VM TM JA L B ALV ALH + - JM OR X XX XXX KL ELP NL LPP/O LPP Arvo
60503736 Gregoire Thomas 2  0  2  2  0  0  0  0  0  8  2  0  0  2  0  2  0  0  0  0  0  0  0  13.00  26               365 000
60348405 Klok Lukas 12  1  4  5  0  0  1  0  0  42  12  0  0  10  -2  12  0  1  0  0  0  7  0  10.00  120               360 000
32764000 Korkka Onni 11  0  0  0  0  0  0  0  0  10  2  0  0  3  -3  0  0  0  0  0  0  0  0  1.18  13               200 000
31585390 Kukkonen Miska 14  1  0  1  0  0  0  0  0  21  7  0  0  6  -4  6  0  0  1  0  0  0  0  3.21  45               240 000
29650046 Laitinen Vili 13  0  2  2  0  0  0  0  0  20  7  0  0  4  -2  0  0  0  0  0  0  0  0  3.00  39               210 000
31363266 Nyman Luka 0  0  0  0  0  0  0  0  0  0  0  0  0  0  0  0  0  0  0  0  0  0  0  0  0               170 000
32212769 Pietila Noel 0  0  0  0  0  0  0  0  0  0  0  0  0  0  0  0  0  0  0  0  0  0  0  0  0               185 000
60348444 Press Robin 14  5  3  8  0  0  2  0  0  59  5  0  0  10  -6  10  0  0  2  0  4  1  0  10.36  145               400 000
23139495 Saarijarvi Vili 12  2  6  8  0  0  1  0  0  57  5  0  0  10  -4  10  0  2  1  1  4  2  0  12.00  144               435 000
24177003 Sevanen Roni 14  0  1  1  0  0  0  0  0  28  6  0  0  9  -3  16  0  0  0  0  0  0  0  3.79  53               245 000
ID Hyokkaaja O M S P AVM AVS VM TM JA L B ALV ALH + - JM OR X XX XXX KL ELP NL LPP/O LPP Arvo
34399525 Arrak Robert 0  0  0  0  0  0  0  0  0  0  0  0  0  0  0  0  0  0  0  0  0  0  0  0  0           170 000
60453964 Audette Daniel 14  3  9  12  0  0  1  0  0  46  1  84  90  8  -3  6  0  0  2  0  1  0  0  7.50  105           360 000
21499603 Hakulinen Anrei 13  3  4  7  0  0  1  0  0  33  3  2  0  8  -2  6  0  0  1  0  0  0  1  6.62  86           355 000
24546935 Koivisto Toni 9  0  1  1  0  0  0  0  0  12  2  0  0  1  -1  4  0  0  0  0  0  0  0  2.33  21           230 000
23889127 Koivistoinen Eetu 14  6  3  9  0  0  0  0  0  52  4  161  120  10  -3  4  0  0  0  1  1  0  0  8.57  120           390 000
22396653 Liedes Heikki 14  1  2  3  0  0  1  0  0  23  7  54  81  5  -3  8  0  0  1  0  0  0  1  3.50  49           235 000
31770891 Markkula Miro 5  0  0  0  0  0  0  0  0  2  0  0  0  0  0  0  0  0  0  0  0  0  0  0.20  1           200 000
28696292 Mattila Julius 14  0  2  2  0  0  0  0  0  18  1  96  73  4  -4  8  0  0  0  0  0  0  0  3.00  42           240 000
30682391 Nyman Linus 13  0  3  3  0  0  0  0  0  22  5  0  0  5  -1  0  0  0  0  0  0  0  0  3.15  41           235 000
31903545 Petman Mikko 10  2  1  3  0  0  0  0  0  17  1  0  0  4  -1  8  0  2  0  0  0  0  0  4.40  44           230 000
60348452 Pospisil Kristian 11  4  6  10  0  0  0  1  0  33  3  0  0  8  -3  4  0  0  1  1  1  0  0  8.64  95           385 000
25139587 Repo Sebastian 14  3  4  7  0  0  0  0  0  49  4  17  13  7  -6  2  0  0  0  0  0  0  1  5.64  79           345 000
24178578 Ruotsi Jesse 0  0  0  0  0  0  0  0  0  0  0  0  0  0  0  0  0  0  0  0  0  0  0  0  0           180 000
27023853 Saarela Aleksi 6  0  3  3  0  0  0  0  0  20  0  0  0  5  -2  2  0  0  1  0  1  0  1  6.67  40           400 000
60453523 Skalicky Pavol 13  6  4  10  0  0  2  0  0  46  3  2  0  10  -2  4  0  0  0  1  0  0  3  9.00  117           370 000
32509715 Suni Oliver 2  0  0  0  0  0  0  0  0  0  0  0  0  0  0  0  0  0  0  0  0  0  0  0.00  0           195 000
25461491 Tammela Jonne 9  1  1  2  0  0  1  0  0  17  1  0  0  3  -4  4  0  0  0  1  0  0  0  3.56  32           295 000
32294910 Ylitalo Niklas 13  0  0  0  0  0  0  0  0  10  3  0  0  3  0  0  0  0  0  0  0  0  0  1.15  15           205 000
Pelicans
ID Maalivahti O M S P V H TP TO PM NP JM OR X XX XXX LPP/O LPP Arvo
60462059 Bartosak Patrik 10  0  1  1  6  3  1  234  21  0  0  0  0  1  1  8.20  82               345 000
30793895 Parviainen Oskari 0  0  0  0  0  0  0  0  0  0  0  0  0  0  0  0  0               240 000
29933802 Patrikainen Jasper 5  0  0  0  1  4  0  133  11  1  0  0  0  2  0  8.40  42               300 000
ID Puolustaja O M S P AVM AVS VM TM JA L B ALV ALH + - JM OR X XX XXX KL ELP NL LPP/O LPP Arvo
29780877 Almari Niclas 5  1  0  1  0  0  1  0  0  8  4  0  0  3  -2  0  0  0  0  0  0  0  0  5.00  25               240 000
60462327 Bergman Julius 15  0  1  1  0  0  0  0  0  37  6  0  0  12  -8  2  0  0  0  0  0  1  0  3.67  55               235 000
24485410 Jalvanti Joonas 7  2  1  3  0  0  1  0  0  23  1  0  0  9  -4  6  0  0  0  0  0  1  0  9.57  67               305 000
24509817 Jurgens Casimir 9  0  1  1  0  0  0  0  0  31  4  0  0  3  -8  0  0  0  0  0  0  0  0  2.44  22               245 000
24715452 Lindroos Alex 12  0  0  0  0  0  0  0  0  31  4  0  0  9  -7  6  0  0  0  0  0  0  0  3.33  40               240 000
32108624 Rajaniemi Matias 12  1  3  4  0  0  0  0  0  14  6  0  0  5  -9  8  0  0  0  0  0  0  0  3.92  47               230 000
32167539 Riihinen Petteri 11  0  0  0  0  0  0  0  0  21  1  0  0  1  -4  0  0  0  0  0  0  0  0  0.91  10               210 000
29665125 Ramo Jerkko 1  0  0  0  0  0  0  0  0  0  0  0  0  0  0  2  0  0  0  0  0  0  0  2.00  2               195 000
28842826 Vainio Veeti 10  1  4  5  0  1  0  0  0  37  2  0  0  3  -7  8  0  0  1  0  1  2  1  7.00  70               340 000
32707368 VilXn Topias 14  1  2  3  0  0  0  0  0  22  1  0  0  10  -7  6  0  0  0  0  1  0  0  4.36  61               225 000
ID Hyokkaaja O M S P AVM AVS VM TM JA L B ALV ALH + - JM OR X XX XXX KL ELP NL LPP/O LPP Arvo
24290689 Bjorninen Hannes 13  3  13  16  0  0  0  0  0  36  2  195  103  9  -9  14  0  3  1  0  0  0  0  11.62  151           400 000
60462332 Cerveny Rudolf 15  8  5  13  0  0  1  0  0  63  2  55  63  5  -8  10  0  1  2  0  2  1  1  8.67  130           355 000
31275998 Forslund Alexander 0  0  0  0  0  0  0  0  0  0  0  0  0  0  0  0  0  0  0  0  0  0  0  0  0           170 000
25646106 Gymer Frank 11  1  3  4  0  0  0  0  0  13  4  1  0  6  -1  0  0  0  0  0  0  0  1  4.18  46           235 000
30636693 Haatanen Aleks 15  2  5  7  0  0  1  0  0  31  4  0  0  6  -7  2  0  1  0  1  0  0  1  4.60  69           245 000
31809869 Heikkila Juuso 0  0  0  0  0  0  0  0  0  0  0  0  0  0  0  0  0  0  0  0  0  0  0  0  0           170 000
29658365 Hamalainen Sakke 15  1  5  6  0  2  1  0  0  22  2  95  95  8  -7  0  0  0  0  0  0  0  0  4.00  60           240 000
29902367 Jamsen Juuso 6  0  1  1  0  0  0  0  0  17  3  0  0  2  0  2  0  0  0  0  0  0  0  3.67  22           210 000
24650025 Kangasniemi Iikka 11  3  6  9  0  0  1  0  0  28  2  0  0  7  -7  2  0  1  0  0  0  0  0  6.64  73           340 000
29061253 Kerkkanen Joel 0  0  0  0  0  0  0  0  0  0  0  0  0  0  0  0  0  0  0  0  0  0  0  0  0           175 000
29798827 Merela Waltteri 15  4  2  6  0  0  0  0  0  35  7  0  1  9  -8  4  0  1  0  0  0  0  1  5.07  76           265 000
24916798 Nieminen Otto 13  0  1  1  0  0  0  0  0  27  4  0  0  2  -3  0  0  0  0  0  0  0  2  2.23  29           220 000
23075106 Roine Miika 15  4  5  9  2  0  1  0  0  31  15  0  0  10  -8  0  0  0  0  0  0  0  1  6.60  99           280 000
25618516 Saarelainen Miro-Pekka 11  1  1  2  0  0  0  0  0  9  2  0  0  3  -4  2  0  0  1  0  0  0  0  2.18  24           215 000
25458802 Tanus Jonatan 10  0  1  1  0  0  0  0  0  17  1  1  1  0  -7  2  0  1  0  0  0  0  0  1.30  13           240 000
27847136 Toivola Artturi 14  0  3  3  0  0  0  0  0  10  0  82  80  6  -6  12  0  0  0  1  1  0  0  3.07  43           230 000
30010552 Tukiainen Leevi 0  0  0  0  0  0  0  0  0  0  0  0  0  0  0  0  0  0  0  0  0  0  0  0  0           195 000
23521841 Tyrvainen Antti 10  3  0  3  1  0  0  0  0  16  2  9  9  3  -6  6  0  0  0  0  0  0  0  4.00  40           235 000
30793837 VilXn Elias 2  0  0  0  0  0  0  0  0  4  0  10  6  0  0  0  0  0  0  0  0  0  0  2.00  4           190 000
60434669 Vrhel Stanislav 0  0  0  0  0  0  0  0  0  0  0  0  0  0  0  0  0  0  0  0  0  0  0  0  0           180 000
SaiPa
ID Maalivahti O M S P V H TP TO PM NP JM OR X XX XXX LPP/O LPP Arvo
31584650 Auvinen Severi 0  0  0  0  0  0  0  0  0  0  0  0  0  0  0  0  0               235 000
60456747 Tomek Matej 6  0  0  0  3  3  0  125  15  0  0  0  1  1  1  5.33  32               290 000
27843800 Westerholm Niclas 11  0  0  0  3  8  0  230  27  0  0  0  0  1  1  3.27  36               315 000
ID Puolustaja O M S P AVM AVS VM TM JA L B ALV ALH + - JM OR X XX XXX KL ELP NL LPP/O LPP Arvo
60407804 Bernhardt David 13  2  5  7  0  0  0  0  0  35  5  0  0  12  -10  0  0  0  0  0  0  2  0  7.15  93               295 000
60348446 Grman Mario 17  1  1  2  0  0  0  0  0  30  11  0  0  9  -11  14  0  1  0  0  1  2  1  4.24  72               245 000
24229715 Jalonen Jimi 0  0  0  0  0  0  0  0  0  0  0  0  0  0  0  0  0  0  0  0  0  0  0  0  0               225 000
29937756 Karjalainen Leevi 0  0  0  0  0  0  0  0  0  0  0  0  0  0  0  0  0  0  0  0  0  0  0  0  0               190 000
22064150 Kojo Markus 17  0  2  2  0  0  0  0  0  15  7  0  0  5  -7  8  0  0  0  0  0  0  0  2.18  37               220 000
40013106 Koskimies Mikael 9  0  0  0  0  0  0  0  0  5  0  0  0  0  -2  0  0  0  0  0  0  0  0  -0.11  -1               195 000
22675468 Nevalainen Niklas 3  0  0  0  0  0  0  0  0  2  0  0  0  2  -2  2  0  0  0  0  0  0  0  1.67  5               210 000
23775707 Olkkonen Joel 16  2  1  3  0  0  1  0  0  55  10  0  0  6  -14  4  0  0  0  0  1  3  5  4.94  79               250 000
31582018 Reini Roope 9  0  1  1  0  0  0  0  0  14  0  0  0  3  -5  2  0  0  0  0  0  0  0  1.67  15               215 000
25091997 Riikola Simo-Pekka 16  0  3  3  0  0  0  0  0  26  6  0  0  6  -6  8  0  0  0  0  0  0  0  3.50  56               230 000
33076328 Sedoff Christoffer 9  0  2  2  0  0  0  0  0  20  3  0  0  5  -3  6  0  0  0  0  0  1  0  4.78  43               245 000
ID Hyokkaaja O M S P AVM AVS VM TM JA L B ALV ALH + - JM OR X XX XXX KL ELP NL LPP/O LPP Arvo
29864256 Erholtz Eemil 12  1  3  4  0  0  0  1  0  24  0  0  0  5  -7  0  0  0  2  0  0  0  0  3.42  41           225 000
21720152 Hamalainen Rasmus 10  1  1  2  0  0  0  0  0  14  0  0  0  1  -3  18  0  0  0  0  0  0  0  2.10  21           220 000
30010662 Juusola Mikko 2  1  0  1  0  0  0  0  0  5  1  0  0  1  -2  0  0  0  0  0  0  0  0  5.00  10           210 000
21878800 Kaksonen Elmeri 14  2  3  5  0  0  0  0  0  45  2  11  20  6  -8  8  0  0  0  0  0  0  0  4.29  60           250 000
32869811 Karvinen Roni 2  0  1  1  0  0  0  0  0  1  1  0  0  1  -1  0  0  0  0  0  0  0  0  3.50  7           200 000
24570406 Koskiranta Jarno 17  2  3  5  0  0  1  0  0  33  4  170  140  4  -13  10  0  0  0  0  0  0  0  3.71  63           320 000
40432227 Krivosik Filip 5  1  0  1  0  0  0  0  0  18  3  0  0  2  0  0  0  0  0  0  0  0  0  4.80  24           245 000
24779032 Lantta Jaakko 17  1  3  4  0  0  0  0  0  19  2  124  99  9  -7  16  0  0  0  1  0  1  0  3.29  56           235 000
32569153 Loimaranta Veikko 16  1  2  3  0  0  1  0  0  25  5  0  1  3  -7  2  0  0  0  0  0  0  0  2.25  36           230 000
32780178 Mantykivi Matias 11  1  2  3  0  0  0  0  0  21  3  0  0  3  -7  8  0  0  0  0  0  0  0  3.36  37           225 000
22710462 Nikko Joni 13  5  3  8  0  0  1  0  0  41  2  0  0  8  -6  6  0  1  0  2  1  0  0  7.31  95           300 000
30728763 Ojantakanen Valtteri 8  0  0  0  0  0  0  0  0  5  1  1  2  0  -1  2  0  0  0  0  2  0  0  1.25  10           205 000
31779229 Petman Ville 13  0  1  1  0  0  0  0  0  10  0  22  26  3  -5  0  0  0  0  0  0  0  1  1.00  13           210 000
29859517 Piipponen Topi 16  0  2  2  0  0  0  0  0  15  2  0  0  3  -8  6  0  0  0  0  0  0  1  1.69  27           215 000
23137280 Saari Micke 17  3  4  7  0  0  0  0  0  25  1  115  127  9  -6  2  0  0  0  0  0  0  1  3.76  64           235 000
23555503 Vainikainen Ville 13  2  1  3  0  0  1  0  0  17  10  0  0  3  -5  0  0  0  0  0  1  0  0  2.92  38           215 000
30356928 Virtanen Santeri 14  4  2  6  0  0  1  0  0  35  2  16  30  11  -11  0  0  0  0  2  1  3  1  5.29  74           240 000
40315414 Zaborsky Tomas 17  4  8  12  0  0  0  0  0  76  2  1  1  14  -13  8  0  0  3  0  1  1  1  8.00  136           375 000
Sport
ID Maalivahti O M S P V H TP TO PM NP JM OR X XX XXX LPP/O LPP Arvo
24390673 Hovinen Niko 12  0  0  0  5  4  3  299  21  2  0  0  1  3  4  10.50  126               330 000
23035023 Reijola Rasmus 4  0  0  0  0  3  1  93  14  0  0  0  1  0  0  1.50  6               320 000
32372777 Ruotsalainen Arttu 0  0  0  0  0  0  0  0  0  0  0  0  0  0  0  0  0               240 000
ID Puolustaja O M S P AVM AVS VM TM JA L B ALV ALH + - JM OR X XX XXX KL ELP NL LPP/O LPP Arvo
24324348 Grondahl Ari 16  0  1  1  0  0  0  0  0  36  3  0  0  6  -10  4  0  0  0  0  1  0  0  2.19  35               230 000
24825038 Makela Aleksi 10  1  0  1  0  0  0  0  0  7  2  0  0  4  -4  2  0  0  0  0  0  0  0  2.20  22               215 000
60454986 Percy Stuart 15  1  5  6  0  0  0  0  0  46  3  0  0  8  -8  10  0  0  0  0  0  8  0  6.80  102               310 000
23470251 Tommila Juho 16  0  2  2  0  0  0  0  0  34  5  0  0  9  -8  8  0  0  0  0  0  0  1  3.63  58               240 000
31017907 Vanttaja Olli 15  0  2  2  0  0  0  0  0  15  3  0  0  6  -5  2  0  0  0  0  1  0  0  2.47  37               210 000
25334515 Viljanen Valtteri 16  0  5  5  0  0  0  0  0  56  3  0  0  6  -13  8  0  0  0  0  0  2  1  4.44  71               305 000
23620535 Westermarck Victor 13  0  1  1  0  0  0  0  0  14  0  0  0  5  -8  4  0  0  0  0  0  0  0  1.54  20               215 000
23805761 Ylitalo Eemeli 0  0  0  0  0  0  0  0  0  0  0  0  0  0  0  0  0  0  0  0  0  0  0  0  0               205 000
ID Hyokkaaja O M S P AVM AVS VM TM JA L B ALV ALH + - JM OR X XX XXX KL ELP NL LPP/O LPP Arvo
21345676 Asplund Turo 15  1  4  5  0  0  0  0  0  26  3  154  132  4  -7  2  0  0  1  0  0  0  0  3.53  53           265 000
30936623 Haarala Santeri 0  0  0  0  0  0  0  0  0  0  0  0  0  0  0  0  0  0  0  0  0  0  0  0  0           200 000
31411901 Heikkinen Lari 0  0  0  0  0  0  0  0  0  0  0  0  0  0  0  0  0  0  0  0  0  0  0  0  0           180 000
21983012 Keranen Janne 16  4  1  5  0  0  2  0  0  62  1  0  0  4  -8  4  0  1  1  0  1  0  0  4.81  77           300 000
21983740 Keranen Michael 16  6  5  11  0  0  2  0  0  99  2  18  17  10  -6  4  0  1  2  2  1  0  0  9.25  148           395 000
29551488 Kuiri Niko 0  0  0  0  0  0  0  0  0  0  0  0  0  0  0  0  0  0  0  0  0  0  0  0  0           190 000
22441087 Liuksiala Juho 5  0  0  0  0  0  0  0  0  5  0  0  0  0  0  0  0  0  0  0  0  0  0  0.60  3           210 000
22450515 Lucenius Niclas 16  2  9  11  0  0  0  0  0  24  0  150  120  12  -5  2  0  0  1  0  1  0  1  6.38  102           285 000
22815419 Partanen Mika 14  3  1  4  0  0  1  0  0  42  3  0  0  4  -6  14  0  1  0  1  1  0  0  5.21  73           250 000
24230814 Paukku Jesse 16  2  1  3  0  0  1  0  0  19  8  0  0  6  -11  2  0  0  0  0  0  0  0  2.63  42           235 000
23064609 Riska Erik 15  0  1  1  0  0  0  0  0  18  4  40  59  3  -5  2  0  0  0  0  0  0  0  0.67  10           220 000
25116157 Riska Filip 8  1  0  1  0  0  1  0  0  9  2  41  39  1  -4  0  0  0  0  1  0  0  0  2.25  18           220 000
60454974 Stalberg Sebastian 16  1  2  3  0  0  0  0  0  54  7  13  31  4  -12  6  0  1  0  0  0  0  0  3.00  48           305 000
25651492 Suoranta Simon 11  0  0  0  0  0  0  0  0  2  1  0  0  0  -1  0  0  0  0  0  0  0  1  0.36  4           215 000
25454518 Talaja Roope 15  5  2  7  0  0  1  0  0  53  10  0  0  8  -6  6  0  0  0  1  0  0  2  6.67  100           280 000
23597163 Vauhkonen Olavi 1  0  0  0  0  0  0  0  0  4  1  1  1  1  0  2  0  0  0  0  0  0  0  7.00  7           245 000
27854909 Vidgren Aaro 15  0  2  2  0  0  0  0  0  28  6  0  0  2  -5  2  0  0  0  0  0  0  0  2.13  32           215 000
23669075 Virtanen Jonne 12  1  1  2  0  0  0  0  0  8  3  77  77  3  -10  4  0  1  0  0  0  0  0  1.67  20           230 000
Tappara
ID Maalivahti O M S P V H TP TO PM NP JM OR X XX XXX LPP/O LPP Arvo
21589720 Heljanko Christian 8  0  0  0  2  4  2  150  17  0  0  0  3  0  0  3.50  28               330 000
40035616 Hrachovina Dominik 5  0  0  0  5  0  0  79  11  0  0  0  0  1  0  5.20  26               325 000
33502782 Piiroinen Kari 1  0  0  0  0  0  0  17  1  0  0  0  1  0  0  5.00  5               245 000
ID Puolustaja O M S P AVM AVS VM TM JA L B ALV ALH + - JM OR X XX XXX KL ELP NL LPP/O LPP Arvo
40371281 Blood Ben 9  3  1  4  0  0  0  1  0  12  0  1  0  8  -5  4  0  0  0  0  0  0  0  6.78  61               250 000
100034138 Hamara Tomas 0  0  0  0  0  0  0  0  0  0  0  0  0  0  0  0  0  0  0  0  0  0  0  0  0               170 000
21974869 Kemilainen Valtteri 9  4  6  10  0  0  1  0  0  49  0  0  0  7  -8  8  0  0  1  1  2  2  0  14.11  127               425 000
29933776 Kinnunen Santtu 13  3  2  5  0  0  1  0  0  35  1  0  0  8  -3  2  0  0  0  0  1  0  0  6.62  86               275 000
40470643 Matushkin Maksim 7  0  10  10  0  0  0  0  0  44  0  0  0  10  -3  8  0  0  1  0  2  2  0  18.00  126               450 000
60455235 Moravcik Michal 10  1  2  3  0  1  0  0  0  28  1  0  0  9  -3  6  0  0  1  0  1  0  0  7.10  71               300 000
60455238 Parlett Blake 10  3  3  6  0  0  0  0  0  25  1  0  0  8  -11  8  0  0  0  0  0  0  0  7.10  71               330 000
24127529 Rouhiainen Jere 7  2  1  3  0  0  0  0  0  12  1  0  0  6  -2  0  0  0  2  0  0  0  0  7.43  52               235 000
23334106 Suhonen Teemu 13  3  2  5  0  0  0  0  0  43  3  0  0  8  -12  6  0  0  0  0  1  0  1  5.85  76               310 000
30738423 Utunen Toni 9  0  1  1  0  0  0  0  0  5  3  0  0  4  -4  0  0  0  0  0  0  0  0  1.89  17               215 000
ID Hyokkaaja O M S P AVM AVS VM TM JA L B ALV ALH + - JM OR X XX XXX KL ELP NL LPP/O LPP Arvo
34254136 Bertrand Charles 13  2  3  5  0  0  2  0  0  65  0  2  0  5  -10  2  0  1  0  0  0  0  0  5.46  71           315 000
29670505 Henriksson Jere 9  0  0  0  0  0  0  0  0  9  0  0  0  0  -3  2  0  0  0  0  0  0  0  0.56  5           210 000
24622477 Kuusela Kristian 13  0  15  15  0  0  0  0  0  24  4  0  1  14  -7  12  0  1  0  1  0  0  0  7.62  99           380 000
22357760 Lehtonen Matias 0  0  0  0  0  0  0  0  0  0  0  0  0  0  0  0  0  0  0  0  0  0  0  0  0           185 000
27746619 Levtchi Anton 10  6  9  15  0  0  1  0  0  24  0  53  54  12  -4  2  0  1  1  2  0  2  0  12.40  124           395 000
32713394 Luoto Oskari 0  0  0  0  0  0  0  0  0  0  0  0  0  0  0  0  0  0  0  0  0  0  0  0  0           170 000
22497989 Malinen Jarkko 13  0  3  3  0  0  0  0  0  15  1  69  75  4  -5  6  0  0  0  0  0  0  0  2.38  31           230 000
29846355 Moilanen Sami 12  0  1  1  0  0  0  0  0  6  1  17  22  2  -3  2  0  0  0  0  0  0  0  0.75  9           220 000
22770952 Nattinen Topi 1  0  1  1  0  0  0  0  0  3  1  0  0  2  -1  0  0  0  0  0  0  0  0  10.00  10           290 000
22842712 Peltola Jukka 12  4  3  7  1  0  1  0  0  23  4  1  4  8  -8  0  0  0  0  2  0  0  2  6.25  75           350 000
30821864 Puhakka Petteri 6  0  0  0  0  0  0  0  0  2  0  0  1  1  -1  0  0  0  0  0  0  0  0  0.33  2           210 000
25113804 Rauhala Otto 13  2  4  6  0  1  0  0  0  16  4  104  85  11  -4  2  0  0  0  0  0  0  0  5.46  71           245 000
31574013 Simontaival Kasper 10  2  1  3  0  0  0  0  0  13  2  0  0  6  -2  2  0  0  1  0  0  0  0  4.10  41           230 000
60455240 Smejkal Jiri 10  1  3  4  0  0  1  0  0  15  1  7  1  9  -10  6  0  1  0  0  0  0  0  4.90  49           305 000
31854445 Tanus Kristian 10  3  4  7  0  0  1  0  1  18  1  2  0  10  -5  0  0  0  0  2  0  0  0  7.50  75           320 000
29942233 Vanhatalo Lassi 13  4  3  7  0  0  0  0  0  25  0  2  0  11  -8  24  0  1  1  0  0  0  0  6.08  79           255 000
28262723 Virta Patrik 10  3  3  6  0  0  0  0  0  32  1  94  98  7  -10  4  0  0  0  0  0  0  0  5.80  58           345 000
TPS
ID Maalivahti O M S P V H TP TO PM NP JM OR X XX XXX LPP/O LPP Arvo
29948198 Anttila Eetu 0  0  0  0  0  0  0  0  0  0  0  0  0  0  0  0  0               245 000
60455476 Kareev Andrey 12  0  0  0  8  1  3  242  21  2  0  0  0  2  3  9.33  112               350 000
23118759 Ramo Karri 0  0  0  0  0  0  0  0  0  0  0  0  0  0  0  0  0               335 000
32637771 Vuorio Emil 0  0  0  0  0  0  0  0  0  0  0  0  0  0  0  0  0               250 000
ID Puolustaja O M S P AVM AVS VM TM JA L B ALV ALH + - JM OR X XX XXX KL ELP NL LPP/O LPP Arvo
29934157 Anttalainen Aleksi 7  1  0  1  0  0  0  1  0  14  2  0  0  5  -2  52  0  0  0  0  0  0  0  2.43  17               245 000
60455460 Bibic Alen 9  0  1  1  0  0  0  0  0  12  2  0  0  5  -4  16  0  0  0  0  0  0  0  2.56  23               220 000
60455462 Bohm Oliver 11  0  0  0  0  0  0  0  0  17  8  0  0  7  -2  8  0  0  0  0  0  0  0  3.73  41               245 000
60455474 Ivarsson Johan 12  0  3  3  0  0  0  0  0  17  3  0  0  8  -2  6  0  0  0  0  1  0  1  5.25  63               250 000
29935596 Laitamaki Elias 1  0  0  0  0  0  0  0  0  2  0  0  0  0  0  0  0  0  0  0  0  0  0  1.00  1               200 000
24727725 Lajunen Ville 13  4  7  11  0  0  1  0  0  43  4  0  0  14  -7  8  0  0  0  1  2  0  0  11.54  150               420 000
60347522 Larsson Henrik 12  0  1  1  0  0  0  0  0  22  1  0  0  7  -5  0  0  0  0  0  0  0  0  2.58  31               230 000
40009767 Pulli Valtteri 1  0  0  0  0  0  0  0  0  2  0  0  0  0  -1  0  0  0  0  0  0  0  0  -1.00  -1               195 000
32219869 Rafkin Ruben 12  0  4  4  0  0  0  0  0  47  2  0  0  5  -5  14  0  0  1  0  0  0  1  6.42  77               275 000
30893766 Viro Eemil 11  2  1  3  0  0  0  0  0  24  4  0  0  9  -1  8  0  0  0  0  0  0  1  7.09  78               320 000
ID Hyokkaaja O M S P AVM AVS VM TM JA L B ALV ALH + - JM OR X XX XXX KL ELP NL LPP/O LPP Arvo
29870486 Haapanen Topias 13  1  4  5  0  0  0  0  0  16  1  0  0  5  -2  6  0  1  0  0  0  0  2  4.00  52           225 000
60455469 Ibragimov Timur 12  2  1  3  0  0  1  0  0  14  2  0  0  6  -2  0  0  0  0  1  0  0  1  3.75  45           240 000
31835642 Intonen Aarne 1  0  0  0  0  0  0  0  0  1  0  0  0  0  0  0  0  0  0  0  0  0  0  1.00  1           200 000
60455471 Iskhakov Ruslan 13  2  10  12  0  0  1  0  0  31  1  70  91  12  -6  0  0  1  3  0  0  0  0  7.23  94           305 000
27706219 Janatuinen Joel 13  6  2  8  0  0  0  0  0  19  3  1  1  5  -5  6  0  1  0  0  0  0  0  5.54  72           240 000
21785090 Jasu Juhani 13  2  3  5  0  0  0  0  0  22  2  167  125  7  -3  8  0  0  0  1  0  0  0  5.62  73           285 000
60455488 Kestner Josh 13  4  9  13  0  0  1  0  1  59  1  0  0  12  -6  0  0  1  0  1  1  0  0  9.46  123           415 000
23837263 Kuru Hannu 12  1  1  2  1  0  0  0  0  16  3  2  1  4  -4  12  0  0  0  0  0  0  0  2.25  27           215 000
40003574 Liukas Eetu 1  0  1  1  0  0  0  0  0  3  0  0  0  2  0  2  0  0  0  0  0  0  0  12.00  12           205 000
29991637 Nurmi Markus 9  4  5  9  0  0  1  0  0  24  1  6  4  10  -5  0  0  0  3  1  0  1  0  9.89  89           365 000
40005897 Pajuniemi Lauri 13  5  8  13  0  0  1  0  0  74  1  0  0  7  -2  16  0  1  2  0  5  0  0  10.31  134           400 000
32093700 Pyyhtia Mikael 10  2  1  3  0  0  1  0  0  16  2  0  0  6  -1  0  0  0  1  0  0  0  0  4.30  43           220 000
34601569 Parssinen Juuso 12  3  8  11  0  0  2  0  0  27  2  68  90  9  -2  8  0  2  0  2  0  1  0  8.08  97           350 000
30969140 Teissala Leevi 1  0  0  0  0  0  0  0  0  0  0  0  0  0  0  0  0  0  0  0  0  0  0  0.00  0           190 000
30039025 Vainionpaa Samuli 9  1  0  1  0  0  0  0  0  9  2  10  8  1  -2  4  0  0  0  0  0  0  0  2.22  20           220 000
32257481 Vaisanen Kalle 0  0  0  0  0  0  0  0  0  0  0  0  0  0  0  0  0  0  0  0  0  0  0  0  0           170 000
23677889 Wirtanen Petteri 13  2  1  3  1  0  0  0  0  18  7  109  96  6  -4  8  0  0  0  0  0  0  0  4.46  58           235 000
Assat
ID Maalivahti O M S P V H TP TO PM NP JM OR X XX XXX LPP/O LPP Arvo
21296411 Aittokallio Sami 3  0  0  0  1  1  0  55  4  1  0  0  0  0  1  9.33  28               310 000
32581335 Korhonen Rasmus 1  0  0  0  1  0  0  7  0  0  0  0  0  0  0  4.00  4               230 000
60476681 Soderstrom Linus 9  0  0  0  4  3  2  219  19  1  0  0  1  2  1  8.33  75               335 000
23468166 Tolvanen Atte 3  0  0  0  0  1  1  56  10  0  0  0  1  1  0  1.67  5               270 000
ID Puolustaja O M S P AVM AVS VM TM JA L B ALV ALH + - JM OR X XX XXX KL ELP NL LPP/O LPP Arvo
21849554 Jarvinen Joonas 14  0  2  2  0  0  0  0  0  24  5  0  0  12  -6  34  0  0  0  0  0  0  0  5.43  76               265 000
29936715 Kotkansalo Kasper 14  2  3  5  0  0  0  0  0  47  3  0  0  11  -11  4  0  0  0  0  1  3  0  6.21  87               250 000
30984675 Matinmikko Aleksi 5  0  0  0  0  0  0  0  0  5  0  0  0  2  -1  2  0  0  0  0  0  0  0  2.00  10               220 000
29641327 Matinpalo Nikolas 14  0  0  0  0  0  0  0  0  25  1  0  0  6  -5  10  0  0  0  0  0  0  0  2.57  36               225 000
60499452 Morrow Joe 7  3  2  5  0  0  1  0  0  34  2  0  0  2  -7  8  0  0  0  1  1  1  0  9.86  69               380 000
33424682 Maatta Rami 6  0  0  0  0  0  0  0  0  7  2  0  0  2  -4  4  0  0  0  0  0  0  0  1.33  8               205 000
60351426 Stenqvist Jakob 14  1  15  16  0  0  0  0  0  48  0  0  0  14  -6  4  0  0  2  0  0  1  0  12.00  168               400 000
25381270 Vainio Olli 0  0  0  0  0  0  0  0  0  0  0  0  0  0  0  0  0  0  0  0  0  0  0  0  0               300 000
24177621 Varttinen Aleksi 14  2  1  3  0  0  1  0  0  19  0  0  0  4  -3  14  0  0  0  0  1  0  0  3.21  45               220 000
28504481 Vuorisalo Teemu 11  0  4  4  0  0  0  0  0  25  4  0  0  6  -9  22  0  0  0  0  0  0  0  4.45  49               225 000
29065479 Walli Juuso 0  0  0  0  0  0  0  0  0  0  0  0  0  0  0  0  0  0  0  0  0  0  0  0  0               200 000
ID Hyokkaaja O M S P AVM AVS VM TM JA L B ALV ALH + - JM OR X XX XXX KL ELP NL LPP/O LPP Arvo
31252775 Aaltonen Samuli 7  2  2  4  0  0  1  0  0  9  0  0  0  6  -2  2  0  1  1  0  0  0  0  6.14  43           220 000
24271404 Appelgren Niklas 12  0  5  5  0  0  0  0  0  23  9  45  65  8  -2  4  0  0  0  0  0  0  0  4.33  52           225 000
32269686 Hirvonen Roni 10  1  4  5  0  0  0  0  0  18  0  85  69  7  -8  12  0  0  0  0  0  0  0  5.70  57           265 000
24464062 Ikonen Jasse 14  3  1  4  0  0  0  0  0  24  2  56  67  5  -8  4  0  0  0  0  0  1  0  3.21  45           230 000
27852901 Juhola Jouka 10  3  2  5  0  0  1  0  0  13  2  0  0  6  -1  2  0  1  0  0  0  0  0  5.40  54           235 000
30561454 Killinen Lenni 14  3  4  7  0  0  1  0  0  31  1  0  0  8  -3  6  0  0  2  0  1  0  0  5.86  82           280 000
22024624 Kivela Niko 2  0  0  0  0  0  0  0  0  7  0  7  11  0  0  2  0  0  0  0  0  0  0  2.00  4           215 000
31165561 Kivenmaki Otto 8  0  4  4  0  0  0  0  0  15  0  0  0  4  -5  2  0  1  0  0  0  0  0  4.00  32           275 000
31639314 Kulmala Lauri 0  0  0  0  0  0  0  0  0  0  0  0  0  0  0  0  0  0  0  0  0  0  0  0  0           190 000
24771797 Laakso Tommi 2  0  1  1  0  0  0  0  0  3  1  0  0  1  -1  2  0  0  0  0  0  0  0  5.00  10           220 000
31421441 Lausniemi Arttu 0  0  0  0  0  0  0  0  0  0  0  0  0  0  0  0  0  0  0  0  0  0  0  0  0           180 000
24808136 Lindsten Jasper 11  0  3  3  0  0  0  0  0  19  1  0  0  3  -6  10  0  0  0  0  0  0  0  3.18  35           230 000
60476677 Meyer Nicolai 13  6  9  15  0  0  0  0  1  40  1  2  0  9  -9  0  0  2  0  0  0  0  0  8.62  112           335 000
30419043 Makinen Atte 8  0  1  1  0  0  0  0  0  13  1  0  0  1  -2  4  0  0  0  0  0  0  0  2.25  18           225 000
27666320 Makinen Miro 9  2  0  2  0  0  0  0  0  10  7  7  7  3  -2  2  0  0  0  0  0  0  0  3.44  31           215 000
22686282 Niemi Mika 13  1  1  2  0  0  0  0  0  11  0  92  105  4  -11  4  0  0  0  0  0  0  0  1.08  14           275 000
28731241 Pihlajamaki Valtteri 0  0  0  0  0  0  0  0  0  0  0  0  0  0  0  0  0  0  0  0  0  0  0  0  0           200 000
60501726 Rattie Ty 5  1  2  3  0  0  0  0  0  13  0  0  1  4  -3  2  0  0  0  0  0  0  0  5.60  28           345 000
23441604 Tiivola Peter 12  1  8  9  0  0  0  0  0  22  1  120  107  9  -5  2  0  1  0  1  0  1  3  6.92  83           325 000
32105313 Viitala Leevi 3  0  1  1  0  0  0  0  0  6  0  0  0  1  -3  0  0  0  0  0  0  0  0  2.33  7           205 000
60476674 Wannstrom Sebastian 14  13  1  14  0  0  1  1  1  71  3  0  0  9  -10  2  0  1  1  2  0  0  0  10.71  150           380 000
