HIFK
ID Maalivahti O M S P V H TP TO PM NP JM OR X XX XXX LPP/O LPP Arvo
28890904 Halonen Niilo 3  0  1  1  2  0  1  59  6  0  0  0  0  0  0  8.67  26               300 000
33039983 Lampinen Jani 0  0  0  0  0  0  0  0  0  0  0  0  0  0  0  0  0               240 000
23486067 Tuohimaa Frans 10  0  1  1  5  1  4  194  19  2  2  0  0  0  1  9.00  90               360 000
ID Puolustaja O M S P AVM AVS VM TM JA L B ALV ALH + - JM OR X XX XXX KL ELP NL LPP/O LPP Arvo
24260583 Ahonen Rony 10  0  1  1  0  0  0  0  0  21  4  0  0  3  -5  4  0  0  0  0  1  0  0  2.70  27               225 000
33451105 Auvitu Yohann 0  0  0  0  0  0  0  0  0  0  0  0  0  0  0  0  0  0  0  0  0  0  0  0  0               345 000
60407804 Bernhardt David 11  1  1  2  0  0  0  0  0  19  1  0  0  4  -6  0  0  0  1  0  0  0  0  2.73  30               230 000
21926286 Karjalainen Miro 6  0  1  1  0  0  0  0  0  6  4  0  0  1  -2  14  0  1  0  0  0  0  0  2.00  12               220 000
22148966 Kousa Mikko 13  1  5  6  0  0  0  0  0  50  2  0  0  7  -4  2  0  0  1  0  0  1  1  6.92  90               375 000
34610178 Lentamaki Matias 0  0  0  0  0  0  0  0  0  0  0  0  0  0  0  0  0  0  0  0  0  0  0  0  0               185 000
22474067 Lyytinen Joonas 13  1  4  5  0  1  0  1  0  65  5  0  0  10  -6  18  0  1  0  0  3  0  0  7.85  102               400 000
100025878 Motin Johan 8  1  1  2  0  0  0  0  0  11  2  0  0  6  -2  16  0  0  0  0  0  0  0  4.88  39               255 000
28822079 Teravainen Eero 11  0  1  1  0  0  0  0  0  37  1  0  0  3  -4  6  0  0  0  0  0  0  0  3.27  36               240 000
25357521 Varakas Ville 12  1  1  2  0  0  0  0  0  22  2  0  0  6  -5  4  0  0  0  0  0  0  0  3.50  42               240 000
30482177 Winberg Tobias 11  0  3  3  0  0  0  0  0  17  0  0  0  10  0  0  0  0  0  0  0  0  0  5.36  59               235 000
ID Hyokkaaja O M S P AVM AVS VM TM JA L B ALV ALH + - JM OR X XX XXX KL ELP NL LPP/O LPP Arvo
28019536 And Terry 5  0  0  0  0  0  0  0  0  5  2  0  0  1  -2  2  0  0  0  0  0  0  0  1.60  8           200 000
28673529 Borgstrom Henrik 9  3  5  8  0  0  1  0  0  38  2  91  84  4  -4  2  0  0  0  1  0  1  0  8.33  75           385 000
60455677 Broadhurst Alexander 13  4  8  12  0  0  0  1  1  41  1  99  109  11  -6  4  0  2  1  1  0  1  4  9.08  118           370 000
60347997 Dyk Sebastian 13  6  2  8  0  0  1  1  1  73  2  0  0  10  -6  0  0  1  1  0  0  0  0  8.46  110           365 000
34231735 Hede Elis 10  1  0  1  0  0  0  0  0  10  2  0  0  2  -2  2  0  0  0  0  0  0  1  2.00  20           220 000
29735822 Heljanko Rasmus 12  1  1  2  0  0  1  0  0  20  2  0  0  3  -5  2  0  0  0  0  0  0  0  2.42  29           225 000
30345845 Jaaska Juha 12  5  2  7  1  0  0  0  0  24  3  33  44  5  -5  12  0  1  2  0  0  0  0  5.00  60           245 000
24555418 Keranen Juho 10  0  1  1  0  0  0  0  0  17  3  0  5  2  -3  2  0  0  0  0  0  0  0  1.70  17           230 000
22393300 Leskinen Ville 13  5  11  16  0  0  2  0  1  47  3  0  2  10  -3  4  0  0  0  3  2  1  0  11.23  146           415 000
31261902 Lundell Anton 0  0  0  0  0  0  0  0  0  0  0  0  0  0  0  0  0  0  0  0  0  0  0  0  0           450 000
31425081 Myllyla Wiljami 0  0  0  0  0  0  0  0  0  0  0  0  0  0  0  0  0  0  0  0  0  0  0  0  0           170 000
29615777 Nordgren Niklas 3  0  3  3  0  0  0  0  0  3  1  8  12  2  -2  4  0  0  0  0  0  0  0  6.67  20           230 000
25630280 Saarinen Jesse 9  3  3  6  0  0  0  1  0  32  0  0  1  5  -3  2  0  0  2  0  0  0  0  6.78  61           335 000
23165391 Sallinen Jere 13  4  6  10  0  0  2  0  0  48  5  40  76  10  -3  12  0  1  0  2  1  1  0  8.69  113           375 000
23394612 Tallberg Teemu 10  3  3  6  0  0  1  0  0  27  6  0  0  7  -5  4  0  0  0  1  0  1  0  7.10  71           295 000
30707373 Vaananen Miro 13  0  0  0  0  0  0  0  0  15  2  103  94  2  -3  8  0  0  0  0  0  0  0  1.85  24           225 000
23793763 Asten Micke-Max 11  0  0  0  0  0  0  0  0  12  6  2  2  1  -2  2  0  0  0  0  0  0  0  1.55  17           220 000
HPK
ID Maalivahti O M S P V H TP TO PM NP JM OR X XX XXX LPP/O LPP Arvo
30798997 Aalto Tuomas 0  0  0  0  0  0  0  0  0  0  0  0  0  0  0  0  0               235 000
22322342 Laurikainen Eetu 12  0  0  0  7  1  4  308  21  3  0  0  1  3  4  12.92  155               370 000
31006060 Lebedeff Daniel 1  0  0  0  0  0  1  24  2  0  0  0  0  0  0  6.00  6               295 000
ID Puolustaja O M S P AVM AVS VM TM JA L B ALV ALH + - JM OR X XX XXX KL ELP NL LPP/O LPP Arvo
23806498 Eronen Elmeri 13  5  8  13  0  0  1  0  0  52  10  0  0  12  -7  4  0  3  1  1  2  3  0  13.46  175               440 000
24459695 Ikonen Ossi 13  1  2  3  0  0  1  0  0  23  9  0  0  8  -6  2  0  0  0  0  0  0  1  4.77  62               240 000
40020340 Jeskanen Valtteri 9  0  0  0  0  0  0  0  0  1  0  0  0  0  -2  0  0  0  0  0  0  0  0  -0.33  -3               210 000
24555256 Kankaanpera Markus 13  1  0  1  0  0  0  1  0  11  3  0  0  7  -1  26  0  0  0  0  0  0  0  3.85  50               225 000
24786410 Laatikainen Arto 13  0  7  7  0  0  0  0  0  28  5  0  0  10  -5  0  0  1  0  1  0  0  0  6.62  86               325 000
30644067 Latvala Otto 13  0  4  4  0  0  0  0  0  32  7  0  0  6  -2  10  0  0  0  0  0  0  0  5.54  72               235 000
32003004 Lehtinen Atso 0  0  0  0  0  0  0  0  0  0  0  0  0  0  0  0  0  0  0  0  0  0  0  0  0               200 000
22452814 Lukka Santeri 12  0  4  4  0  0  0  0  0  33  4  0  0  8  -6  6  0  0  0  0  3  0  0  5.83  70               260 000
30492028 Rasanen Eemeli 4  0  0  0  0  0  0  0  0  6  0  0  0  0  -3  4  0  0  0  0  0  0  0  0.50  2               205 000
27574920 Tyni Paavo 0  0  0  0  0  0  0  0  0  0  0  0  0  0  0  0  0  0  0  0  0  0  0  0  0               195 000
ID Hyokkaaja O M S P AVM AVS VM TM JA L B ALV ALH + - JM OR X XX XXX KL ELP NL LPP/O LPP Arvo
31494258 Hakanen Santtu 13  3  0  3  0  0  0  0  0  7  1  1  0  5  -5  2  0  0  0  0  0  0  0  2.62  34           225 000
21742871 Ikonen Juuso 13  5  5  10  0  0  0  0  1  27  2  29  16  11  -6  0  0  0  0  1  0  1  1  7.69  100           335 000
29690417 Innala Jere 4  2  1  3  1  0  0  0  0  12  0  0  0  4  -1  4  0  1  0  0  0  1  0  10.25  41           400 000
30013562 Jokinen Jere 0  0  0  0  0  0  0  0  0  0  0  0  0  0  0  0  0  0  0  0  0  0  0  0  0           190 000
21870028 Kainulainen Harri 13  2  5  7  0  0  1  1  0  36  0  75  63  5  -5  10  0  0  0  0  0  0  0  5.77  75           250 000
27775017 Kanninen Henri 0  0  0  0  0  0  0  0  0  0  0  0  0  0  0  0  0  0  0  0  0  0  0  0  0           230 000
33388168 Kombe Kristjan 12  1  0  1  0  0  0  0  0  10  1  0  0  1  -3  2  0  0  0  0  0  0  0  1.25  15           210 000
24540847 Kontiola Petri 11  1  11  12  0  0  0  0  0  29  3  119  107  10  -6  14  0  1  3  2  1  1  2  9.82  108           385 000
24769356 Lahtela Mikko 13  1  3  4  0  1  0  0  0  10  1  45  31  4  -1  8  0  0  0  0  0  0  0  3.69  48           215 000
22504856 Mankinen Jesse 0  0  0  0  0  0  0  0  0  0  0  0  0  0  0  0  0  0  0  0  0  0  0  0  0           260 000
24876676 Monto Joona 13  1  2  3  0  0  0  0  0  12  7  32  40  5  0  2  0  0  0  0  0  0  0  2.62  34           230 000
32675788 Makiaho Daniel 1  0  0  0  0  0  0  0  0  1  0  0  0  0  0  2  0  0  0  0  0  0  0  3.00  3           200 000
22671530 Nenonen Markus 13  2  5  7  1  0  2  0  0  69  3  0  1  9  -6  0  0  0  2  0  2  0  0  7.54  98           305 000
29859533 Puustinen Valtteri 13  9  4  13  0  0  1  0  0  64  3  0  0  13  -6  0  0  1  2  0  2  0  1  10.77  140           390 000
30138036 Ronkainen Miska 13  1  1  2  0  0  0  0  0  13  1  0  0  2  -2  2  0  1  0  0  0  0  0  1.92  25           215 000
23097498 Ruokonen Miro 13  1  0  1  0  0  1  0  0  22  3  0  0  3  -6  22  0  1  0  0  0  0  3  3.08  40           230 000
30013384 Seppala Erkka 0  0  0  0  0  0  0  0  0  0  0  0  0  0  0  0  0  0  0  0  0  0  0  0  0           165 000
28506900 Tikka Tommi 10  2  1  3  0  0  0  0  0  24  7  127  76  2  -3  2  0  0  0  0  0  0  0  5.40  54           260 000
Ilves
ID Maalivahti O M S P V H TP TO PM NP JM OR X XX XXX LPP/O LPP Arvo
60460180 Bizon Ondrej 0  0  0  0  0  0  0  0  0  0  0  0  0  0  0  0  0               240 000
24546168 Kolppanen Ville 4  0  0  0  2  0  2  83  13  0  0  0  0  0  1  5.25  21               300 000
30117507 Makiniemi Eetu 9  0  0  0  3  4  2  232  18  0  0  0  0  2  2  7.33  66               330 000
ID Puolustaja O M S P AVM AVS VM TM JA L B ALV ALH + - JM OR X XX XXX KL ELP NL LPP/O LPP Arvo
40005288 Aho Karri 0  0  0  0  0  0  0  0  0  0  0  0  0  0  0  0  0  0  0  0  0  0  0  0  0               185 000
40005621 Airola Santeri 8  0  1  1  0  0  0  0  0  14  0  0  0  2  -1  2  0  0  0  0  0  0  0  2.63  21               220 000
21403877 Elorinne Aleksi 13  1  1  2  0  0  0  1  0  22  6  0  0  6  -11  2  0  0  0  0  1  0  0  2.69  35               260 000
31228178 Hatakka Santeri 13  0  2  2  0  0  0  0  0  24  3  0  0  6  -12  2  0  0  0  0  0  0  1  2.15  28               225 000
22487436 Maalahti Kalle 13  1  4  5  0  0  0  0  0  34  2  0  0  7  -2  4  0  0  0  0  2  0  0  6.15  80               295 000
28905831 Parikka Jarkko 6  1  1  2  0  0  0  0  0  14  1  0  0  5  -2  2  0  0  0  0  0  0  0  6.33  38               335 000
22843711 Peltola Niko 4  1  0  1  0  0  0  1  0  5  2  0  0  3  -1  0  0  0  0  0  0  0  0  5.50  22               320 000
29782985 Peltomaki Niklas 9  0  2  2  0  0  0  0  0  6  3  0  0  3  -3  0  0  0  0  0  0  0  0  2.56  23               215 000
25572911 Salmela Anssi 13  1  3  4  0  0  0  0  0  54  5  0  0  8  -5  20  0  0  0  0  3  2  0  7.08  92               345 000
23168071 Salmela Tuomas 13  1  2  3  0  0  0  0  0  31  8  0  1  8  -5  4  0  0  1  0  0  0  0  4.92  64               235 000
ID Hyokkaaja O M S P AVM AVS VM TM JA L B ALV ALH + - JM OR X XX XXX KL ELP NL LPP/O LPP Arvo
29446865 Antonen Joose 7  0  0  0  0  0  0  0  0  12  0  2  5  1  -3  0  0  0  0  0  0  0  0  0.71  5           225 000
29554508 Ikonen Joni 9  0  0  0  0  0  0  0  0  12  1  57  66  2  -5  4  0  0  0  0  0  0  0  1.00  9           225 000
29028513 Ikonen Joona 10  2  1  3  0  0  0  0  0  17  4  0  2  5  -2  2  0  0  1  0  0  0  2  4.50  45           250 000
32464892 Jarventie Roby 13  4  2  6  0  0  1  0  0  37  2  0  0  5  -7  6  0  0  1  0  1  0  1  5.62  73           290 000
34339491 Korhonen Joona 1  0  0  0  0  0  0  0  0  0  0  0  0  0  0  0  0  0  0  0  0  0  0  0.00  0           200 000
28730556 Lepaus Teemu 10  5  2  7  0  0  2  0  0  27  1  57  86  5  -6  8  0  0  1  1  0  1  0  6.80  68           325 000
30735248 Maccelli Matias 11  4  4  8  0  0  0  0  1  40  1  2  2  8  -7  4  0  0  0  2  0  0  0  7.73  85           370 000
26590031 Meskanen Ville 13  2  4  6  0  0  1  0  0  48  3  1  2  8  -7  4  0  0  0  0  1  0  0  5.69  74           335 000
24880895 Mieho Panu 5  1  0  1  0  0  0  0  0  8  2  60  45  1  -1  2  0  0  0  0  0  0  0  4.60  23           285 000
24849205 Myttynen Matias 11  0  5  5  0  0  0  0  0  18  0  85  71  4  -7  20  0  0  0  0  0  0  0  3.91  43           300 000
31905381 Nalli Miro 11  1  1  2  0  0  0  0  0  22  4  0  0  3  -4  0  0  0  0  0  0  0  0  2.64  29           230 000
31803661 Pakkila Eetu 13  1  2  3  0  0  1  0  0  35  3  0  0  3  -6  2  0  0  0  1  1  0  0  3.46  45           240 000
60508578 Rockwood Adam 3  0  0  0  0  0  0  0  0  2  0  9  21  0  0  0  0  0  0  0  0  0  0  -1.00  -3           270 000
30687613 Saarela Antti 13  3  1  4  0  0  0  0  0  19  6  85  91  6  -5  29  0  1  0  0  0  0  1  3.31  43           230 000
23351053 Suomi Eemeli 12  3  10  13  1  0  0  1  0  41  4  1  4  10  -6  18  0  0  3  0  0  3  0  9.75  117           395 000
30356928 Virtanen Santeri 1  1  0  1  0  0  0  0  1  1  0  1  3  1  0  0  0  1  0  0  0  0  0  12.00  12           235 000
29837610 Vayrynen Teemu 11  0  3  3  0  1  0  0  0  16  2  8  20  5  -5  0  0  0  0  0  0  0  1  2.55  28           220 000
Jukurit
ID Maalivahti O M S P V H TP TO PM NP JM OR X XX XXX LPP/O LPP Arvo
21851801 Jarvinen Mika 4  0  0  0  0  3  1  90  12  0  2  0  0  0  0  2.00  8               285 000
22993098 Rajaniemi Sami 8  0  1  1  1  5  1  164  24  0  0  0  0  0  1  3.25  26               305 000
31267715 Randelin Eetu 0  0  0  0  0  0  0  0  0  0  0  0  0  0  0  0  0               255 000
40084827 Silvennoinen Lukas 0  0  0  0  0  0  0  0  0  0  0  0  0  0  0  0  0               230 000
ID Puolustaja O M S P AVM AVS VM TM JA L B ALV ALH + - JM OR X XX XXX KL ELP NL LPP/O LPP Arvo
24319557 Forsblom Saku 5  0  0  0  0  0  0  0  0  9  6  0  0  2  -3  4  0  0  0  0  0  0  0  2.80  14               205 000
60346724 Galvas Jakub 8  0  0  0  0  0  0  0  0  22  1  0  0  4  -9  0  0  0  0  0  0  1  1  1.50  12               225 000
30375718 Gronblom Tom 6  0  0  0  0  0  0  0  0  9  1  0  0  1  -3  0  0  0  0  0  0  0  0  0.83  5               190 000
30548804 Haarti Jaakko 0  0  0  0  0  0  0  0  0  0  0  0  0  0  0  0  0  0  0  0  0  0  0  0  0               210 000
21700651 Hyvarinen Ville 6  0  0  0  0  0  0  0  0  2  3  0  0  1  -4  2  0  0  0  0  0  0  0  0.33  2               205 000
60346723 Iakovenko Aleksandr 11  2  1  3  0  0  0  1  0  59  0  0  0  5  -10  10  0  0  1  0  0  0  0  5.91  65               295 000
28547299 Kemppainen Samuel 0  0  0  0  0  0  0  0  0  0  0  0  0  0  0  0  0  0  0  0  0  0  0  0  0               180 000
31128854 Kokkonen Mikko 11  0  1  1  0  0  0  0  0  36  3  0  0  7  -7  2  0  0  0  0  0  7  0  4.73  52               245 000
24229184 Makinen Atte 9  0  0  0  0  0  0  0  0  10  0  0  0  1  -3  4  0  0  0  0  0  0  0  0.78  7               210 000
30439447 Rindell Axel 5  0  0  0  0  0  0  0  0  22  1  0  0  2  -10  0  0  0  0  0  1  1  0  0.60  3               320 000
30870187 Salmela Santeri 9  0  0  0  0  0  0  0  0  7  2  1  0  1  -3  4  0  1  0  0  0  0  0  1.11  10               215 000
ID Hyokkaaja O M S P AVM AVS VM TM JA L B ALV ALH + - JM OR X XX XXX KL ELP NL LPP/O LPP Arvo
60466256 Afanasyev Kristian 7  0  1  1  0  0  0  0  0  12  1  0  0  1  -2  2  0  0  0  0  0  0  0  2.14  15           250 000
21600081 Henritius Teemu 11  0  3  3  0  0  0  0  0  8  2  55  60  3  -7  2  0  0  0  0  0  0  1  2.00  22           225 000
30851669 Huttunen Heikki 10  0  2  2  0  0  0  0  0  10  0  0  0  3  -7  4  0  0  0  0  0  0  0  1.80  18           215 000
30747854 Kiesila Perttu 1  0  1  1  0  0  0  0  0  0  0  4  3  1  0  0  0  0  0  0  0  0  0  7.00  7           210 000
24174051 Leskinen Ville 4  1  0  1  0  0  0  0  0  6  1  0  0  1  -2  4  0  1  0  0  0  0  0  3.75  15           245 000
31317982 Linjala Miiro 2  0  0  0  0  0  0  0  0  1  0  12  8  0  -1  0  0  0  0  0  0  0  0  1.00  2           185 000
22483058 Lofman Anssi 11  0  4  4  0  0  0  0  0  16  0  87  100  6  -9  0  0  0  0  0  0  1  0  2.27  25           230 000
30667484 Matikainen Kalle 0  0  0  0  0  0  0  0  0  0  0  0  0  0  0  0  0  0  0  0  0  0  0  0  0           190 000
24064653 Makinen Otto 3  0  0  0  0  0  0  0  0  4  0  9  25  0  -1  0  0  0  0  0  0  0  0  -1.00  -3           210 000
60498996 Netterberg Pontus 10  1  1  2  0  0  1  0  0  19  1  1  0  2  -2  16  0  0  0  0  0  0  0  2.80  28           235 000
30712591 Nikkanen Henri 11  2  2  4  0  0  0  0  0  29  0  84  76  8  -13  4  0  1  0  0  0  0  0  4.18  46           245 000
40172011 Oden Markus 4  1  0  1  0  0  0  0  0  7  0  0  0  1  -4  0  0  0  0  0  0  0  0  2.00  8           205 000
22895620 Piitulainen Jesper 11  0  5  5  0  0  0  0  0  26  4  0  0  4  -8  0  0  0  0  1  0  0  0  4.00  44           270 000
22936754 Pulkkinen Teemu 11  1  2  3  0  0  0  1  0  29  2  0  2  5  -5  2  0  1  0  0  0  0  0  3.82  42           235 000
60466216 Rohdin Joachim 11  3  0  3  0  0  0  0  0  41  1  0  2  4  -12  6  0  0  0  0  0  0  1  4.00  44           280 000
23155013 Saha Mikael 3  0  0  0  0  0  0  0  0  1  0  0  0  0  -1  2  0  0  0  0  0  0  0  0.67  2           205 000
60466255 Stransky Simon 4  2  1  3  0  0  0  0  0  13  0  5  2  3  -3  4  0  0  1  0  0  0  0  8.25  33           230 000
23702275 Vahatalo Julius 11  0  0  0  0  0  0  0  0  15  0  23  42  1  -7  0  0  0  0  0  0  0  1  0.18  2           215 000
60498994 Yip Brandon 7  1  2  3  0  0  0  0  0  28  0  11  7  5  -7  16  0  0  0  0  0  0  0  5.29  37           285 000
JYP
ID Maalivahti O M S P V H TP TO PM NP JM OR X XX XXX LPP/O LPP Arvo
27692297 Parkkinen Niko 7  0  0  0  2  3  2  188  25  0  0  0  0  0  0  4.00  28               285 000
29857823 Ruusu Markus 7  0  0  0  1  5  1  163  21  1  0  0  0  0  1  4.71  33               310 000
ID Puolustaja O M S P AVM AVS VM TM JA L B ALV ALH + - JM OR X XX XXX KL ELP NL LPP/O LPP Arvo
24182470 AllXn Roni 1  0  0  0  0  0  0  0  0  0  0  0  0  0  0  0  0  0  0  0  0  0  0  0.00  0               225 000
28705727 Honka Anttoni 14  0  11  11  0  0  0  0  0  53  0  0  0  7  -16  4  0  0  0  0  2  1  0  6.79  95               325 000
33150613 Jurmo Joni 0  0  0  0  0  0  0  0  0  0  0  0  0  0  0  0  0  0  0  0  0  0  0  0  0               190 000
31250968 Kakkonen Valtteri 13  0  2  2  0  0  0  0  0  34  3  0  0  8  -10  6  0  0  0  0  0  0  0  3.46  45               235 000
21892307 Kalteva Mikko 12  0  1  1  0  0  0  0  0  18  10  0  0  6  -8  4  0  0  0  0  0  0  0  2.67  32               240 000
33388362 Koskela Valtteri 7  0  2  2  0  0  0  0  0  8  1  0  0  3  -1  0  0  0  0  0  0  0  1  4.00  28               215 000
31332145 Kuusela Kimi 2  0  0  0  0  0  0  0  0  0  0  0  0  0  -4  0  0  0  0  0  0  0  0  -4.00  -8               200 000
60487471 Lambos Carson 0  0  0  0  0  0  0  0  0  0  0  0  0  0  0  0  0  0  0  0  0  0  0  0  0               185 000
32976568 Malinen Aleksi 11  1  0  1  0  0  0  0  0  16  0  0  0  3  -5  2  0  1  0  0  0  0  0  1.91  21               215 000
29915053 Niku Tomi 0  0  0  0  0  0  0  0  0  0  0  0  0  0  0  0  0  0  0  0  0  0  0  0  0               180 000
31555841 Ottavainen Ville 10  0  1  1  0  0  0  0  0  27  0  0  1  6  -11  4  0  0  0  0  0  0  1  2.30  23               220 000
24190598 Salonen Aleksi 13  0  1  1  0  0  0  0  0  32  6  0  0  6  -10  8  0  0  0  0  1  2  0  3.23  42               235 000
29022140 Seppala Niko 13  0  1  1  0  0  0  0  0  25  3  0  0  7  -10  49  0  0  0  0  0  0  0  2.00  26               220 000
ID Hyokkaaja O M S P AVM AVS VM TM JA L B ALV ALH + - JM OR X XX XXX KL ELP NL LPP/O LPP Arvo
34428467 Helenius Samuel 14  0  0  0  0  0  0  0  0  24  8  71  112  1  -8  10  0  1  0  0  0  0  0  1.07  15           215 000
24466950 Immonen Jarkko 14  3  5  8  1  0  0  0  0  41  0  146  101  7  -13  6  0  0  0  1  1  0  0  6.50  91           320 000
30575699 Kalajanniska Oskari 0  0  0  0  0  0  0  0  0  0  0  0  0  0  0  0  0  0  0  0  0  0  0  0  0           185 000
24641005 Kalapudas Antti 14  2  8  10  0  0  0  0  0  26  0  142  153  11  -8  4  0  0  0  0  0  2  0  5.57  78           265 000
33388333 Koskela Santeri 12  2  1  3  0  0  0  0  0  10  1  18  51  5  -4  2  0  0  0  0  0  0  0  1.75  21           210 000
22181127 Kumpulainen Janne 0  0  0  0  0  0  0  0  0  0  0  0  0  0  0  0  0  0  0  0  0  0  0  0  0           200 000
27772764 Lahtinen Severi 7  2  1  3  0  0  1  0  0  11  0  0  0  4  -3  0  0  0  0  0  0  0  2  5.14  36           235 000
34367447 Lambert Brad 8  0  1  1  0  0  0  0  0  15  1  1  7  1  -9  0  0  0  0  0  0  0  1  1.00  8           230 000
24188254 Larinmaa Joonas 0  0  0  0  0  0  0  0  0  0  0  0  0  0  0  0  0  0  0  0  0  0  0  0  0           200 000
24811398 Louhivaara Ossi 10  2  0  2  0  0  0  0  0  14  8  0  1  3  -4  2  0  1  0  0  0  0  0  2.90  29           225 000
40102012 Puistola Patrik 13  1  1  2  0  0  0  0  0  21  1  0  0  2  -9  4  0  0  0  0  0  0  0  1.85  24           230 000
33373610 Rooba Robert 14  11  3  14  0  0  2  2  1  64  4  0  0  10  -10  24  0  2  3  2  0  1  0  11.43  160           385 000
23181087 Salmio Mikko 14  1  3  4  0  0  0  0  0  22  7  0  0  5  -8  2  0  0  0  1  1  0  0  3.36  47           235 000
23251373 Siekkinen Jani 0  0  0  0  0  0  0  0  0  0  0  0  0  0  0  0  0  0  0  0  0  0  0  0  0           195 000
29937251 Siikanen Patrik 9  2  0  2  0  0  0  0  0  15  2  3  4  3  -6  0  0  0  0  0  0  0  0  2.56  23           215 000
23505155 Tuppurainen Jani 14  2  7  9  0  0  0  0  0  59  4  0  1  6  -14  4  0  0  0  0  1  0  3  6.07  85           325 000
27647886 Turkulainen Jerry 14  4  9  13  0  0  0  0  0  36  4  0  0  10  -10  18  0  3  2  1  1  1  0  8.00  112           340 000
31927592 Valkeejarvi Samuel 13  2  1  3  0  0  1  0  0  25  3  1  0  3  -11  2  0  0  1  0  0  0  1  2.92  38           220 000
KalPa
ID Maalivahti O M S P V H TP TO PM NP JM OR X XX XXX LPP/O LPP Arvo
34264401 Jatkola Juha 0  0  0  0  0  0  0  0  0  0  0  0  0  0  0  0  0               230 000
24555926 Kilpelainen Eero 2  0  0  0  1  0  1  58  2  1  0  0  0  0  1  18.50  37               345 000
22861900 Perhonen Samu 2  0  0  0  0  0  1  30  8  0  0  0  0  0  0  -1.50  -3               290 000
32309559 Tikkanen Henrik 4  0  0  0  1  1  2  78  5  0  0  0  1  1  0  6.00  24               265 000
60456747 Tomek Matej 9  0  0  0  4  3  2  182  15  1  2  0  2  3  0  7.56  68               330 000
ID Puolustaja O M S P AVM AVS VM TM JA L B ALV ALH + - JM OR X XX XXX KL ELP NL LPP/O LPP Arvo
40431875 Gallet Hugo 13  0  3  3  0  0  0  0  0  31  2  0  0  7  -3  2  0  0  0  0  0  0  0  4.31  56               235 000
60408300 Graham Jesse 13  0  6  6  0  0  0  0  0  33  1  0  0  6  -4  4  0  0  1  0  0  1  0  5.77  75               335 000
60499751 Hjorth Eric 0  0  0  0  0  0  0  0  0  0  0  0  0  0  0  0  0  0  0  0  0  0  0  0  0               200 000
21685718 Huttunen Otto 0  0  0  0  0  0  0  0  0  0  0  0  0  0  0  0  0  0  0  0  0  0  0  0  0               210 000
28942315 Laavainen Roope 9  0  0  0  0  0  0  0  0  20  1  0  0  4  -5  2  0  0  0  0  0  0  0  1.89  17               220 000
24725109 Lappalainen Lasse 14  4  1  5  0  0  0  0  0  52  2  0  0  7  -6  8  0  0  0  1  5  0  0  7.29  102               350 000
28696276 Mattila Jesper 14  0  3  3  0  0  0  0  0  29  2  0  0  6  -7  8  0  0  0  0  0  0  0  3.64  51               240 000
31046431 Nousiainen Kim 14  4  7  11  0  0  1  0  0  58  7  0  0  10  -5  0  0  1  0  1  0  2  0  10.50  147               390 000
30951530 Riekkinen Joona 6  0  0  0  0  0  0  0  0  10  0  0  0  2  -1  0  0  0  0  0  0  0  0  1.67  10               225 000
23242492 Seppala Mikael 13  0  1  1  0  0  0  0  0  32  4  0  0  3  -8  14  0  0  0  0  0  0  1  2.85  37               240 000
ID Hyokkaaja O M S P AVM AVS VM TM JA L B ALV ALH + - JM OR X XX XXX KL ELP NL LPP/O LPP Arvo
60503717 Bracco Jeremy 14  1  8  9  0  0  1  0  1  35  0  0  0  10  -8  0  0  1  0  1  0  0  0  5.71  80           295 000
21673131 Humaloja Miska 11  1  3  4  0  0  0  0  0  14  3  48  70  5  -3  6  0  1  0  0  0  0  0  3.36  37           230 000
32306811 Immonen Severi 10  2  0  2  0  0  0  0  0  12  1  32  32  3  -3  0  0  0  0  0  0  0  1  2.70  27           220 000
21804861 Jokinen Tommi 7  0  0  0  0  0  0  0  0  2  2  0  0  3  -1  0  0  0  0  0  0  0  0  1.29  9           220 000
28576383 Kantola Kai 13  1  7  8  0  0  1  0  0  45  5  24  29  7  -8  18  0  0  1  0  0  0  1  6.00  78           330 000
27471447 Klemetti Aleksi 6  1  0  1  0  0  1  0  0  18  0  0  0  1  -3  4  0  0  0  1  0  0  0  4.33  26           325 000
28570745 Knuutinen Henri 4  0  0  0  0  0  0  0  0  6  1  6  13  0  -2  12  0  0  0  0  0  0  0  -1.00  -4           225 000
31110600 Korhonen Benjamin 11  0  0  0  0  0  0  0  0  13  1  0  0  0  -2  0  0  0  0  0  0  0  0  0.64  7           210 000
24226640 Kononen Juuso 14  2  2  4  0  0  0  0  0  30  4  0  1  7  -4  2  0  0  0  0  0  0  0  3.86  54           250 000
31578145 Maenpaa Juuso 0  0  0  0  0  0  0  0  0  0  0  0  0  0  0  0  0  0  0  0  0  0  0  0  0           185 000
25057054 Pitkanen Miikka 13  1  1  2  0  0  0  1  0  31  1  1  3  6  -4  2  0  0  0  0  0  0  0  3.23  42           290 000
25663901 Ruuttu Alexander 13  3  2  5  0  0  0  0  0  54  1  23  41  7  -6  4  0  0  0  0  1  0  0  5.00  65           275 000
29969041 Rasanen Aapeli 14  5  1  6  0  0  1  0  1  37  3  130  122  7  -5  8  0  0  1  2  0  0  0  6.64  93           260 000
34250949 Sebok Balazs 13  3  5  8  0  0  1  0  0  45  1  98  126  8  -9  4  0  0  0  1  1  3  2  6.31  82           335 000
30729937 Suhonen Pekka 0  0  0  0  0  0  0  0  0  0  0  0  0  0  0  0  0  0  0  0  0  0  0  0  0           165 000
40024585 Tavernier Sami 13  0  0  0  0  0  0  0  0  25  5  0  0  1  -2  2  0  0  0  0  0  0  0  1.69  22           215 000
25345944 Vartiainen Tuomas 12  1  4  5  0  0  0  0  0  24  3  0  0  5  -3  8  0  0  0  0  0  0  0  4.42  53           240 000
KooKoo
ID Maalivahti O M S P V H TP TO PM NP JM OR X XX XXX LPP/O LPP Arvo
60457112 Brattstrom Victor 7  0  0  0  2  4  1  144  16  0  0  0  1  1  0  3.57  25               310 000
31877419 Raiha Riku 0  0  0  0  0  0  0  0  0  0  0  0  0  0  0  0  0               230 000
31635062 Salminen Oskari 0  0  0  0  0  0  0  0  0  0  0  0  0  0  0  0  0               285 000
23684063 Voutilainen Joona 6  0  2  2  1  2  2  104  13  0  0  0  1  0  0  5.67  34               315 000
ID Puolustaja O M S P AVM AVS VM TM JA L B ALV ALH + - JM OR X XX XXX KL ELP NL LPP/O LPP Arvo
24270214 Autio Erik 1  0  0  0  0  0  0  0  0  0  0  0  0  0  0  0  0  0  0  0  0  0  0  0.00  0               215 000
29587960 Berger Martin 7  0  0  0  0  0  0  0  0  22  3  0  0  1  -4  2  0  0  0  0  2  0  0  2.43  17               235 000
40339220 Bonsaksen Alexander 9  0  3  3  0  0  0  0  0  16  3  0  0  9  -6  6  0  0  0  0  0  0  0  5.78  52               260 000
24530970 Kinnunen Saku 5  0  0  0  0  0  0  0  0  5  2  0  0  1  0  4  0  0  0  0  0  0  0  2.20  11               215 000
32419009 Liikonen Vaino 3  0  0  0  0  0  0  0  0  3  0  0  0  1  -1  0  0  0  0  0  0  0  0  1.00  3               200 000
22510552 Manninen Oskari 12  0  2  2  0  0  0  0  0  25  3  0  0  6  -6  8  0  0  0  0  0  1  0  3.83  46               250 000
30932931 Palojarvi Antti 0  0  0  0  0  0  0  0  0  0  0  0  0  0  0  0  0  0  0  0  0  0  0  0  0               175 000
25042564 Pelli Arttu 10  1  2  3  0  0  0  0  0  34  2  0  0  8  -4  4  0  0  0  0  0  0  0  6.20  62               330 000
28273262 Rautanen Juho 12  0  1  1  0  0  0  0  0  23  4  0  0  5  -6  6  0  0  0  0  0  0  0  2.75  33               230 000
32033595 Seppala Peetro 10  0  1  1  0  0  0  0  0  17  1  0  0  0  -4  16  0  0  0  0  0  3  0  1.70  17               235 000
23517198 Tuulola Joni 12  2  1  3  1  0  1  0  0  26  2  0  0  5  -8  12  0  0  1  0  1  1  0  4.17  50               250 000
ID Hyokkaaja O M S P AVM AVS VM TM JA L B ALV ALH + - JM OR X XX XXX KL ELP NL LPP/O LPP Arvo
40291921 Aaltonen Leevi 2  0  0  0  0  0  0  0  0  4  0  0  0  0  0  0  0  0  0  0  0  0  0  1.50  3           220 000
21292664 Ainali Aleksi 11  1  2  3  0  0  0  0  0  23  3  61  59  3  -8  10  0  0  0  0  0  0  0  3.73  41           250 000
60497670 Aleksandrov Nikita 10  2  2  4  0  0  0  0  0  19  5  5  16  2  -7  6  0  0  0  0  0  0  0  3.40  34           235 000
29783858 Bjorkqvist Kasper 7  0  2  2  0  0  0  0  0  21  0  0  2  2  -5  4  0  0  0  0  0  0  0  3.14  22           275 000
29695519 Engberg Teemu 12  1  2  3  0  0  0  0  0  19  4  0  2  5  -4  26  0  0  0  0  0  0  0  2.58  31           240 000
21440937 Friberg Jere 6  0  0  0  0  0  0  0  0  7  0  18  20  1  -1  2  0  0  0  0  0  0  0  1.67  10           205 000
60342516 Gallo Vilmos 12  3  3  6  0  0  0  0  0  37  8  1  1  3  -4  6  0  1  0  1  0  0  0  5.75  69           325 000
100033523 Karlsson Erik 12  2  0  2  0  0  1  0  0  23  1  73  94  4  -2  2  0  0  0  1  0  0  1  2.92  35           230 000
22051338 Koivisto Kimi 0  0  0  0  0  0  0  0  0  0  0  0  0  0  0  0  0  0  0  0  0  0  0  0  0           210 000
60342514 Mingoia Trevor 0  0  0  0  0  0  0  0  0  0  0  0  0  0  0  0  0  0  0  0  0  0  0  0  0           380 000
40172010 Oden Joonas 8  0  0  0  0  0  0  0  0  5  2  0  0  0  -3  2  0  0  0  0  0  0  1  0.88  7           245 000
24962616 Ojantakanen Kasperi 12  3  2  5  0  0  0  1  0  18  4  80  52  6  -4  2  0  0  1  0  0  0  4  5.92  71           250 000
23770029 Oksanen Ahti 11  6  4  10  0  1  1  0  0  64  3  2  12  9  -8  2  0  0  1  1  0  1  0  9.91  109           405 000
60348367 Platzer Kyle 11  0  3  3  0  0  0  0  0  36  0  107  101  3  -6  2  0  0  0  0  1  0  1  3.82  42           310 000
28967947 Ratinen Samuli 12  2  5  7  0  0  0  0  0  51  0  0  1  4  -2  10  0  3  0  0  0  0  1  6.67  80           260 000
24153195 Suuronen Toni 11  2  1  3  2  1  0  0  0  25  3  1  3  4  -5  2  0  1  0  0  0  0  0  4.36  48           225 000
60498452 Thomas Christian 12  3  5  8  0  0  0  0  0  51  3  0  1  6  -6  0  0  1  2  0  1  0  1  6.92  83           370 000
Karpat
ID Maalivahti O M S P V H TP TO PM NP JM OR X XX XXX LPP/O LPP Arvo
32498965 Annunen Justus 5  0  0  0  1  1  3  110  11  1  0  0  0  0  1  7.80  39               335 000
31589972 Blomqvist Joel 0  0  0  0  0  0  0  0  0  0  0  0  0  0  0  0  0               260 000
60343378 Rybar Patrik 8  0  0  0  4  3  1  196  15  1  0  0  1  1  2  9.25  74               345 000
ID Puolustaja O M S P AVM AVS VM TM JA L B ALV ALH + - JM OR X XX XXX KL ELP NL LPP/O LPP Arvo
60342557 Bystrom Ludwig 13  1  3  4  0  0  0  0  0  57  5  0  0  9  -7  16  0  1  0  0  1  4  1  6.85  89               350 000
40428666 Heshka Shaun 12  0  5  5  0  0  0  0  0  41  5  0  0  7  -6  14  0  0  1  0  0  1  0  5.67  68               345 000
24353539 Huttula Joona 13  0  1  1  0  0  0  0  0  21  1  0  0  7  -6  2  0  0  0  0  0  0  0  2.38  31               230 000
30730803 Loponen Kalle 0  0  0  0  0  0  0  0  0  0  0  0  0  0  0  0  0  0  0  0  0  0  0  0  0               170 000
22679723 Niemela Mikko 13  3  4  7  0  0  0  0  0  23  7  0  0  9  -8  10  0  2  1  0  0  2  0  7.62  99               315 000
31555838 Niemela Topi 1  0  0  0  0  0  0  0  0  2  0  0  0  0  0  0  0  0  0  0  0  0  0  1.00  1               225 000
29528916 Niskala Jaakko 5  0  0  0  0  0  0  0  0  7  0  0  0  0  -1  0  0  0  0  0  0  0  0  0.60  3               200 000
31519609 Puutio Kasper 6  1  0  1  0  0  1  0  0  11  1  0  0  1  -1  0  0  0  0  0  0  0  0  3.33  20               215 000
29679441 Ronkainen Taneli 11  0  1  1  0  0  0  0  0  13  4  0  0  4  -2  2  0  0  0  0  0  0  0  2.45  27               225 000
60411600 Sulak Libor 12  2  2  4  0  0  1  0  0  52  4  0  1  7  -3  31  0  0  0  0  3  0  2  7.08  85               385 000
23424825 Teppo Miihkali 5  0  0  0  0  0  0  0  0  1  0  0  0  1  -1  0  0  0  0  0  0  0  0  0.40  2               215 000
ID Hyokkaaja O M S P AVM AVS VM TM JA L B ALV ALH + - JM OR X XX XXX KL ELP NL LPP/O LPP Arvo
24242404 Aaltonen Juhamatti 11  0  5  5  0  0  1  0  0  27  2  0  0  2  -3  12  0  1  0  0  0  0  0  3.64  40           365 000
30616480 Heikkala Ville 0  0  0  0  0  0  0  0  0  0  0  0  0  0  0  0  0  0  0  0  0  0  0  0  0           190 000
24406130 Hermonen Julius 9  0  1  1  0  0  0  0  0  17  0  0  0  2  -3  4  0  0  0  0  0  0  0  2.22  20           220 000
24474272 Jokinen Jussi 10  2  5  7  0  0  2  0  0  27  2  7  6  7  -3  2  0  1  0  1  0  0  0  7.00  70           330 000
31329598 Jarvitalo Tommi 0  0  0  0  0  0  0  0  0  0  0  0  0  0  0  0  0  0  0  0  0  0  0  0  0           170 000
21940848 Karvinen Otto 12  1  0  1  0  0  1  0  0  25  4  1  4  4  -3  4  0  0  0  0  0  0  0  3.08  37           230 000
40245614 Koblizek Radek 6  1  4  5  0  0  0  0  0  14  2  0  0  4  -5  0  0  1  0  0  0  0  0  6.00  36           320 000
28727446 Koskenkorva Jesse 8  0  0  0  0  0  0  0  0  6  3  36  37  1  -3  4  0  0  0  0  0  0  0  1.13  9           215 000
40106629 Kristof Michal 13  2  2  4  0  0  0  0  0  15  0  87  103  3  -7  2  0  0  0  0  0  0  0  1.92  25           275 000
100027950 Kunyk Cody 12  5  5  10  0  0  1  0  0  54  2  119  120  10  -4  8  0  1  0  0  0  0  1  9.25  111           395 000
28489001 Metsavainio Tino 10  0  1  1  0  0  0  0  0  5  1  37  34  3  -1  0  0  1  0  0  0  0  0  1.80  18           220 000
22598901 Mustonen Aleksi 10  3  0  3  0  0  0  0  1  23  2  6  7  4  -5  4  0  0  0  1  0  0  0  4.60  46           245 000
25013577 Pyorala Mika 12  2  4  6  0  0  0  0  0  28  1  5  7  10  -4  16  0  0  0  1  0  0  0  5.67  68           340 000
31899057 Raty Aatu 10  0  1  1  0  0  0  0  0  23  0  45  56  4  -2  10  0  0  0  0  0  0  0  3.10  31           235 000
31762087 Raty Aku 10  3  2  5  0  0  1  1  0  27  4  0  0  4  -3  0  0  0  0  1  0  0  0  5.50  55           240 000
25589140 Sailio Jari 9  0  0  0  0  0  0  0  0  9  2  0  0  0  -3  22  0  0  0  0  0  0  0  1.44  13           225 000
32558931 Tieksola Tuukka 12  3  5  8  0  0  0  0  0  28  1  0  0  10  -5  49  0  1  0  2  0  0  1  6.75  81           290 000
34133817 Tuomaala Samu 1  0  0  0  0  0  0  0  0  2  0  0  0  0  0  0  0  0  0  0  0  0  0  1.00  1           190 000
Lukko
ID Maalivahti O M S P V H TP TO PM NP JM OR X XX XXX LPP/O LPP Arvo
27682964 Lehtinen Lassi 8  0  0  0  3  3  2  195  13  0  0  0  1  0  1  7.00  56               350 000
30131813 Makela Alex 0  0  0  0  0  0  0  0  0  0  0  0  0  0  0  0  0               245 000
23249408 Setanen Oskari 6  0  0  0  3  1  2  178  15  1  0  0  0  0  2  11.17  67               345 000
ID Puolustaja O M S P AVM AVS VM TM JA L B ALV ALH + - JM OR X XX XXX KL ELP NL LPP/O LPP Arvo
60503736 Gregoire Thomas 13  3  6  9  0  0  0  0  0  34  3  0  0  11  -12  18  0  1  1  2  0  1  0  9.54  124               400 000
60348405 Klok Lukas 4  0  1  1  0  0  0  0  0  10  7  0  0  2  -2  2  0  0  0  0  0  2  0  6.00  24               335 000
32764000 Korkka Onni 6  0  0  0  0  0  0  0  0  0  1  0  0  0  0  0  0  0  0  0  0  0  0  0.17  1               200 000
31585390 Kukkonen Miska 11  0  1  1  0  0  0  0  0  20  9  0  0  5  -5  8  0  0  0  0  1  0  0  3.55  39               240 000
29650046 Laitinen Vili 10  0  3  3  0  0  0  0  0  14  1  0  0  3  -3  2  0  0  0  0  1  0  0  3.60  36               225 000
31363266 Nyman Luka 0  0  0  0  0  0  0  0  0  0  0  0  0  0  0  0  0  0  0  0  0  0  0  0  0               165 000
32212769 Pietila Noel 6  0  0  0  0  0  0  0  0  5  0  0  0  3  -3  2  0  0  0  0  0  0  1  1.83  11               195 000
22891255 Piipponen Samuli 11  3  3  6  0  1  0  0  0  27  6  0  0  8  -4  6  0  0  0  1  0  0  0  8.36  92               265 000
60348444 Press Robin 14  4  9  13  0  1  3  0  0  73  6  0  0  10  -5  0  0  1  1  3  3  1  0  13.14  184               440 000
23139495 Saarijarvi Vili 7  1  3  4  0  0  0  0  0  28  3  0  0  6  -4  6  0  0  1  0  2  1  0  9.71  68               430 000
24177003 Sevanen Roni 14  1  3  4  0  0  0  0  0  31  3  0  0  9  -9  16  0  0  0  0  0  1  0  4.29  60               245 000
ID Hyokkaaja O M S P AVM AVS VM TM JA L B ALV ALH + - JM OR X XX XXX KL ELP NL LPP/O LPP Arvo
34399525 Arrak Robert 0  0  0  0  0  0  0  0  0  0  0  0  0  0  0  0  0  0  0  0  0  0  0  0  0           165 000
60453964 Audette Daniel 14  0  9  9  0  0  0  0  0  46  1  63  85  9  -1  12  0  0  1  0  0  0  2  5.36  75           355 000
21499603 Hakulinen Anrei 13  6  3  9  0  0  1  0  0  27  1  0  0  8  -2  4  0  1  0  0  0  0  0  6.69  87           360 000
24546935 Koivisto Toni 10  3  1  4  0  0  0  0  0  17  0  0  0  4  -6  2  0  0  1  0  0  0  0  4.00  40           240 000
23889127 Koivistoinen Eetu 14  2  4  6  1  0  0  0  1  38  2  141  128  4  -9  8  0  0  0  0  0  0  0  5.07  71           365 000
22396653 Liedes Heikki 14  3  2  5  0  0  1  0  0  29  2  74  66  6  -8  6  0  0  0  1  0  0  1  4.93  69           240 000
31770891 Markkula Miro 0  0  0  0  0  0  0  0  0  0  0  0  0  0  0  0  0  0  0  0  0  0  0  0  0           195 000
28696292 Mattila Julius 14  2  3  5  1  0  0  0  0  15  0  101  83  9  -5  2  0  1  1  0  0  0  2  4.79  67           250 000
30682391 Nyman Linus 14  1  2  3  0  0  0  0  0  15  1  0  0  6  -4  4  0  0  0  0  0  0  0  2.64  37           230 000
31903545 Petman Mikko 14  0  0  0  0  0  0  0  0  15  3  0  0  2  -4  12  0  0  0  0  0  0  0  0.79  11           220 000
60348452 Pospisil Kristian 13  1  3  4  0  0  0  0  0  35  2  0  0  8  -8  32  0  1  0  0  1  0  0  5.23  68           325 000
25139587 Repo Sebastian 13  2  4  6  0  1  0  0  0  51  1  36  31  9  0  4  0  1  0  0  0  0  0  6.38  83           355 000
24178578 Ruotsi Jesse 0  0  0  0  0  0  0  0  0  0  0  0  0  0  0  0  0  0  0  0  0  0  0  0  0           175 000
27023853 Saarela Aleksi 11  4  3  7  0  1  1  0  0  50  3  2  0  4  -8  12  0  0  2  0  1  0  1  7.09  78           385 000
60453523 Skalicky Pavol 13  4  1  5  0  0  3  0  0  39  2  3  0  7  -7  6  0  0  0  0  0  0  2  6.00  78           335 000
32509715 Suni Oliver 0  0  0  0  0  0  0  0  0  0  0  0  0  0  0  0  0  0  0  0  0  0  0  0  0           185 000
25461491 Tammela Jonne 12  0  0  0  0  0  0  0  0  25  1  0  0  3  -5  8  0  1  0  0  0  0  0  2.33  28           235 000
32294910 Ylitalo Niklas 7  0  0  0  0  0  0  0  0  4  0  0  0  0  0  0  0  0  0  0  0  0  0  0.43  3           200 000
Pelicans
ID Maalivahti O M S P V H TP TO PM NP JM OR X XX XXX LPP/O LPP Arvo
60462059 Bartosak Patrik 5  0  0  0  3  0  2  110  7  1  0  0  1  0  1  10.80  54               360 000
30793895 Parviainen Oskari 1  0  0  0  0  0  0  6  0  0  0  0  0  0  0  1.00  1               240 000
29933802 Patrikainen Jasper 6  0  0  0  1  3  2  139  21  0  0  0  0  0  0  2.50  15               300 000
ID Puolustaja O M S P AVM AVS VM TM JA L B ALV ALH + - JM OR X XX XXX KL ELP NL LPP/O LPP Arvo
29780877 Almari Niclas 8  0  2  2  0  0  0  0  0  18  2  0  0  5  -3  0  0  0  0  0  1  0  0  4.38  35               240 000
60462327 Bergman Julius 10  2  2  4  0  0  1  0  0  36  6  0  0  9  -8  14  0  0  1  0  2  0  0  8.80  88               280 000
24485410 Jalvanti Joonas 0  0  0  0  0  0  0  0  0  0  0  0  0  0  0  0  0  0  0  0  0  0  0  0  0               290 000
24509817 Jurgens Casimir 9  1  4  5  0  0  0  1  0  32  8  0  0  9  -3  2  0  0  1  0  0  1  0  9.56  86               335 000
22240990 Laakso Aleksi 8  1  3  4  0  0  1  0  0  26  2  0  0  3  -7  0  0  0  0  0  0  0  0  5.25  42               245 000
24715452 Lindroos Alex 11  2  0  2  0  0  0  0  0  22  3  0  0  5  -4  6  0  0  0  0  0  0  0  4.36  48               240 000
32108624 Rajaniemi Matias 10  1  1  2  0  0  0  0  0  11  5  0  0  5  -4  0  0  0  0  0  0  0  0  3.30  33               230 000
32167539 Riihinen Petteri 5  0  0  0  0  0  0  0  0  6  1  0  0  1  -3  0  0  0  0  0  0  0  0  0.40  2               210 000
29665125 Ramo Jerkko 3  0  0  0  0  0  0  0  0  3  0  0  0  1  0  2  0  0  0  0  0  0  0  2.33  7               205 000
28842826 Vainio Veeti 4  0  0  0  0  0  0  0  0  7  3  0  0  1  -3  2  0  0  0  0  0  0  1  2.00  8               285 000
32707368 VilXn Topias 9  1  2  3  0  0  0  0  0  12  2  0  0  6  -5  0  0  0  1  0  2  0  0  4.89  44               225 000
ID Hyokkaaja O M S P AVM AVS VM TM JA L B ALV ALH + - JM OR X XX XXX KL ELP NL LPP/O LPP Arvo
24290689 Bjorninen Hannes 5  2  5  7  0  1  0  0  0  20  1  80  39  7  -1  2  0  0  3  0  0  1  0  16.40  82           435 000
60462332 Cerveny Rudolf 11  4  2  6  0  0  0  0  1  30  3  6  9  7  -7  6  0  0  0  1  0  0  0  6.36  70           330 000
60508510 Chlapik Filip 4  0  1  1  0  0  0  0  0  14  1  8  21  0  -1  2  0  0  0  0  0  1  0  3.00  12           340 000
31275998 Forslund Alexander 0  0  0  0  0  0  0  0  0  0  0  0  0  0  0  0  0  0  0  0  0  0  0  0  0           170 000
25646106 Gymer Frank 7  0  1  1  0  0  0  0  0  16  3  0  1  2  -4  2  0  0  0  0  0  0  1  2.71  19           230 000
30636693 Haatanen Aleks 11  3  4  7  0  0  0  0  0  26  4  0  0  3  -3  2  0  0  0  1  0  0  1  5.64  62           250 000
31809869 Heikkila Juuso 0  0  0  0  0  0  0  0  0  0  0  0  0  0  0  0  0  0  0  0  0  0  0  0  0           165 000
29658365 Hamalainen Sakke 11  2  2  4  0  0  0  0  0  21  4  70  95  2  -7  4  0  0  0  0  0  0  0  2.55  28           230 000
29902367 Jamsen Juuso 11  2  5  7  0  0  0  0  0  28  5  0  0  7  -4  0  0  0  0  1  0  0  1  6.27  69           245 000
24650025 Kangasniemi Iikka 8  3  5  8  0  0  3  0  0  16  0  3  2  9  -5  0  0  1  1  1  0  0  0  9.13  73           380 000
29061253 Kerkkanen Joel 0  0  0  0  0  0  0  0  0  0  0  0  0  0  0  0  0  0  0  0  0  0  0  0  0           165 000
29798827 Merela Waltteri 10  1  4  5  1  0  0  0  0  23  3  0  0  9  -5  6  0  1  0  1  0  0  0  6.50  65           295 000
24916798 Nieminen Otto 10  0  2  2  0  0  0  0  0  26  1  1  0  4  -3  6  0  0  0  0  0  0  1  3.80  38           235 000
23075106 Roine Miika 10  2  5  7  0  0  1  0  0  27  5  2  6  6  -6  4  0  0  0  0  0  0  0  6.10  61           290 000
25618516 Saarelainen Miro-Pekka 3  0  1  1  0  0  0  0  0  2  0  0  0  1  -1  0  0  0  0  0  0  0  0  2.33  7           215 000
25458802 Tanus Jonatan 5  0  0  0  0  0  0  0  0  4  3  0  4  1  -1  2  0  0  0  0  0  0  0  1.40  7           220 000
27847136 Toivola Artturi 9  0  1  1  0  0  0  0  0  9  1  66  60  2  -2  4  0  0  0  0  0  0  0  2.44  22           225 000
30010552 Tukiainen Leevi 1  0  0  0  0  0  0  0  0  0  1  0  0  0  0  0  0  0  0  0  0  0  0  1.00  1           190 000
23521841 Tyrvainen Antti 3  0  0  0  0  0  0  0  0  4  0  17  14  0  -2  6  0  0  0  0  0  0  0  2.67  8           225 000
30793837 VilXn Elias 11  6  4  10  0  0  0  1  1  24  1  68  66  10  -4  8  0  1  0  0  0  0  1  9.00  99           265 000
60434669 Vrhel Stanislav 0  0  0  0  0  0  0  0  0  0  0  0  0  0  0  0  0  0  0  0  0  0  0  0  0           170 000
SaiPa
ID Maalivahti O M S P V H TP TO PM NP JM OR X XX XXX LPP/O LPP Arvo
31584650 Auvinen Severi 0  0  0  0  0  0  0  0  0  0  0  0  0  0  0  0  0               235 000
32629051 Markkanen Juho 1  0  0  0  0  1  0  22  2  0  0  0  1  0  0  4.00  4               270 000
27843800 Westerholm Niclas 8  0  0  0  0  4  4  174  20  0  0  0  3  1  0  4.00  32               310 000
ID Puolustaja O M S P AVM AVS VM TM JA L B ALV ALH + - JM OR X XX XXX KL ELP NL LPP/O LPP Arvo
60348446 Grman Mario 11  0  1  1  0  0  0  0  0  17  10  0  0  5  -7  10  0  0  0  0  0  0  0  3.27  36               235 000
24229715 Jalonen Jimi 0  0  0  0  0  0  0  0  0  0  0  0  0  0  0  0  0  0  0  0  0  0  0  0  0               225 000
29937756 Karjalainen Leevi 1  0  0  0  0  0  0  0  0  0  0  0  0  0  0  2  0  0  0  0  0  0  0  2.00  2               195 000
22064150 Kojo Markus 11  0  1  1  0  0  0  0  0  14  4  0  0  3  -5  16  0  0  0  0  0  0  0  1.82  20               215 000
40013106 Koskimies Mikael 6  0  2  2  0  0  0  0  0  5  2  0  0  2  -2  2  0  0  0  0  0  0  0  3.67  22               210 000
40311086 Lofquist Sam 5  1  1  2  0  0  0  0  0  34  4  0  0  1  -8  4  0  0  0  0  1  4  1  8.00  40               355 000
22675468 Nevalainen Niklas 7  0  0  0  0  0  0  0  0  10  0  0  0  0  -3  2  0  0  0  0  0  0  0  0.29  2               210 000
23775707 Olkkonen Joel 5  0  0  0  0  0  0  0  0  18  4  0  0  1  -1  14  0  0  0  0  0  0  2  3.40  17               240 000
31582018 Reini Roope 0  0  0  0  0  0  0  0  0  0  0  0  0  0  0  0  0  0  0  0  0  0  0  0  0               205 000
25091997 Riikola Simo-Pekka 11  2  0  2  0  0  0  0  0  15  4  0  0  3  -5  31  0  0  0  0  0  0  0  2.45  27               225 000
33076328 Sedoff Christoffer 10  0  0  0  0  0  0  0  0  34  3  0  0  5  -5  2  0  0  0  0  0  1  0  3.00  30               235 000
ID Hyokkaaja O M S P AVM AVS VM TM JA L B ALV ALH + - JM OR X XX XXX KL ELP NL LPP/O LPP Arvo
29864256 Erholtz Eemil 10  1  1  2  0  0  0  0  0  27  1  0  0  2  -7  8  0  1  0  0  0  0  0  3.30  33           230 000
21720152 Hamalainen Rasmus 8  1  0  1  0  0  0  0  0  12  1  0  0  1  -1  0  0  0  0  0  0  0  0  2.00  16           220 000
30010662 Juusola Mikko 2  0  1  1  0  0  0  0  0  16  1  0  0  1  -1  0  0  0  0  0  0  0  0  7.00  14           225 000
21878800 Kaksonen Elmeri 11  1  0  1  0  0  0  1  0  26  0  22  39  2  -5  0  0  0  0  0  0  0  0  1.45  16           225 000
32869811 Karvinen Roni 1  0  0  0  0  0  0  0  0  1  0  0  0  0  0  2  0  0  0  0  0  0  0  3.00  3           200 000
24570406 Koskiranta Jarno 11  1  2  3  0  0  0  0  0  20  0  118  80  3  -9  2  0  1  0  0  0  0  1  3.64  40           270 000
40432227 Krivosik Filip 0  0  0  0  0  0  0  0  0  0  0  0  0  0  0  0  0  0  0  0  0  0  0  0  0           240 000
24779032 Lantta Jaakko 11  1  0  1  0  0  0  0  0  13  7  73  46  2  -5  8  0  0  0  0  0  0  0  3.45  38           240 000
32569153 Loimaranta Veikko 11  0  4  4  0  0  0  0  0  28  3  1  0  5  -4  6  0  0  0  0  0  0  0  4.45  49           245 000
32780178 Mantykivi Matias 10  0  2  2  0  0  0  0  0  11  3  0  0  1  -6  4  0  0  0  1  0  0  0  2.10  21           220 000
22710462 Nikko Joni 7  1  1  2  0  0  0  0  0  28  3  1  0  1  -3  0  0  0  0  0  0  0  1  4.29  30           245 000
30728763 Ojantakanen Valtteri 10  0  0  0  0  0  0  0  0  17  0  0  0  1  -3  0  0  0  0  0  0  0  1  1.10  11           210 000
31779229 Petman Ville 4  0  0  0  0  0  0  0  0  7  1  8  17  1  -2  0  0  0  0  0  0  0  0  0.75  3           210 000
29859517 Piipponen Topi 10  0  1  1  0  0  0  0  0  16  1  0  0  2  -4  2  0  0  0  0  0  0  0  1.60  16           215 000
23137280 Saari Micke 11  1  2  3  0  0  0  0  0  28  1  108  109  5  -3  6  0  0  0  0  0  0  0  4.00  44           235 000
23555503 Vainikainen Ville 9  0  0  0  0  0  0  0  0  8  7  0  0  1  -3  2  0  0  0  0  0  0  0  1.22  11           215 000
40315414 Zaborsky Tomas 11  3  5  8  0  0  1  0  0  60  1  0  0  6  -8  2  0  0  0  0  1  2  0  7.91  87           360 000
Sport
ID Maalivahti O M S P V H TP TO PM NP JM OR X XX XXX LPP/O LPP Arvo
24390673 Hovinen Niko 8  0  1  1  5  2  1  199  11  2  0  0  1  1  2  13.75  110               345 000
30933697 Lehti Lassi 0  0  0  0  0  0  0  0  0  0  0  0  0  0  0  0  0               240 000
23035023 Reijola Rasmus 6  0  0  0  1  4  1  128  23  0  0  0  0  0  0  0.67  4               305 000
32372777 Ruotsalainen Arttu 0  0  0  0  0  0  0  0  0  0  0  0  0  0  0  0  0               235 000
ID Puolustaja O M S P AVM AVS VM TM JA L B ALV ALH + - JM OR X XX XXX KL ELP NL LPP/O LPP Arvo
60508537 Green Luke 2  0  0  0  0  0  0  0  0  3  0  0  0  1  -1  4  0  0  0  0  0  0  0  3.50  7               327 000
24324348 Grondahl Ari 14  0  6  6  0  0  0  0  0  31  7  0  0  12  -8  10  0  0  0  0  0  0  0  6.50  91               265 000
24825038 Makela Aleksi 14  0  1  1  0  0  0  0  0  11  2  0  0  8  -5  4  0  0  0  0  0  0  1  2.57  36               225 000
60454986 Percy Stuart 12  0  2  2  0  0  0  0  0  24  1  0  0  9  -6  6  0  0  0  0  0  4  0  4.67  56               260 000
23470251 Tommila Juho 14  3  3  6  0  0  0  0  0  29  1  0  0  11  -7  2  0  0  0  0  0  0  1  6.21  87               270 000
31017907 Vanttaja Olli 9  0  0  0  0  0  0  0  0  9  2  0  0  1  0  8  0  0  0  0  0  0  0  2.11  19               220 000
25334515 Viljanen Valtteri 14  4  4  8  0  0  0  0  0  49  4  0  0  10  -11  8  0  0  0  2  0  0  0  8.14  114               345 000
23620535 Westermarck Victor 14  2  1  3  0  0  0  0  0  17  3  0  0  10  -7  6  0  0  0  0  0  0  0  4.36  61               230 000
23805761 Ylitalo Eemeli 1  0  0  0  0  0  0  0  0  0  0  0  0  0  -1  0  0  0  0  0  0  0  0  -2.00  -2               190 000
ID Hyokkaaja O M S P AVM AVS VM TM JA L B ALV ALH + - JM OR X XX XXX KL ELP NL LPP/O LPP Arvo
21345676 Asplund Turo 13  1  9  10  0  0  0  0  0  23  7  146  104  12  -7  8  0  0  0  0  0  1  0  7.77  101           315 000
30936623 Haarala Santeri 0  0  0  0  0  0  0  0  0  0  0  0  0  0  0  0  0  0  0  0  0  0  0  0  0           200 000
31411901 Heikkinen Lari 5  0  1  1  0  0  0  0  0  7  0  0  0  3  0  2  0  0  0  0  0  0  0  3.40  17           195 000
21983012 Keranen Janne 14  5  2  7  0  0  1  1  0  55  2  0  0  12  -7  0  0  0  1  0  0  0  0  6.71  94           335 000
21983740 Keranen Michael 8  1  3  4  0  0  0  0  0  35  2  9  17  2  -5  4  0  1  0  0  3  0  0  5.75  46           380 000
29551488 Kuiri Niko 1  0  0  0  0  0  0  0  0  2  1  0  0  0  0  0  0  0  0  0  0  0  0  2.00  2           190 000
22441087 Liuksiala Juho 12  1  2  3  0  0  0  0  0  22  2  0  0  4  -7  0  0  0  1  0  0  0  0  2.75  33           220 000
22450515 Lucenius Niclas 13  4  0  4  0  0  1  0  0  25  2  103  95  6  -10  2  0  0  0  0  0  0  0  4.00  52           245 000
22815419 Partanen Mika 13  2  5  7  0  0  0  0  0  33  2  0  0  3  -9  6  0  0  0  0  2  0  0  4.62  60           250 000
24230814 Paukku Jesse 13  4  8  12  0  0  1  0  0  28  3  3  6  6  -9  4  0  0  0  1  0  0  0  6.54  85           260 000
23064609 Riska Erik 14  1  3  4  0  0  0  0  0  22  1  46  64  7  -7  6  0  0  0  0  0  0  0  2.86  40           225 000
25116157 Riska Filip 7  0  3  3  0  0  0  0  0  9  1  56  39  3  0  2  0  0  0  0  0  0  0  4.71  33           230 000
60454974 Stalberg Sebastian 14  4  9  13  0  0  1  0  0  59  2  22  47  9  -7  4  0  0  3  0  0  0  0  7.64  107           350 000
25651492 Suoranta Simon 7  1  1  2  0  0  0  0  0  14  3  0  1  3  0  4  0  2  0  0  0  0  3  5.57  39           235 000
25454518 Talaja Roope 7  3  1  4  0  0  0  0  0  13  0  0  1  3  -1  0  0  0  0  0  0  0  0  4.86  34           255 000
23597163 Vauhkonen Olavi 13  5  9  14  0  0  1  0  0  39  3  2  5  11  -5  4  0  1  2  1  0  0  0  9.54  124           365 000
27854909 Vidgren Aaro 14  2  2  4  0  0  2  0  0  27  3  4  10  7  -2  6  0  1  0  0  1  0  1  4.50  63           230 000
23669075 Virtanen Jonne 3  0  2  2  0  0  0  0  0  1  0  15  17  3  0  0  0  0  0  0  0  0  0  4.67  14           235 000
Tappara
ID Maalivahti O M S P V H TP TO PM NP JM OR X XX XXX LPP/O LPP Arvo
21589720 Heljanko Christian 11  0  0  0  6  2  3  237  21  2  2  0  0  1  2  8.82  97               345 000
40035616 Hrachovina Dominik 0  0  0  0  0  0  0  0  0  0  0  0  0  0  0  0  0               325 000
33502782 Piiroinen Kari 2  0  0  0  1  1  0  43  4  0  0  0  0  0  0  4.00  8               255 000
ID Puolustaja O M S P AVM AVS VM TM JA L B ALV ALH + - JM OR X XX XXX KL ELP NL LPP/O LPP Arvo
40371281 Blood Ben 4  0  1  1  0  0  0  0  0  7  2  0  0  1  -2  4  0  0  0  0  0  0  0  3.75  15               240 000
100034138 Hamara Tomas 0  0  0  0  0  0  0  0  0  0  0  0  0  0  0  0  0  0  0  0  0  0  0  0  0               170 000
21974869 Kemilainen Valtteri 0  0  0  0  0  0  0  0  0  0  0  0  0  0  0  0  0  0  0  0  0  0  0  0  0               415 000
29933776 Kinnunen Santtu 13  0  1  1  0  0  0  0  0  49  6  0  0  4  -8  8  0  0  0  0  2  0  0  3.54  46               245 000
40470643 Matushkin Maksim 13  3  6  9  0  0  2  0  1  81  3  0  0  5  -9  22  0  1  0  1  3  7  0  11.15  145               450 000
60455235 Moravcik Michal 5  0  1  1  0  0  0  0  0  11  1  0  0  3  -2  4  0  0  0  0  0  0  0  4.40  22               300 000
60455238 Parlett Blake 13  1  0  1  0  0  0  0  0  25  6  0  0  8  -6  22  0  0  0  0  0  0  0  3.77  49               260 000
24127529 Rouhiainen Jere 12  0  0  0  0  0  0  0  0  12  2  0  0  0  0  0  0  0  0  0  0  0  0  0.83  10               215 000
29942725 Salminen Saku 5  0  0  0  0  0  0  0  0  7  2  0  0  1  0  0  0  0  0  0  0  0  0  1.80  9               205 000
23334106 Suhonen Teemu 13  1  3  4  0  0  0  0  0  45  2  0  0  6  -9  4  0  0  0  0  0  0  0  4.38  57               310 000
30738423 Utunen Toni 13  1  1  2  0  0  0  1  0  16  3  0  0  5  -5  8  0  0  0  0  0  0  0  3.23  42               220 000
ID Hyokkaaja O M S P AVM AVS VM TM JA L B ALV ALH + - JM OR X XX XXX KL ELP NL LPP/O LPP Arvo
34254136 Bertrand Charles 13  3  1  4  0  0  0  1  0  74  4  2  0  3  -6  4  0  0  2  0  1  1  0  6.31  82           335 000
29670505 Henriksson Jere 13  1  0  1  0  0  0  0  0  20  1  0  0  3  -7  0  0  0  0  0  0  0  0  1.46  19           210 000
24622477 Kuusela Kristian 10  4  6  10  1  0  0  0  0  31  1  1  1  5  -6  4  0  1  2  2  1  0  0  9.20  92           380 000
22357760 Lehtonen Matias 0  0  0  0  0  0  0  0  0  0  0  0  0  0  0  0  0  0  0  0  0  0  0  0  0           180 000
27746619 Levtchi Anton 6  1  3  4  0  0  0  0  0  7  2  22  23  4  -3  0  0  1  0  0  0  0  0  5.00  30           350 000
32713394 Luoto Oskari 0  0  0  0  0  0  0  0  0  0  0  0  0  0  0  0  0  0  0  0  0  0  0  0  0           170 000
22497989 Malinen Jarkko 12  0  0  0  0  0  0  0  0  11  2  76  35  1  -3  0  0  0  0  0  0  0  0  1.75  21           225 000
29846355 Moilanen Sami 10  2  1  3  1  0  0  0  0  9  3  17  31  3  -6  8  0  0  1  1  0  0  1  3.90  39           225 000
22770952 Nattinen Topi 8  0  1  1  0  0  0  0  0  17  1  3  10  0  -1  2  0  0  0  0  0  0  0  1.63  13           230 000
22842712 Peltola Jukka 7  2  4  6  0  0  0  0  0  25  3  1  1  1  -2  0  0  0  0  0  0  0  0  6.57  46           340 000
30821864 Puhakka Petteri 11  1  1  2  0  0  0  0  0  12  1  0  0  2  -4  6  0  0  1  0  0  0  0  2.64  29           220 000
25113804 Rauhala Otto 13  0  4  4  0  0  0  0  0  13  9  124  86  6  -7  4  0  0  0  0  1  0  2  4.54  59           250 000
31574013 Simontaival Kasper 10  0  1  1  0  0  0  0  0  21  1  0  0  3  -4  2  0  0  0  0  0  0  0  2.30  23           230 000
60455240 Smejkal Jiri 5  1  0  1  0  0  1  0  0  9  2  0  0  1  -5  2  0  0  1  0  0  0  0  3.40  17           255 000
31854445 Tanus Kristian 13  5  7  12  0  0  1  0  0  51  3  7  5  8  -6  2  0  2  0  1  0  2  0  8.85  115           370 000
29942233 Vanhatalo Lassi 12  1  2  3  0  0  1  0  0  26  1  1  0  3  -6  4  0  0  0  0  0  0  1  3.33  40           235 000
28262723 Virta Patrik 13  4  8  12  0  0  2  0  0  40  1  149  140  7  -6  12  0  0  1  1  0  1  0  8.77  114           375 000
TPS
ID Maalivahti O M S P V H TP TO PM NP JM OR X XX XXX LPP/O LPP Arvo
29948198 Anttila Eetu 0  0  0  0  0  0  0  0  0  0  0  0  0  0  0  0  0               240 000
60455476 Kareev Andrey 9  0  0  0  2  2  5  206  14  1  2  0  1  1  2  8.56  77               340 000
23118759 Ramo Karri 5  0  0  0  3  2  0  98  9  1  0  0  1  0  2  8.20  41               335 000
32637771 Vuorio Emil 0  0  0  0  0  0  0  0  0  0  0  0  0  0  0  0  0               245 000
ID Puolustaja O M S P AVM AVS VM TM JA L B ALV ALH + - JM OR X XX XXX KL ELP NL LPP/O LPP Arvo
29934157 Anttalainen Aleksi 14  2  0  2  0  0  0  0  0  37  6  0  0  8  -4  6  0  1  0  0  0  0  0  4.86  68               245 000
60455460 Bibic Alen 6  0  0  0  0  0  0  0  0  3  2  0  0  0  -2  4  0  0  0  0  0  0  0  0.83  5               210 000
60455462 Bohm Oliver 11  2  0  2  0  0  1  0  0  29  1  0  0  9  -5  2  0  0  0  0  0  0  0  5.18  57               245 000
60455474 Ivarsson Johan 12  1  2  3  0  0  0  1  0  32  2  0  0  7  -6  4  0  0  0  0  1  0  2  5.17  62               250 000
29935596 Laitamaki Elias 0  0  0  0  0  0  0  0  0  0  0  0  0  0  0  0  0  0  0  0  0  0  0  0  0               190 000
24727725 Lajunen Ville 14  1  4  5  0  0  0  0  0  66  1  0  0  5  -6  6  0  0  0  0  5  0  0  6.36  89               380 000
60347522 Larsson Henrik 13  2  5  7  0  0  1  1  0  36  2  0  0  5  -6  6  0  0  1  0  0  0  0  6.54  85               255 000
40009767 Pulli Valtteri 0  0  0  0  0  0  0  0  0  0  0  0  0  0  0  0  0  0  0  0  0  0  0  0  0               185 000
32219869 Rafkin Ruben 14  1  5  6  0  1  0  0  0  48  5  0  0  10  -1  4  0  0  1  0  2  1  1  8.21  115               320 000
30893766 Viro Eemil 14  1  2  3  0  0  0  0  0  41  4  0  0  8  -8  4  0  0  0  0  0  0  2  4.64  65               265 000
ID Hyokkaaja O M S P AVM AVS VM TM JA L B ALV ALH + - JM OR X XX XXX KL ELP NL LPP/O LPP Arvo
29870486 Haapanen Topias 11  0  1  1  0  0  0  0  0  17  3  0  0  2  -4  0  0  0  0  0  0  0  0  1.64  18           220 000
60455469 Ibragimov Timur 12  1  1  2  0  0  0  0  0  30  1  0  0  3  -5  0  0  0  0  0  0  0  1  2.50  30           230 000
31835642 Intonen Aarne 7  2  0  2  0  0  0  0  0  21  0  2  0  0  -2  2  0  0  0  0  0  0  0  3.71  26           225 000
60455471 Iskhakov Ruslan 12  4  8  12  0  0  1  0  0  30  1  79  76  10  -6  12  0  1  1  0  0  0  0  9.00  108           370 000
27706219 Janatuinen Joel 10  0  3  3  0  0  0  0  0  11  6  1  0  4  -2  2  0  0  0  0  0  0  1  3.60  36           240 000
21785090 Jasu Juhani 14  0  1  1  0  0  0  0  0  21  4  164  117  1  -4  6  0  0  0  0  1  0  0  3.00  42           255 000
60455488 Kestner Josh 14  3  4  7  0  0  2  0  1  81  1  0  0  12  -7  4  0  0  0  1  1  1  1  8.36  117           410 000
23837263 Kuru Hannu 12  2  1  3  1  0  0  0  0  17  1  1  0  4  -2  6  0  1  0  0  0  0  2  4.25  51           230 000
40003574 Liukas Eetu 10  1  0  1  0  0  0  0  0  22  1  0  0  3  -2  14  0  0  0  0  0  0  0  2.20  22           210 000
29991637 Nurmi Markus 6  2  3  5  0  0  1  0  0  9  0  5  3  7  -2  10  0  0  0  1  0  0  0  9.67  58           385 000
40005897 Pajuniemi Lauri 10  5  4  9  0  0  0  1  1  45  1  0  0  10  -4  4  0  0  3  1  1  0  1  10.80  108           405 000
32093700 Pyyhtia Mikael 12  0  1  1  0  0  0  0  0  35  3  0  0  4  -5  0  0  0  0  0  0  0  0  2.50  30           225 000
34601569 Parssinen Juuso 14  3  7  10  0  0  0  0  0  39  0  106  90  12  -6  4  0  3  0  0  0  0  0  7.07  99           360 000
30969140 Teissala Leevi 0  0  0  0  0  0  0  0  0  0  0  0  0  0  0  0  0  0  0  0  0  0  0  0  0           180 000
30039025 Vainionpaa Samuli 10  0  1  1  0  0  0  0  0  6  1  6  11  1  -4  4  0  0  0  0  0  0  0  1.10  11           215 000
32257481 Vaisanen Kalle 0  0  0  0  0  0  0  0  0  0  0  0  0  0  0  0  0  0  0  0  0  0  0  0  0           165 000
23677889 Wirtanen Petteri 14  0  3  3  0  1  0  0  0  28  2  107  77  4  -1  16  0  0  0  0  0  0  0  3.71  52           235 000
Assat
ID Maalivahti O M S P V H TP TO PM NP JM OR X XX XXX LPP/O LPP Arvo
21296411 Aittokallio Sami 2  0  0  0  1  0  0  44  2  1  0  0  0  0  1  15.00  30               310 000
32581335 Korhonen Rasmus 0  0  0  0  0  0  0  0  0  0  0  0  0  0  0  0  0               230 000
60476681 Soderstrom Linus 10  0  0  0  1  5  4  269  27  1  2  0  1  0  4  8.10  81               340 000
23468166 Tolvanen Atte 1  0  0  0  0  1  0  21  3  0  0  0  0  0  0  1.00  1               265 000
ID Puolustaja O M S P AVM AVS VM TM JA L B ALV ALH + - JM OR X XX XXX KL ELP NL LPP/O LPP Arvo
21849554 Jarvinen Joonas 12  0  0  0  0  0  0  0  0  10  8  0  0  7  -8  0  0  0  0  0  0  2  0  1.92  23               235 000
29936715 Kotkansalo Kasper 12  0  3  3  0  0  0  0  0  35  5  0  0  3  -6  6  0  0  0  0  0  0  0  3.75  45               240 000
30984675 Matinmikko Aleksi 5  0  0  0  0  0  0  0  0  10  1  0  0  1  0  4  0  0  0  0  0  0  0  2.80  14               220 000
29641327 Matinpalo Nikolas 12  0  1  1  0  0  0  0  0  24  6  0  0  5  -4  8  0  0  0  0  1  0  0  3.50  42               230 000
60499452 Morrow Joe 11  0  3  3  0  0  0  0  0  49  4  0  0  9  -7  24  0  0  0  0  2  3  0  7.45  82               365 000
33424682 Maatta Rami 1  0  0  0  0  0  0  0  0  1  0  0  0  0  -1  0  0  0  0  0  0  0  0  -1.00  -1               200 000
60351426 Stenqvist Jakob 12  3  2  5  0  0  0  1  0  47  5  0  0  10  -14  8  0  2  0  0  0  1  0  6.92  83               380 000
25381270 Vainio Olli 7  0  1  1  0  0  0  0  0  21  1  0  0  2  -3  0  0  0  0  0  1  0  0  3.14  22               255 000
24177621 Varttinen Aleksi 12  1  0  1  0  0  0  0  0  24  3  0  0  3  -1  2  0  0  0  0  0  0  0  3.00  36               225 000
28504481 Vuorisalo Teemu 1  0  0  0  0  0  0  0  0  4  1  0  0  0  -1  0  0  0  0  0  0  0  0  1.00  1               225 000
29065479 Walli Juuso 0  0  0  0  0  0  0  0  0  0  0  0  0  0  0  0  0  0  0  0  0  0  0  0  0               200 000
ID Hyokkaaja O M S P AVM AVS VM TM JA L B ALV ALH + - JM OR X XX XXX KL ELP NL LPP/O LPP Arvo
31252775 Aaltonen Samuli 0  0  0  0  0  0  0  0  0  0  0  0  0  0  0  0  0  0  0  0  0  0  0  0  0           210 000
24271404 Appelgren Niklas 0  0  0  0  0  0  0  0  0  0  0  0  0  0  0  0  0  0  0  0  0  0  0  0  0           225 000
32269686 Hirvonen Roni 12  0  4  4  0  0  0  0  0  36  3  102  92  4  -10  12  0  0  0  0  0  0  0  4.17  50           245 000
24464062 Ikonen Jasse 12  1  3  4  0  0  0  0  0  24  6  104  110  9  -8  10  0  0  0  0  0  1  0  5.00  60           250 000
27852901 Juhola Jouka 10  0  3  3  0  0  0  0  0  14  2  0  0  5  -2  0  0  0  0  0  0  0  1  3.20  32           230 000
30561454 Killinen Lenni 12  1  1  2  0  0  0  0  0  14  3  0  0  3  -6  2  0  0  0  0  0  0  0  2.17  26           245 000
22024624 Kivela Niko 12  3  2  5  0  0  1  0  0  33  4  43  55  6  -3  0  0  0  1  0  1  0  1  5.17  62           230 000
31165561 Kivenmaki Otto 0  0  0  0  0  0  0  0  0  0  0  0  0  0  0  0  0  0  0  0  0  0  0  0  0           270 000
31639314 Kulmala Lauri 0  0  0  0  0  0  0  0  0  0  0  0  0  0  0  0  0  0  0  0  0  0  0  0  0           185 000
24771797 Laakso Tommi 8  1  1  2  0  0  1  0  0  11  3  0  0  3  -2  10  0  0  1  0  0  0  0  4.75  38           225 000
31421441 Lausniemi Arttu 0  0  0  0  0  0  0  0  0  0  0  0  0  0  0  0  0  0  0  0  0  0  0  0  0           175 000
24808136 Lindsten Jasper 11  1  3  4  0  0  0  1  0  13  1  3  6  4  -2  4  0  0  0  0  0  0  0  3.45  38           235 000
60476677 Meyer Nicolai 9  2  4  6  0  0  0  0  0  21  2  1  3  7  -5  0  0  0  1  0  0  0  0  5.67  51           315 000
30419043 Makinen Atte 9  0  1  1  0  0  0  0  0  11  1  0  0  2  -4  0  0  0  0  0  0  0  0  1.56  14           220 000
27666320 Makinen Miro 0  0  0  0  0  0  0  0  0  0  0  0  0  0  0  0  0  0  0  0  0  0  0  0  0           210 000
22686282 Niemi Mika 11  0  0  0  0  0  0  0  0  11  2  70  76  2  -4  2  0  0  0  0  0  0  0  0.91  10           235 000
28731241 Pihlajamaki Valtteri 0  0  0  0  0  0  0  0  0  0  0  0  0  0  0  0  0  0  0  0  0  0  0  0  0           190 000
60501726 Rattie Ty 12  3  1  4  0  0  0  0  0  46  0  0  2  3  -10  4  0  0  0  0  0  0  0  3.92  47           290 000
23179112 Salminen Sakari 5  0  0  0  0  0  0  0  0  12  0  0  0  0  -3  10  0  1  0  0  0  0  0  3.00  15           320 000
23441604 Tiivola Peter 2  0  0  0  0  0  0  0  0  3  0  19  19  0  -1  0  0  0  0  0  0  0  0  0.50  1           285 000
32105313 Viitala Leevi 5  1  0  1  0  0  0  0  0  8  2  0  0  2  -2  2  0  0  1  0  0  0  0  3.80  19           215 000
60476674 Wannstrom Sebastian 12  5  5  10  0  0  0  1  0  73  3  0  0  11  -9  0  0  0  0  0  0  1  0  9.00  108           385 000
