HIFK
ID Maalivahti O M S P V H TP TO PM NP JM OR X XX XXX LPP/O LPP Arvo
28890904 Halonen Niilo 2  0  0  0  0  1  0  36  4  0  0  0  0  1  0  2.00  4               290 000
33039983 Lampinen Jani 0  0  0  0  0  0  0  0  0  0  0  0  0  0  0  0  0               230 000
23486067 Tuohimaa Frans 11  0  0  0  4  4  3  194  27  1  0  0  1  2  0  4.55  50               345 000
HPK
30798997 Aalto Tuomas 0  0  0  0  0  0  0  0  0  0  0  0  0  0  0  0  0               230 000
27828252 Larmi Emil 2  0  1  1  1  0  1  46  4  0  0  0  0  0  1  13.00  26               360 000
31006060 Lebedeff Daniel 6  0  1  1  1  2  2  121  17  0  0  0  1  0  0  4.33  26               285 000
23684063 Voutilainen Joona 5  0  0  0  0  4  0  82  15  0  0  0  1  1  0  -0.60  -3               310 000
Ilves
100030776 Dostal Lukas 9  0  0  0  8  1  0  249  14  0  0  0  0  0  4  11.44  103               360 000
24546168 Kolppanen Ville 0  0  0  0  0  0  0  0  0  0  0  0  0  0  0  0  0               290 000
30117507 Makiniemi Eetu 3  0  1  1  1  2  0  78  10  0  0  0  0  0  0  6.33  19               300 000
Jukurit
22993098 Rajaniemi Sami 8  0  0  0  2  5  1  225  22  0  0  0  1  0  2  6.63  53               315 000
31267715 Randelin Eetu 2  0  0  0  0  2  0  46  7  0  0  0  0  0  0  1.00  2               280 000
JYP
60330620 Helander Juho 0  0  0  0  0  0  0  0  0  0  0  0  0  0  0  0  0               230 000
27692297 Parkkinen Niko 0  0  0  0  0  0  0  0  0  0  0  0  0  0  0  0  0               240 000
29857823 Ruusu Markus 2  0  0  0  0  2  0  52  7  0  0  0  0  0  0  2.00  4               300 000
29924154 Vehvilainen Veini 9  0  0  0  3  4  2  244  25  1  2  0  0  1  0  6.22  56               335 000
KalPa
34264401 Jatkola Juha 0  0  0  0  0  0  0  0  0  0  0  0  0  0  0  0  0               245 000
24555926 Kilpelainen Eero 7  0  0  0  5  2  0  153  15  1  0  0  1  1  1  8.14  57               340 000
22861900 Perhonen Samu 1  0  0  0  1  0  0  17  1  0  0  0  0  0  0  7.00  7               310 000
KooKoo
60457112 Brattstrom Victor 7  0  1  1  5  2  0  144  14  0  0  0  0  1  1  7.43  52               340 000
31877419 Raiha Riku 0  0  0  0  0  0  0  0  0  0  0  0  0  0  0  0  0               240 000
31635062 Salminen Oskari 3  0  0  0  0  2  1  58  8  0  0  0  1  1  0  2.33  7               295 000
Karpat
32498965 Annunen Justus 3  0  0  0  2  1  0  59  7  0  0  0  0  1  0  5.67  17               340 000
31589972 Blomqvist Joel 2  0  0  0  2  0  0  32  3  0  0  0  0  0  0  6.50  13               265 000
34398911 Merilainen Leevi 0  0  0  0  0  0  0  0  0  0  0  0  0  0  0  0  0               230 000
60343378 Rybar Patrik 3  0  0  0  1  2  0  79  9  0  0  0  1  1  0  5.00  15               345 000
Lukko
27682964 Lehtinen Lassi 4  0  0  0  3  1  0  65  6  0  0  0  0  1  0  5.50  22               340 000
23249408 Setanen Oskari 7  0  0  0  6  1  0  172  13  1  2  0  0  2  2  11.29  79               355 000
Pelicans
60462059 Bartosak Patrik 9  0  0  0  5  3  0  212  21  0  0  0  1  1  2  6.56  59               330 000
29933802 Patrikainen Jasper 3  0  0  0  1  2  0  60  9  0  0  0  0  0  0  1.67  5               285 000
23468166 Tolvanen Atte 0  0  0  0  0  0  0  0  0  0  0  0  0  0  0  0  0               280 000
SaiPa
31584650 Auvinen Severi 0  0  0  0  0  0  0  0  0  0  0  0  0  0  0  0  0               245 000
60456747 Tomek Matej 5  0  0  0  0  4  1  134  14  0  0  0  0  0  1  4.60  23               305 000
27843800 Westerholm Niclas 5  0  0  0  1  2  2  133  17  0  0  0  0  1  1  4.80  24               300 000
Sport
24390673 Hovinen Niko 4  0  0  0  1  3  0  99  14  0  0  0  0  1  0  2.75  11               315 000
23035023 Reijola Rasmus 5  0  0  0  2  1  2  109  5  3  0  0  0  0  3  16.20  81               325 000
32372777 Ruotsalainen Arttu 0  0  0  0  0  0  0  0  0  0  0  0  0  0  0  0  0               245 000
Tappara
21589720 Heljanko Christian 4  0  0  0  2  1  1  92  9  0  0  0  0  0  0  6.75  27               330 000
40035616 Hrachovina Dominik 6  0  0  0  2  2  2  148  18  1  0  0  2  0  0  6.50  39               350 000
33502782 Piiroinen Kari 0  0  0  0  0  0  0  0  0  0  0  0  0  0  0  0  0               240 000
TPS
60455476 Kareev Andrey 5  0  0  0  0  2  3  97  15  0  0  0  1  0  0  1.60  8               325 000
29652963 Luukkonen Ukko-Pekka 6  0  1  1  3  2  1  174  15  0  6  0  2  1  1  10.33  62               340 000
23451584 Tirronen Rasmus 1  0  0  0  0  1  0  34  4  0  0  0  1  0  0  4.00  4               330 000
Assat
21296411 Aittokallio Sami 5  0  1  1  0  3  2  118  19  0  0  0  0  1  0  3.80  19               315 000
32581335 Korhonen Rasmus 0  0  0  0  0  0  0  0  0  0  0  0  0  0  0  0  0               235 000
60476681 Soderstrom Linus 6  0  0  0  3  1  2  149  19  0  2  0  0  0  3  6.50  39               335 000
HIFK
ID Puolustaja O M S P AVM AVS VM TM JA L B ALV ALH + - JM OR X XX XXX KL ELP NL LPP/O LPP Arvo
24260583 Ahonen Rony 10  0  1  1  0  0  0  0  0  15  2  0  0  4  -11  6  0  0  0  0  0  0  0  1.40  14               230 000
21926286 Karjalainen Miro 12  2  0  2  0  0  0  0  0  23  8  0  0  4  -5  20  0  0  1  0  0  0  0  3.92  47               255 000
22148966 Kousa Mikko 12  2  6  8  0  0  0  0  0  54  1  0  0  6  -12  4  0  1  0  0  1  1  0  7.25  87               385 000
22240990 Laakso Aleksi 4  0  0  0  0  0  0  0  0  2  1  4  5  0  -2  2  0  0  0  0  0  0  0  0.00  0               215 000
22474067 Lyytinen Joonas 7  2  2  4  0  0  0  0  1  29  0  0  0  6  -1  6  0  0  0  0  0  0  0  10.29  72               370 000
100025878 Motin Johan 12  0  1  1  0  0  0  0  0  36  2  0  0  8  -7  12  0  0  0  0  0  0  0  2.92  35               250 000
28822079 Teravainen Eero 9  0  4  4  0  0  0  0  0  34  0  0  0  3  -4  6  0  0  0  0  1  0  0  5.89  53               245 000
25357521 Varakas Ville 12  1  0  1  0  0  0  0  0  24  5  0  0  7  -5  2  0  0  0  0  0  0  0  3.42  41               265 000
30482177 Winberg Tobias 12  0  0  0  0  0  0  0  0  22  1  0  0  3  -7  2  0  0  0  0  1  0  0  1.08  13               220 000
HPK
23806498 Eronen Elmeri 11  2  4  6  0  1  0  0  0  44  7  0  0  8  -6  4  0  0  0  0  0  4  0  8.91  98               390 000
24459695 Ikonen Ossi 11  2  1  3  0  0  0  0  0  21  5  0  0  6  -8  4  0  0  0  0  0  0  0  4.45  49               240 000
40020340 Jeskanen Valtteri 5  0  2  2  0  0  0  0  0  11  0  0  0  5  -1  0  0  0  0  0  0  0  0  6.60  33               250 000
24612937 Koistinen Ville 8  1  2  3  0  0  1  0  0  33  5  0  0  3  -8  4  0  0  0  0  0  3  0  6.13  49               345 000
30644067 Latvala Otto 10  0  1  1  0  0  0  0  0  18  3  0  0  3  -8  10  0  0  0  0  0  0  0  2.30  23               225 000
32003004 Lehtinen Atso 9  0  1  1  0  0  0  0  0  16  4  0  0  3  -9  0  0  0  0  0  0  0  0  1.11  10               205 000
22452814 Lukka Santeri 11  0  5  5  0  0  0  0  0  28  2  0  0  9  -9  6  0  1  0  0  0  0  0  5.82  64               285 000
30492028 Rasanen Eemeli 5  0  0  0  0  0  0  0  0  2  1  0  0  0  -1  6  0  0  0  0  0  0  0  1.20  6               210 000
Ilves
40005288 Aho Karri 0  0  0  0  0  0  0  0  0  0  0  0  0  0  0  0  0  0  0  0  0  0  0  0  0               190 000
40005621 Airola Santeri 0  0  0  0  0  0  0  0  0  0  0  0  0  0  0  0  0  0  0  0  0  0  0  0  0               200 000
21403877 Elorinne Aleksi 9  1  1  2  0  0  1  0  0  18  12  0  1  6  -3  6  0  0  1  0  0  0  0  6.11  55               295 000
31228178 Hatakka Santeri 12  1  1  2  0  0  1  0  0  19  3  0  0  3  -3  24  0  1  0  0  0  0  1  4.00  48               240 000
22487436 Maalahti Kalle 12  0  3  3  0  0  0  0  0  24  2  0  0  4  -4  16  0  0  0  0  0  0  0  3.42  41               260 000
29641327 Matinpalo Nikolas 4  0  0  0  0  0  0  0  0  7  0  0  0  2  -1  0  0  0  0  0  0  0  0  2.25  9               210 000
28905831 Parikka Jarkko 12  1  2  3  0  1  0  0  0  21  1  0  0  18  -5  14  0  0  0  0  1  0  1  8.25  99               350 000
22843711 Peltola Niko 0  0  0  0  0  0  0  0  0  0  0  0  0  0  0  0  0  0  0  0  0  0  0  0  0               360 000
23168071 Salmela Tuomas 12  0  3  3  0  0  0  0  0  12  4  0  0  7  -4  6  0  0  0  0  0  0  0  4.08  49               245 000
32522158 Thomson Lassi 11  0  2  2  0  0  0  0  0  24  2  0  0  6  -4  0  0  0  0  0  5  0  0  4.36  48               265 000
28575614 Valimaki Juuso 12  2  9  11  0  1  0  0  0  46  9  0  0  19  -6  6  0  2  1  2  1  7  1  15.75  189               440 000
Jukurit
60346724 Galvas Jakub 10  2  2  4  0  0  0  0  0  14  1  0  0  4  -9  6  0  0  0  0  0  1  0  4.10  41               245 000
30548804 Haarti Jaakko 3  1  0  1  0  0  0  0  0  6  0  0  0  0  -2  2  0  0  0  0  0  0  0  3.67  11               220 000
21700651 Hyvarinen Ville 9  0  0  0  0  0  0  0  0  1  4  0  0  0  -2  2  0  0  0  0  0  0  0  0.22  2               215 000
60346723 Iakovenko Aleksandr 8  1  3  4  0  0  0  0  0  27  2  0  0  4  -8  4  0  0  1  0  1  0  0  6.00  48               300 000
28547299 Kemppainen Samuel 1  0  0  0  0  0  0  0  0  1  0  0  0  0  0  0  0  0  0  0  0  0  0  1.00  1               205 000
31128854 Kokkonen Mikko 10  0  0  0  0  0  0  0  0  26  4  0  0  2  -8  6  0  0  0  0  0  0  0  1.40  14               240 000
24229184 Makinen Atte 10  0  0  0  0  0  0  0  0  15  2  0  0  1  -4  10  0  0  0  0  0  0  0  1.60  16               225 000
30439447 Rindell Axel 10  1  4  5  0  0  0  0  0  43  1  0  0  4  -9  4  0  0  0  0  1  2  0  6.20  62               310 000
30870187 Salmela Santeri 9  0  2  2  0  0  0  0  0  8  6  0  0  3  -5  12  0  0  0  0  0  0  0  3.56  32               230 000
JYP
24182470 AllXn Roni 9  0  1  1  0  0  0  0  0  23  0  0  0  5  -5  8  0  0  0  0  0  0  0  3.67  33               240 000
28705727 Honka Anttoni 11  1  3  4  0  0  0  0  0  38  2  0  0  6  -9  0  0  0  0  0  1  0  0  4.64  51               290 000
33150613 Jurmo Joni 8  0  0  0  0  0  0  0  0  7  0  0  0  0  -5  8  0  0  0  0  0  0  0  0.50  4               205 000
31250968 Kakkonen Valtteri 11  0  1  1  0  0  0  0  0  19  3  0  0  7  -5  12  0  0  0  0  0  0  0  4.09  45               250 000
21892307 Kalteva Mikko 11  0  1  1  0  0  0  0  0  16  4  0  0  8  -9  6  0  0  0  0  1  0  0  3.27  36               315 000
31332145 Kuusela Kimi 2  0  0  0  0  0  0  0  0  1  0  0  0  0  0  0  0  0  0  0  0  0  0  0.50  1               195 000
24783853 Lintuniemi Alex 11  1  3  4  0  0  0  1  0  40  2  0  0  8  -7  6  0  0  0  0  1  4  0  7.18  79               305 000
32976568 Malinen Aleksi 2  0  0  0  0  0  0  0  0  1  0  0  0  0  0  0  0  0  0  0  0  0  0  0.50  1               190 000
29915053 Niku Tomi 0  0  0  0  0  0  0  0  0  0  0  0  0  0  0  0  0  0  0  0  0  0  0  0  0               180 000
24190598 Salonen Aleksi 11  0  0  0  0  0  0  0  0  27  0  0  0  6  -8  10  0  0  0  0  0  0  0  2.45  27               235 000
KalPa
60408300 Graham Jesse 6  2  0  2  0  0  0  0  0  12  2  0  0  5  -3  2  0  0  0  0  0  1  0  6.67  40               350 000
21685718 Huttunen Otto 5  0  0  0  0  0  0  0  0  11  0  0  0  2  0  2  0  0  0  0  1  0  0  3.40  17               230 000
24725109 Lappalainen Lasse 8  0  3  3  0  0  0  0  0  22  2  0  0  5  -2  8  0  0  0  0  1  0  0  6.75  54               335 000
24174048 Leskinen Otto 8  2  5  7  0  0  0  0  0  32  0  0  0  8  -3  8  0  2  1  0  0  0  0  12.00  96               380 000
28696276 Mattila Jesper 8  2  2  4  0  0  0  0  0  15  1  0  0  6  0  4  0  0  0  1  0  0  0  8.25  66               275 000
31046431 Nousiainen Kim 7  3  1  4  0  0  0  0  0  28  1  0  0  8  -2  2  0  1  0  0  1  0  0  10.57  74               395 000
30951530 Riekkinen Joona 6  0  3  3  0  0  0  0  0  7  1  0  0  6  -3  0  0  0  0  0  0  0  0  6.00  36               245 000
23242492 Seppala Mikael 8  1  2  3  0  0  1  0  0  14  2  0  0  4  -5  2  0  0  0  1  0  0  0  5.13  41               280 000
KooKoo
29587960 Berger Martin 10  0  1  1  0  0  0  0  0  24  2  0  0  7  -7  16  0  0  0  0  0  0  1  3.40  34               245 000
40339220 Bonsaksen Alexander 10  1  0  1  0  0  0  0  0  21  4  0  0  5  -2  12  0  0  0  0  0  0  0  4.90  49               250 000
22510552 Manninen Oskari 10  1  2  3  0  0  0  0  0  30  0  0  0  14  -4  8  0  0  0  0  0  0  0  8.10  81               350 000
30932931 Palojarvi Antti 0  0  0  0  0  0  0  0  0  0  0  0  0  0  0  0  0  0  0  0  0  0  0  0  0               200 000
25042564 Pelli Arttu 9  0  3  3  0  0  0  0  0  22  0  0  0  10  -3  0  0  0  1  0  0  0  0  6.22  56               255 000
28273262 Rautanen Juho 9  0  1  1  0  0  0  0  0  13  0  0  0  3  0  0  0  0  0  0  0  0  0  2.67  24               220 000
32033595 Seppala Peetro 2  0  0  0  0  0  0  0  0  0  0  0  0  1  -1  2  0  0  0  0  0  0  0  1.50  3               245 000
23517198 Tuulola Joni 10  1  3  4  0  0  0  0  0  28  3  0  0  9  -5  4  0  0  0  0  1  0  0  6.80  68               355 000
60350439 Ytterell Alexander 8  0  1  1  0  0  0  0  0  24  0  0  0  2  -7  0  0  0  0  0  3  0  0  2.25  18               240 000
Karpat
60342557 Bystrom Ludwig 8  1  5  6  0  1  1  0  0  31  4  0  0  7  -6  2  0  0  0  0  1  2  0  10.00  80               370 000
40428666 Heshka Shaun 5  0  3  3  0  0  0  0  0  14  1  0  0  5  -3  2  0  0  0  0  0  0  0  7.80  39               375 000
24353539 Huttula Joona 4  0  0  0  0  0  0  0  0  3  0  0  0  1  -2  8  0  0  0  0  0  0  0  2.25  9               220 000
30730803 Loponen Kalle 0  0  0  0  0  0  0  0  0  0  0  0  0  0  0  0  0  0  0  0  0  0  0  0  0               180 000
22679723 Niemela Mikko 8  0  1  1  0  0  0  0  0  15  1  0  0  7  -2  4  0  0  0  0  0  1  0  5.00  40               285 000
31555838 Niemela Topi 3  0  1  1  0  0  0  0  0  9  0  0  0  1  -2  0  0  0  0  0  0  0  0  3.67  11               220 000
29528916 Niskala Jaakko 2  0  0  0  0  0  0  0  0  5  0  0  0  0  -1  0  0  0  0  0  0  0  0  0.50  1               200 000
31519609 Puutio Kasper 4  0  0  0  0  0  0  0  0  5  0  0  0  4  -3  0  0  0  0  0  0  0  0  2.25  9               215 000
29679441 Ronkainen Taneli 8  0  2  2  0  0  0  0  0  21  3  0  0  6  -5  8  0  0  0  0  0  0  0  5.63  45               250 000
60411600 Sulak Libor 5  2  1  3  0  0  0  0  0  21  0  0  0  6  -4  2  0  0  1  0  2  0  1  11.20  56               435 000
23424825 Teppo Miihkali 8  1  0  1  0  0  0  0  0  11  1  0  0  3  -4  2  0  1  0  0  0  0  1  2.75  22               235 000
Lukko
32058428 Heinola Ville 11  0  5  5  0  0  0  0  0  31  2  0  0  10  -7  4  0  0  0  0  1  1  0  6.82  75               315 000
60348405 Klok Lukas 11  0  7  7  0  1  0  0  0  29  6  0  0  12  -8  14  0  0  0  0  0  0  0  7.73  85               345 000
32764000 Korkka Onni 0  0  0  0  0  0  0  0  0  0  0  0  0  0  0  0  0  0  0  0  0  0  0  0  0               180 000
31585390 Kukkonen Miska 11  0  1  1  0  0  0  0  0  19  4  0  0  9  -6  14  0  1  0  0  0  0  0  4.55  50               250 000
29650046 Laitinen Vili 6  0  0  0  0  0  0  0  0  0  2  0  0  0  -4  0  0  0  0  0  0  0  0  -1.00  -6               215 000
31363266 Nyman Luka 0  0  0  0  0  0  0  0  0  0  0  0  0  0  0  0  0  0  0  0  0  0  0  0  0               170 000
32212769 Pietila Noel 0  0  0  0  0  0  0  0  0  0  0  0  0  0  0  0  0  0  0  0  0  0  0  0  0               200 000
60348444 Press Robin 11  2  3  5  0  0  1  0  0  46  9  0  0  13  -7  4  0  0  2  0  1  2  0  9.91  109               395 000
23139495 Saarijarvi Vili 11  4  8  12  0  0  1  0  0  58  3  0  0  16  -5  0  0  0  1  2  2  1  0  15.73  173               460 000
24177003 Sevanen Roni 8  1  3  4  0  0  0  0  0  14  4  0  0  8  -3  4  0  0  0  0  0  0  0  7.75  62               300 000
Pelicans
29780877 Almari Niclas 3  0  0  0  0  0  0  0  0  8  1  0  0  1  -2  2  0  0  0  0  0  0  0  2.33  7               265 000
60462327 Bergman Julius 11  1  1  2  0  0  0  0  0  34  5  0  0  4  -9  8  0  0  0  0  0  1  0  3.82  42               300 000
24485410 Jalvanti Joonas 11  1  1  2  0  0  0  0  0  20  2  0  0  6  -7  2  0  1  0  0  0  0  0  3.36  37               270 000
24509817 Jurgens Casimir 11  0  2  2  0  0  0  0  0  26  3  0  0  7  -5  6  0  0  0  0  2  0  0  4.64  51               285 000
29995510 Laaksonen Oskari 11  3  6  9  0  0  1  0  0  63  2  0  0  7  -7  14  0  1  0  0  1  0  0  11.36  125               405 000
24715452 Lindroos Alex 11  1  1  2  0  0  1  0  0  29  1  0  0  5  -6  18  0  0  0  0  0  0  0  3.73  41               240 000
32108624 Rajaniemi Matias 10  0  0  0  0  0  0  0  0  8  5  0  0  5  -4  6  0  0  0  0  0  0  0  2.20  22               220 000
32707368 VilXn Topias 6  1  1  2  0  0  0  0  0  5  1  0  0  5  -4  0  0  0  0  0  0  0  0  4.50  27               210 000
SaiPa
60407804 Bernhardt David 9  0  0  0  0  0  0  0  0  20  1  0  0  3  -9  4  0  0  0  0  0  2  0  1.33  12               245 000
60348446 Grman Mario 10  0  1  1  0  0  0  0  0  21  9  0  0  1  -8  10  0  0  0  0  0  1  1  2.80  28               230 000
24229715 Jalonen Jimi 1  0  0  0  0  0  0  0  0  0  0  0  0  1  0  0  0  0  0  0  0  0  0  3.00  3               235 000
29937756 Karjalainen Leevi 6  0  0  0  0  0  0  0  0  10  0  0  0  2  -7  2  0  0  0  0  0  0  0  0.17  1               200 000
22064150 Kojo Markus 10  0  1  1  0  0  0  0  0  9  3  0  0  1  -9  18  0  0  0  0  0  0  0  1.80  18               225 000
40013106 Koskimies Mikael 0  0  0  0  0  0  0  0  0  0  0  0  0  0  0  0  0  0  0  0  0  0  0  0  0               180 000
60470901 Moverare Jacob 7  0  1  1  0  0  0  0  0  20  5  0  1  2  -6  29  0  0  0  0  0  0  0  1.43  10               290 000
23775707 Olkkonen Joel 4  0  2  2  0  0  0  0  0  8  4  0  0  1  -2  2  0  0  0  0  0  0  0  5.00  20               260 000
25091997 Riikola Simo-Pekka 10  1  0  1  0  0  0  0  0  10  1  0  0  1  -7  4  0  1  0  0  0  0  0  1.20  12               220 000
28842826 Vainio Veeti 7  1  2  3  0  0  0  0  0  34  2  0  0  4  -3  6  0  2  0  0  0  1  1  8.43  59               355 000
Sport
24324348 Grondahl Ari 9  1  0  1  0  0  0  0  0  39  4  0  0  3  -8  0  0  0  0  0  3  0  0  3.89  35               245 000
60454981 Kolusz Marcin 0  0  0  0  0  0  0  0  0  0  0  0  0  0  0  0  0  0  0  0  0  0  0  0  0               255 000
24825038 Makela Aleksi 1  0  0  0  0  0  0  0  0  1  1  0  0  0  0  2  0  0  0  0  0  0  0  4.00  4               220 000
22675468 Nevalainen Niklas 7  0  0  0  0  0  0  0  0  12  1  0  0  2  -5  2  0  1  0  0  0  0  0  1.14  8               225 000
60454986 Percy Stuart 8  0  2  2  0  0  0  0  0  17  0  0  0  5  -6  6  0  0  0  0  0  1  0  4.13  33               265 000
23470251 Tommila Juho 9  0  3  3  0  0  0  0  0  21  1  0  0  4  -4  10  0  0  0  0  0  1  1  5.44  49               260 000
31017907 Vanttaja Olli 2  0  0  0  0  0  0  0  0  3  1  0  0  2  -1  0  0  0  0  0  0  0  0  3.50  7               215 000
25334515 Viljanen Valtteri 6  1  2  3  0  0  1  0  0  28  3  0  0  4  -1  2  0  0  0  0  0  0  1  9.17  55               355 000
23620535 Westermarck Victor 3  0  0  0  0  0  0  0  0  1  3  0  0  2  -1  0  0  0  0  0  0  0  0  2.67  8               220 000
23805761 Ylitalo Eemeli 6  0  0  0  0  0  0  0  0  14  2  0  0  3  -3  4  0  0  0  0  1  0  0  3.33  20               225 000
Tappara
40371281 Blood Ben 10  0  2  2  0  0  0  0  0  22  3  0  0  4  -6  12  0  0  0  0  0  0  0  4.00  40               250 000
100034138 Hamara Tomas 0  0  0  0  0  0  0  0  0  0  0  0  0  0  0  0  0  0  0  0  0  0  0  0  0               175 000
21974869 Kemilainen Valtteri 10  4  3  7  0  0  1  0  0  57  3  0  0  8  -7  10  0  0  0  1  2  2  0  12.10  121               430 000
29933776 Kinnunen Santtu 10  0  3  3  0  0  0  0  0  28  1  0  0  5  -6  2  0  0  0  0  2  0  1  4.60  46               245 000
60455235 Moravcik Michal 8  0  1  1  0  0  0  0  0  28  1  0  0  9  -4  29  0  0  0  0  0  1  0  5.00  40               300 000
60455238 Parlett Blake 0  0  0  0  0  0  0  0  0  0  0  0  0  0  0  0  0  0  0  0  0  0  0  0  0               285 000
24127529 Rouhiainen Jere 10  0  2  2  0  0  0  0  0  10  1  0  0  2  -7  2  0  1  0  0  0  0  0  1.50  15               220 000
23334106 Suhonen Teemu 10  0  3  3  0  0  0  0  0  37  2  0  0  3  -8  2  0  0  0  0  0  0  1  3.80  38               305 000
30738423 Utunen Toni 6  0  1  1  0  0  0  0  0  12  4  0  0  2  -4  0  0  0  0  0  0  0  0  2.50  15               215 000
TPS
29934157 Anttalainen Aleksi 11  0  0  0  0  0  0  0  0  27  4  0  0  3  -4  14  0  1  0  0  0  0  0  3.27  36               240 000
60455460 Bibic Alen 10  1  0  1  0  0  0  1  0  7  3  0  0  3  -2  8  0  1  0  0  0  0  0  3.20  32               230 000
60455462 Bohm Oliver 10  0  4  4  0  1  0  0  0  20  2  0  0  10  -6  2  0  0  0  0  0  0  0  6.10  61               310 000
60455474 Ivarsson Johan 10  0  4  4  0  0  0  0  0  21  4  0  0  6  -4  10  0  0  0  0  1  1  0  6.30  63               315 000
29935596 Laitamaki Elias 2  0  0  0  0  0  0  0  0  3  0  0  0  1  -1  0  0  0  0  0  0  0  0  1.50  3               205 000
24727725 Lajunen Ville 9  1  1  2  0  0  0  0  0  35  10  1  0  3  -7  0  0  1  0  0  2  0  0  4.67  42               335 000
60347522 Larsson Henrik 7  0  1  1  0  0  0  0  0  7  0  0  0  1  -5  4  0  0  0  0  0  1  0  1.43  10               275 000
40009767 Pulli Valtteri 3  0  0  0  0  0  0  0  0  5  0  0  0  0  -2  0  0  0  0  0  0  0  0  -0.33  -1               200 000
32219869 Rafkin Ruben 5  1  1  2  0  0  0  0  0  17  2  1  0  4  -3  0  0  0  1  0  0  0  0  7.20  36               255 000
30893766 Viro Eemil 10  0  3  3  0  0  0  0  0  19  3  0  0  9  -7  6  0  0  0  0  1  0  0  5.30  53               260 000
Assat
60476673 Borgman Andreas 12  2  4  6  0  0  0  0  0  80  0  0  0  7  -5  20  0  0  0  0  0  5  0  10.50  126               395 000
29936715 Kotkansalo Kasper 12  0  1  1  0  0  0  0  0  35  4  0  1  3  -8  16  0  0  0  0  0  0  0  1.92  23               240 000
30984675 Matinmikko Aleksi 3  0  0  0  0  0  0  0  0  6  2  0  0  1  0  2  0  0  0  0  0  0  0  3.00  9               215 000
33424682 Maatta Rami 0  0  0  0  0  0  0  0  0  0  0  0  0  0  0  0  0  0  0  0  0  0  0  0  0               180 000
31209498 Niemelainen Markus 11  0  3  3  0  0  0  0  0  19  8  1  0  10  -8  31  0  1  0  0  0  0  1  4.73  52               250 000
29782985 Peltomaki Niklas 12  0  1  1  0  0  0  0  0  22  2  0  0  4  -5  4  0  0  0  0  2  0  0  2.67  32               230 000
60351426 Stenqvist Jakob 12  4  6  10  0  0  0  2  0  39  1  0  0  18  -10  4  0  1  0  0  0  0  0  11.33  136               385 000
25381270 Vainio Olli 11  2  2  4  0  0  0  0  0  48  1  0  0  3  -10  2  0  0  0  0  0  0  0  4.45  49               260 000
24177621 Varttinen Aleksi 3  0  0  0  0  0  0  0  0  4  0  0  0  0  -1  0  0  0  0  0  0  0  0  0.00  0               205 000
28504481 Vuorisalo Teemu 8  0  1  1  0  0  0  0  0  14  2  0  0  3  -4  12  0  0  0  0  0  0  0  1.88  15               220 000
29065479 Walli Juuso 2  0  0  0  0  0  0  0  0  3  4  0  0  0  0  0  0  0  0  0  0  0  0  2.50  5               210 000
HIFK
ID Hyokkaaja O M S P AVM AVS VM TM JA L B ALV ALH + - JM OR X XX XXX KL ELP NL LPP/O LPP Arvo
28019536 And Terry 5  0  0  0  0  0  0  0  0  5  0  0  0  0  -2  2  0  0  0  0  0  0  0  0.80  4           215 000
60472481 Bemstrom Emil 12  7  5  12  0  0  0  1  2  70  0  0  0  6  -6  2  0  0  0  2  1  1  0  10.42  125           430 000
60455677 Broadhurst Alexander 12  0  10  10  0  0  0  0  0  25  0  96  79  7  -8  6  0  0  0  0  0  0  1  6.33  76           345 000
60347997 Dyk Sebastian 12  0  6  6  0  0  0  0  0  71  4  0  1  7  -7  2  0  1  0  0  0  0  1  6.33  76           375 000
34231735 Hede Elis 9  1  2  3  0  0  0  0  0  11  1  0  0  5  -4  4  0  0  0  0  0  0  0  3.67  33           225 000
29735822 Heljanko Rasmus 0  0  0  0  0  0  0  0  0  0  0  0  0  0  0  0  0  0  0  0  0  0  0  0  0           200 000
30345845 Jaaska Juha 4  0  0  0  0  0  0  0  0  6  0  0  0  1  -1  0  0  0  0  0  0  0  0  1.25  5           225 000
24555418 Keranen Juho 7  1  1  2  0  0  0  0  0  9  3  16  14  3  -5  4  0  0  0  0  0  0  0  3.71  26           235 000
28577104 Koivula Otto 7  2  3  5  0  0  0  0  0  8  2  36  43  2  -4  0  0  0  0  0  0  0  0  4.00  28           340 000
22393300 Leskinen Ville 0  0  0  0  0  0  0  0  0  0  0  0  0  0  0  0  0  0  0  0  0  0  0  0  0           385 000
31261902 Lundell Anton 10  8  2  10  0  0  2  0  0  56  0  96  114  9  -7  2  0  1  0  2  0  6  4  12.50  125           440 000
28745305 Luoto Joona 12  3  2  5  0  1  0  0  0  44  3  0  0  8  -9  2  0  0  0  0  0  1  0  5.50  66           300 000
31425081 Myllyla Wiljami 0  0  0  0  0  0  0  0  0  0  0  0  0  0  0  0  0  0  0  0  0  0  0  0  0           185 000
29615777 Nordgren Niklas 0  0  0  0  0  0  0  0  0  0  0  0  0  0  0  0  0  0  0  0  0  0  0  0  0           220 000
25012824 Petrell Lennart 0  0  0  0  0  0  0  0  0  0  0  0  0  0  0  0  0  0  0  0  0  0  0  0  0           215 000
25630280 Saarinen Jesse 9  0  4  4  0  0  0  0  0  21  1  0  0  5  -3  0  0  0  0  0  0  0  0  4.11  37           305 000
23165391 Sallinen Jere 12  6  5  11  1  0  2  0  0  49  1  30  30  7  -8  6  0  0  1  2  2  0  0  9.83  118           400 000
23349227 Suomela Antti 3  0  0  0  0  0  0  0  0  13  1  21  26  1  -4  4  0  0  0  0  0  1  0  3.33  10           380 000
23394612 Tallberg Teemu 1  0  0  0  0  0  0  0  0  4  0  0  0  1  -1  0  0  0  0  0  0  0  0  3.00  3           230 000
29837610 Vayrynen Teemu 9  1  1  2  0  0  0  0  0  10  2  0  2  2  -4  6  0  0  0  0  0  0  0  2.67  24           230 000
30707373 Vaananen Miro 11  0  0  0  0  0  0  0  0  12  0  49  55  2  -4  2  0  1  0  0  0  0  1  1.18  13           220 000
23793763 Asten Micke-Max 2  0  0  0  0  0  0  0  0  2  0  0  0  0  -2  2  0  0  0  0  0  0  0  1.00  2           210 000
HPK
21742871 Ikonen Juuso 11  2  6  8  0  0  0  0  0  36  1  48  54  7  -7  4  0  0  0  0  0  0  0  5.91  65           345 000
29690417 Innala Jere 11  7  3  10  0  0  1  0  0  62  2  0  0  7  -12  8  0  1  1  2  1  1  0  10.45  115           390 000
30013562 Jokinen Jere 2  0  0  0  0  0  0  0  0  0  0  0  0  0  -1  0  0  0  0  0  0  0  0  -0.50  -1           200 000
21870028 Kainulainen Harri 11  1  0  1  0  0  0  0  0  23  1  7  3  0  -6  0  0  0  0  0  0  0  0  1.55  17           230 000
27775017 Kanninen Henri 10  1  3  4  0  1  0  0  0  21  6  25  23  4  -4  22  0  0  1  0  0  0  0  3.60  36           235 000
33388168 Kombe Kristjan 9  0  0  0  0  0  0  0  0  5  1  0  0  0  -3  4  0  0  0  0  0  0  0  0.78  7           215 000
24540847 Kontiola Petri 11  1  12  13  0  0  0  0  0  34  4  134  105  6  -9  6  0  0  2  2  0  0  2  9.82  108           405 000
24769356 Lahtela Mikko 11  0  0  0  0  0  0  0  0  8  0  44  40  2  -6  0  0  0  0  0  1  0  0  0.73  8           220 000
22504856 Mankinen Jesse 5  0  0  0  0  0  0  0  0  15  0  0  0  0  -2  0  0  0  0  0  0  0  0  1.20  6           290 000
24876676 Monto Joona 11  1  3  4  0  0  0  0  0  13  4  1  5  7  -6  4  0  0  0  0  0  0  0  3.73  41           255 000
32675788 Makiaho Daniel 6  0  0  0  0  0  0  0  0  1  0  0  0  1  -2  0  0  0  0  0  0  0  0  0.17  1           205 000
22671530 Nenonen Markus 11  3  2  5  0  0  0  0  0  57  3  0  0  7  -6  2  0  0  0  0  2  0  0  6.82  75           350 000
29859533 Puustinen Valtteri 5  2  4  6  0  0  1  0  0  22  1  0  0  6  -4  2  0  0  0  0  0  0  0  10.60  53           375 000
23097498 Ruokonen Miro 9  1  0  1  0  0  0  1  0  12  2  0  0  1  -4  4  0  0  0  0  0  0  1  2.22  20           225 000
30013384 Seppala Erkka 0  0  0  0  0  0  0  0  0  0  0  0  0  0  0  0  0  0  0  0  0  0  0  0  0           195 000
28506900 Tikka Tommi 11  2  2  4  1  0  0  0  0  24  4  102  81  3  -7  30  0  0  0  0  0  0  1  4.45  49           270 000
29885743 Vesalainen Kristian 2  2  1  3  0  0  0  0  0  14  1  0  0  2  -1  2  0  0  1  0  2  1  0  18.50  37           455 000
Ilves
29446865 Antonen Joose 9  3  3  6  0  0  1  0  0  15  2  0  0  6  -2  0  0  0  0  0  0  0  0  6.00  54           330 000
60487873 Hayton Barrett 1  0  1  1  0  0  0  0  0  3  0  8  7  1  0  0  0  0  0  0  0  0  0  9.00  9           390 000
29554508 Ikonen Joni 0  0  0  0  0  0  0  0  0  0  0  0  0  0  0  0  0  0  0  0  0  0  0  0  0           235 000
29028513 Ikonen Joona 9  2  3  5  0  0  0  0  0  22  6  0  1  4  -4  4  0  0  0  0  0  0  1  5.67  51           290 000
32464892 Jarventie Roby 12  5  6  11  0  0  2  0  0  37  2  0  0  11  -1  4  0  0  2  0  0  0  0  9.17  110           335 000
24235741 Koppanen Joona 2  0  0  0  0  0  0  0  0  3  0  16  15  2  0  0  0  0  0  0  0  0  0  3.50  7           340 000
28730556 Lepaus Teemu 7  2  1  3  0  0  0  0  0  15  0  18  23  3  -2  2  0  0  0  0  0  0  0  4.14  29           235 000
30735248 Maccelli Matias 12  5  7  12  0  0  1  0  0  34  1  0  2  10  -4  4  0  1  1  0  0  0  0  8.50  102           380 000
26590031 Meskanen Ville 12  5  2  7  0  0  2  0  0  61  3  0  0  6  -4  2  0  0  0  0  1  0  0  7.50  90           360 000
24880895 Mieho Panu 9  2  4  6  0  0  0  0  0  17  5  37  52  6  -3  4  0  0  0  0  0  0  0  5.67  51           250 000
31905381 Nalli Miro 12  1  5  6  0  1  0  0  0  10  7  0  1  10  -6  2  0  1  0  0  0  0  0  4.75  57           240 000
31803661 Pakkila Eetu 8  2  2  4  0  0  0  0  0  17  0  0  0  5  -5  0  0  0  1  0  0  0  1  5.00  40           245 000
60460725 Roman Ondrej 11  1  3  4  0  0  0  0  0  27  0  72  74  7  -3  0  0  0  0  0  0  0  0  4.36  48           265 000
25153974 Ruotsalainen Arttu 12  9  6  15  3  0  1  0  0  50  1  142  159  11  -4  6  0  1  2  1  1  0  1  12.83  154           435 000
30687613 Saarela Antti 12  2  5  7  0  0  0  0  0  14  0  27  45  9  -7  2  0  0  0  0  0  0  0  4.17  50           230 000
23351053 Suomi Eemeli 12  1  10  11  0  1  0  0  0  38  3  1  1  10  -6  2  0  0  0  2  0  0  0  7.83  94           370 000
30039025 Vainionpaa Samuli 6  0  1  1  0  0  0  0  0  6  1  22  40  3  -1  4  0  0  0  0  0  0  0  2.33  14           210 000
25443752 Vartiainen Taavi 0  0  0  0  0  0  0  0  0  0  0  0  0  0  0  0  0  0  0  0  0  0  0  0  0           210 000
Jukurit
60483742 Abramov Vitalii 6  5  2  7  0  0  1  0  1  37  0  4  1  4  -3  2  0  0  2  1  0  3  2  14.83  89           420 000
60466256 Afanasyev Kristian 8  2  0  2  0  0  0  0  0  25  0  3  1  1  -4  2  0  0  1  0  0  0  0  3.63  29           250 000
21600081 Henritius Teemu 10  0  0  0  0  0  0  0  0  9  1  73  76  5  -8  0  0  0  0  0  0  0  0  0.80  8           215 000
30851669 Huttunen Heikki 6  0  0  0  0  0  0  0  0  7  1  0  0  1  -2  0  0  0  0  0  0  0  1  1.17  7           210 000
24174051 Leskinen Ville 8  0  3  3  0  0  0  0  0  10  1  0  0  2  -5  8  0  0  0  0  0  0  0  3.38  27           245 000
22483058 Lofman Anssi 10  0  1  1  0  0  0  0  0  7  0  77  78  0  -8  4  0  0  0  0  0  0  0  0.50  5           225 000
30667484 Matikainen Kalle 0  0  0  0  0  0  0  0  0  0  0  0  0  0  0  0  0  0  0  0  0  0  0  0  0           180 000
24064653 Makinen Otto 9  1  3  4  0  0  1  0  0  7  1  39  42  2  -3  0  0  1  0  0  0  0  0  2.78  25           240 000
30712591 Nikkanen Henri 7  1  3  4  0  0  0  0  0  15  0  75  68  1  -5  0  0  0  2  0  0  0  2  5.00  35           265 000
22895620 Piitulainen Jesper 10  2  1  3  0  0  0  0  0  29  2  0  0  1  -13  0  0  0  0  0  0  0  0  2.40  24           235 000
22936754 Pulkkinen Teemu 9  2  1  3  0  0  0  0  0  18  1  0  0  3  -5  0  0  0  0  0  0  0  0  3.22  29           245 000
60466216 Rohdin Joachim 10  0  1  1  0  0  0  0  0  22  1  4  4  2  -7  2  0  0  0  0  0  0  1  2.00  20           260 000
23155013 Saha Mikael 5  0  0  0  0  0  0  0  0  5  3  5  13  0  -1  4  0  0  0  0  1  0  0  1.40  7           215 000
60466255 Stransky Simon 10  0  5  5  0  0  0  0  0  34  0  0  0  3  -7  0  0  0  0  0  0  0  0  3.90  39           250 000
23702275 Vahatalo Julius 10  0  1  1  0  0  0  0  0  4  4  6  9  1  -4  6  0  0  0  0  0  0  0  1.40  14           220 000
JYP
34428467 Helenius Samuel 11  4  1  5  2  0  0  0  0  22  1  57  80  5  -7  33  0  2  0  1  0  0  0  4.64  51           235 000
24466950 Immonen Jarkko 11  0  2  2  0  0  0  0  0  52  0  134  94  5  -7  6  0  1  0  0  1  0  0  5.55  61           355 000
30575699 Kalajanniska Oskari 2  0  0  0  0  0  0  0  0  2  0  0  0  0  -2  0  0  0  0  0  0  0  0  -0.50  -1           200 000
24641005 Kalapudas Antti 11  0  0  0  0  0  0  0  0  30  0  46  64  4  -5  6  0  0  0  0  0  0  0  1.91  21           225 000
27772764 Lahtinen Severi 11  1  6  7  0  0  1  0  0  26  2  0  0  6  -6  6  0  1  1  0  0  0  0  5.82  64           265 000
34367447 Lambert Brad 11  2  1  3  0  0  0  0  0  25  0  2  4  6  -5  2  0  2  0  0  0  0  3  4.27  47           255 000
24811398 Louhivaara Ossi 0  0  0  0  0  0  0  0  0  0  0  0  0  0  0  0  0  0  0  0  0  0  0  0  0           230 000
40102012 Puistola Patrik 11  2  1  3  0  0  1  0  0  18  4  0  0  6  -4  0  0  0  0  0  0  0  0  3.82  42           260 000
33373610 Rooba Robert 11  3  1  4  0  0  1  0  0  43  0  0  0  4  -7  6  0  0  0  0  0  0  0  4.91  54           270 000
23181087 Salmio Mikko 10  0  3  3  0  0  0  0  0  12  3  0  0  4  -6  2  0  0  0  0  0  0  0  2.60  26           230 000
29937251 Siikanen Patrik 5  0  0  0  0  0  0  0  0  5  1  1  2  0  -1  0  0  0  0  0  0  0  0  0.40  2           210 000
27355408 Siikonen Miska 11  3  3  6  0  0  0  0  1  25  2  103  81  8  -5  0  0  0  1  1  0  0  0  6.64  73           330 000
23505155 Tuppurainen Jani 11  3  2  5  0  0  0  0  0  39  5  1  0  4  -7  8  0  1  0  1  0  0  1  6.18  68           345 000
27647886 Turkulainen Jerry 11  2  4  6  1  0  0  0  0  21  5  0  0  6  -5  0  0  1  0  0  0  0  0  5.45  60           300 000
31927592 Valkeejarvi Samuel 6  0  0  0  0  0  0  0  0  3  2  0  0  1  -2  0  0  0  0  0  0  0  1  1.17  7           195 000
KalPa
40291921 Aaltonen Leevi 8  0  1  1  0  0  0  0  0  17  0  0  0  2  -2  4  0  0  0  0  0  0  1  2.75  22           225 000
21673131 Humaloja Miska 5  0  0  0  0  0  0  0  0  5  3  30  31  2  0  27  0  0  0  0  0  0  0  0.80  4           215 000
32306811 Immonen Severi 3  0  0  0  0  0  0  0  0  0  1  12  12  0  0  4  0  0  0  0  0  0  0  1.67  5           205 000
21804861 Jokinen Tommi 7  0  2  2  0  0  0  0  0  6  1  0  0  1  0  2  0  0  0  0  0  0  0  2.57  18           230 000
28576383 Kantola Kai 8  4  0  4  0  0  0  0  0  27  1  16  13  5  -4  0  0  1  0  0  0  0  0  5.88  47           330 000
27471447 Klemetti Aleksi 8  3  4  7  0  0  1  0  0  21  0  0  0  9  -1  6  0  0  0  1  0  0  0  9.25  74           360 000
28570745 Knuutinen Henri 0  0  0  0  0  0  0  0  0  0  0  0  0  0  0  0  0  0  0  0  0  0  0  0  0           200 000
31110600 Korhonen Benjamin 3  0  1  1  0  0  0  0  0  5  0  0  0  2  0  0  0  0  0  0  0  0  1  4.33  13           230 000
24226640 Kononen Juuso 8  0  1  1  0  0  0  0  0  17  1  0  0  3  -2  4  0  0  0  0  0  0  0  2.75  22           235 000
22464239 Luostarinen Eetu 8  4  7  11  0  0  2  0  0  23  2  61  52  11  -4  0  0  1  1  1  0  0  0  12.50  100           410 000
25057054 Pitkanen Miikka 8  2  8  10  0  0  1  0  0  27  0  0  0  7  -3  4  0  0  2  0  0  1  0  10.38  83           375 000
25663901 Ruuttu Alexander 5  2  2  4  0  0  0  0  0  15  0  5  3  7  -2  4  0  0  0  0  0  0  0  9.20  46           345 000
29969041 Rasanen Aapeli 8  2  3  5  0  0  0  0  0  10  1  77  76  6  -3  4  0  0  0  0  0  0  0  5.75  46           325 000
34250949 Sebok Balazs 8  0  3  3  0  0  0  0  0  19  0  38  42  6  -4  6  0  0  0  0  0  0  2  4.88  39           285 000
30729937 Suhonen Pekka 0  0  0  0  0  0  0  0  0  0  0  0  0  0  0  0  0  0  0  0  0  0  0  0  0           180 000
25345944 Vartiainen Tuomas 8  2  3  5  0  0  1  0  0  22  0  0  0  5  -1  6  0  1  0  0  0  0  0  7.00  56           270 000
KooKoo
21292664 Ainali Aleksi 10  1  4  5  0  0  0  0  0  33  1  93  69  6  -4  2  0  0  0  0  0  1  0  5.90  59           300 000
29783858 Bjorkqvist Kasper 10  4  5  9  0  0  1  0  0  41  3  1  2  10  -4  8  0  0  0  2  0  0  0  10.10  101           400 000
29695519 Engberg Teemu 10  0  2  2  0  0  0  0  0  15  1  2  1  5  -1  2  0  0  0  1  0  0  0  3.40  34           235 000
21440937 Friberg Jere 4  0  1  1  0  0  0  0  0  3  0  17  20  1  -2  0  0  0  0  0  0  0  0  1.00  4           210 000
60342516 Gallo Vilmos 10  3  3  6  0  0  0  0  0  37  1  0  0  8  -5  6  0  0  2  0  0  0  0  7.30  73           345 000
100033523 Karlsson Erik 10  2  1  3  0  0  0  0  0  16  1  37  56  4  0  2  0  0  0  0  0  0  1  3.30  33           240 000
22051338 Koivisto Kimi 7  1  0  1  0  0  1  0  0  16  0  8  32  1  -4  4  0  1  0  0  1  0  0  2.00  14           220 000
60342514 Mingoia Trevor 10  5  3  8  0  0  1  0  0  44  2  1  1  10  -7  2  0  1  0  1  0  0  0  8.80  88           370 000
40172010 Oden Joonas 9  1  2  3  0  0  1  0  0  22  0  1  0  3  -1  2  0  0  0  0  0  0  3  4.78  43           270 000
24962616 Ojantakanen Kasperi 8  1  1  2  0  0  0  0  0  11  0  14  17  3  -1  2  0  1  0  0  0  0  0  3.25  26           230 000
23770029 Oksanen Ahti 10  4  3  7  1  0  0  0  0  64  2  17  18  9  -7  10  0  1  0  0  3  0  0  10.60  106           390 000
60348367 Platzer Kyle 9  3  4  7  0  0  1  0  0  31  0  87  88  9  -8  2  0  1  0  1  0  2  0  8.33  75           375 000
28967947 Ratinen Samuli 4  1  1  2  0  0  0  0  0  5  0  0  0  2  0  0  0  0  0  0  0  0  1  5.00  20           230 000
24153195 Suuronen Toni 10  0  2  2  0  0  0  0  0  14  4  0  2  3  -4  4  0  0  0  0  0  0  0  2.50  25           215 000
Karpat
24406130 Hermonen Julius 5  1  0  1  0  0  1  0  0  8  0  0  0  2  -2  6  0  0  0  0  0  0  0  4.20  21           225 000
24474272 Jokinen Jussi 8  3  3  6  0  0  0  0  0  19  3  13  14  2  -1  2  0  0  0  0  0  0  0  6.13  49           320 000
31329598 Jarvitalo Tommi 0  0  0  0  0  0  0  0  0  0  0  0  0  0  0  0  0  0  0  0  0  0  0  0  0           180 000
21940848 Karvinen Otto 8  3  1  4  0  1  1  0  0  17  3  1  0  8  -4  4  0  1  0  1  0  0  3  8.38  67           255 000
40245614 Koblizek Radek 8  1  3  4  0  0  0  0  0  20  2  0  0  1  -8  0  0  0  0  0  0  0  0  3.25  26           300 000
28727446 Koskenkorva Jesse 1  0  1  1  0  0  0  0  0  1  0  6  5  1  0  0  0  0  0  0  0  0  0  8.00  8           220 000
40106629 Kristof Michal 8  1  5  6  1  0  0  0  0  16  2  49  47  5  -2  2  0  0  1  0  1  0  0  6.88  55           325 000
100027950 Kunyk Cody 8  2  4  6  1  0  1  0  0  31  0  100  79  8  -4  2  0  1  0  0  0  1  0  9.50  76           405 000
28548308 Kuokkanen Janne 8  1  2  3  0  0  0  0  0  15  1  2  1  3  -6  0  0  0  0  0  0  0  0  3.13  25           310 000
28489001 Metsavainio Tino 4  0  0  0  0  0  0  0  0  2  1  15  14  1  -5  0  0  0  0  0  0  0  0  -0.25  -1           220 000
22598901 Mustonen Aleksi 8  1  1  2  0  0  0  0  0  21  1  43  40  1  -3  0  0  0  0  0  0  0  0  3.13  25           250 000
27833056 Puljujarvi Jesse 8  5  2  7  0  0  1  0  0  43  2  0  0  8  -4  6  0  0  1  1  0  3  0  11.88  95           460 000
25013577 Pyorala Mika 8  2  5  7  0  1  0  0  0  23  3  1  1  7  -4  2  0  1  0  0  0  0  0  7.75  62           375 000
31899057 Raty Aatu 4  2  0  2  0  0  0  0  0  6  0  15  18  2  -2  0  0  0  0  0  0  0  0  4.00  16           230 000
31762087 Raty Aku 1  0  0  0  0  0  0  0  0  0  0  0  0  0  -1  0  0  0  0  0  0  0  0  -1.00  -1           230 000
25589140 Sailio Jari 8  0  4  4  0  0  0  0  0  10  1  1  0  8  -2  10  0  0  0  0  0  0  0  6.00  48           245 000
32558931 Tieksola Tuukka 0  0  0  0  0  0  0  0  0  0  0  0  0  0  0  0  0  0  0  0  0  0  0  0  0           195 000
34133817 Tuomaala Samu 1  0  0  0  0  0  0  0  0  2  1  0  0  0  0  0  0  0  0  0  0  0  0  2.00  2           185 000
Lukko
34399525 Arrak Robert 0  0  0  0  0  0  0  0  0  0  0  0  0  0  0  0  0  0  0  0  0  0  0  0  0           185 000
60453964 Audette Daniel 11  2  6  8  0  0  1  0  0  37  2  61  89  13  -8  4  0  0  0  0  0  0  0  6.82  75           335 000
21499603 Hakulinen Anrei 9  3  4  7  0  0  0  0  0  27  3  0  3  9  -4  6  0  0  1  0  0  0  0  8.11  73           375 000
24546935 Koivisto Toni 10  2  2  4  0  0  0  0  0  12  1  0  0  5  -2  2  0  0  1  0  0  0  0  4.10  41           245 000
23889127 Koivistoinen Eetu 11  7  5  12  1  0  1  0  0  36  4  110  93  9  -2  2  0  1  0  1  0  0  0  10.91  120           395 000
22396653 Liedes Heikki 11  0  1  1  0  0  0  0  0  14  0  58  60  5  -2  0  0  1  0  0  0  0  2  2.36  26           225 000
28696292 Mattila Julius 11  1  2  3  0  0  0  0  0  17  1  76  72  6  -10  2  0  0  0  0  0  0  1  3.27  36           235 000
30682391 Nyman Linus 11  0  2  2  0  0  0  0  0  15  1  0  0  6  -3  4  0  0  0  0  0  0  0  3.00  33           230 000
31903545 Petman Mikko 11  2  1  3  0  0  0  0  0  17  0  1  0  4  -1  0  0  0  0  0  0  0  0  3.27  36           230 000
60348452 Pospisil Kristian 9  3  6  9  1  0  0  0  0  45  2  0  0  6  -4  6  0  1  0  0  3  0  0  10.44  94           400 000
25139587 Repo Sebastian 11  2  4  6  0  1  1  0  0  40  4  0  0  9  -7  4  0  0  0  0  1  1  0  7.00  77           340 000
24178578 Ruotsi Jesse 0  0  0  0  0  0  0  0  0  0  0  0  0  0  0  0  0  0  0  0  0  0  0  0  0           190 000
27023853 Saarela Aleksi 11  8  1  9  0  0  3  0  0  52  2  15  7  12  -7  0  0  1  0  3  1  0  0  10.91  120           425 000
60453523 Skalicky Pavol 11  3  6  9  0  0  0  0  0  23  2  5  5  8  -4  16  0  0  0  1  0  0  5  7.82  86           325 000
25461491 Tammela Jonne 11  2  3  5  0  0  1  0  0  36  2  0  0  8  -8  4  0  0  0  0  0  1  0  5.73  63           275 000
32294910 Ylitalo Niklas 2  0  0  0  0  0  0  0  0  1  0  0  0  0  0  0  0  0  0  0  0  0  0  0.50  1           200 000
Pelicans
24290689 Bjorninen Hannes 11  4  6  10  0  0  0  0  0  36  2  151  102  9  -3  2  0  1  1  0  1  0  0  9.73  107           390 000
60462332 Cerveny Rudolf 11  5  4  9  0  0  0  0  0  28  0  40  67  4  -8  0  0  0  0  0  0  0  1  5.27  58           290 000
31275998 Forslund Alexander 0  0  0  0  0  0  0  0  0  0  0  0  0  0  0  0  0  0  0  0  0  0  0  0  0           175 000
25646106 Gymer Frank 3  0  0  0  0  0  0  0  0  4  0  0  0  0  -2  0  0  0  0  0  0  0  0  0.33  1           215 000
30636693 Haatanen Aleks 7  0  2  2  0  0  0  0  0  8  1  0  0  3  -4  0  0  0  1  0  0  0  0  2.71  19           225 000
31809869 Heikkila Juuso 0  0  0  0  0  0  0  0  0  0  0  0  0  0  0  0  0  0  0  0  0  0  0  0  0           180 000
29658365 Hamalainen Sakke 11  2  2  4  1  0  1  0  0  20  2  54  76  2  -5  0  0  0  1  0  0  0  0  3.18  35           230 000
24650025 Kangasniemi Iikka 11  4  6  10  0  0  2  0  0  25  0  0  0  8  -3  12  0  0  0  1  0  0  0  8.73  96           380 000
29061253 Kerkkanen Joel 0  0  0  0  0  0  0  0  0  0  0  0  0  0  0  0  0  0  0  0  0  0  0  0  0           190 000
40311015 Lasch Ryan 10  1  12  13  0  0  0  0  0  29  0  0  0  5  -8  2  0  0  0  2  0  1  0  8.30  83           415 000
29798827 Merela Waltteri 11  0  5  5  0  0  0  0  0  25  5  0  0  8  -3  31  0  0  1  0  1  0  3  5.36  59           280 000
24916798 Nieminen Otto 3  0  0  0  0  0  0  0  0  2  0  0  0  0  -3  0  0  0  0  0  0  0  0  -0.67  -2           210 000
23075106 Roine Miika 11  1  3  4  0  1  0  0  0  20  10  0  0  2  -5  0  0  0  0  0  0  0  0  3.45  38           245 000
25618516 Saarelainen Miro-Pekka 5  0  0  0  0  0  0  0  0  3  2  0  0  1  -3  0  0  0  0  0  0  0  1  1.20  6           215 000
25567120 Somppi Otto 0  0  0  0  0  0  0  0  0  0  0  0  0  0  0  0  0  0  0  0  0  0  0  0  0           290 000
25458802 Tanus Jonatan 9  4  0  4  0  0  0  0  0  15  1  0  0  7  -5  0  0  1  0  0  0  0  0  4.89  44           260 000
27847136 Toivola Artturi 10  2  1  3  1  0  0  0  0  20  1  51  39  5  -8  8  0  0  0  0  0  0  0  5.00  50           255 000
30010552 Tukiainen Leevi 0  0  0  0  0  0  0  0  0  0  0  0  0  0  0  0  0  0  0  0  0  0  0  0  0           210 000
23521841 Tyrvainen Antti 11  1  1  2  0  1  0  0  0  17  6  5  9  2  -7  4  0  0  0  0  0  0  0  2.45  27           235 000
60434669 Vrhel Stanislav 0  0  0  0  0  0  0  0  0  0  0  0  0  0  0  0  0  0  0  0  0  0  0  0  0           190 000
29937154 Ylonen Jesse 11  2  1  3  0  0  1  0  0  41  1  0  0  2  -5  8  0  0  0  0  0  0  2  4.82  53           285 000
SaiPa
27776919 Iso-Mustajarvi Tomi 3  0  0  0  0  0  0  0  0  0  0  0  0  0  0  4  0  0  0  0  0  0  0  1.33  4           210 000
21878800 Kaksonen Elmeri 10  4  1  5  0  0  2  0  0  31  5  1  5  3  -9  4  0  0  0  0  0  0  0  5.30  53           265 000
24570406 Koskiranta Jarno 10  0  4  4  0  0  0  0  0  24  1  117  93  3  -6  2  0  0  0  0  0  1  0  4.30  43           325 000
40432227 Krivosik Filip 8  1  2  3  0  0  0  0  0  20  2  0  0  1  -4  2  0  0  0  0  0  0  0  3.63  29           245 000
24779032 Lantta Jaakko 10  1  1  2  0  0  0  0  0  28  4  29  29  3  -9  4  0  0  0  0  0  0  0  3.00  30           235 000
32569153 Loimaranta Veikko 8  1  3  4  0  0  0  0  0  4  1  17  21  3  -4  0  0  0  0  1  0  0  0  3.13  25           235 000
32780178 Mantykivi Matias 10  0  3  3  0  0  0  0  0  13  2  0  1  2  -8  2  0  0  1  0  0  0  0  2.20  22           225 000
22710462 Nikko Joni 8  0  2  2  0  0  0  0  0  22  1  0  0  5  -7  4  0  0  0  0  1  0  0  4.00  32           255 000
30728763 Ojantakanen Valtteri 0  0  0  0  0  0  0  0  0  0  0  0  0  0  0  0  0  0  0  0  0  0  0  0  0           190 000
31779229 Petman Ville 10  0  0  0  0  0  0  0  0  9  3  14  15  1  -5  2  0  0  0  0  0  0  0  1.00  10           225 000
29859517 Piipponen Topi 8  2  0  2  0  0  0  0  0  5  1  0  1  3  -2  0  0  1  0  0  0  0  0  2.63  21           230 000
23137280 Saari Micke 10  0  0  0  0  0  0  0  0  9  2  52  51  0  -5  6  0  0  0  0  0  0  0  0.80  8           215 000
23555503 Vainikainen Ville 10  0  0  0  0  0  0  0  0  14  2  0  0  0  -3  27  0  0  0  0  0  0  0  0.10  1           205 000
30356928 Virtanen Santeri 10  1  1  2  0  0  0  0  0  18  1  56  91  2  -7  2  0  0  0  0  0  0  1  1.10  11           220 000
40315414 Zaborsky Tomas 10  3  4  7  0  0  0  0  0  53  2  0  0  4  -8  4  0  0  1  0  0  0  0  7.00  70           350 000
Sport
21345676 Asplund Turo 9  1  0  1  0  0  0  0  0  19  8  83  47  1  -4  2  0  0  0  0  0  0  0  4.22  38           260 000
29864256 Erholtz Eemil 9  0  0  0  0  0  0  0  0  26  1  0  0  1  -5  2  0  0  0  0  0  0  0  1.78  16           225 000
30936623 Haarala Santeri 4  1  0  1  0  0  0  0  0  8  1  5  4  0  -2  0  0  0  0  0  0  0  0  2.75  11           235 000
31411901 Heikkinen Lari 0  0  0  0  0  0  0  0  0  0  0  0  0  0  0  0  0  0  0  0  0  0  0  0  0           190 000
29551488 Kuiri Niko 0  0  0  0  0  0  0  0  0  0  0  0  0  0  0  0  0  0  0  0  0  0  0  0  0           200 000
22441087 Liuksiala Juho 8  1  0  1  0  0  0  0  0  18  1  0  0  1  -3  0  0  0  0  1  0  0  1  2.50  20           225 000
22450515 Lucenius Niclas 8  0  2  2  0  0  0  0  0  16  1  48  51  2  -6  2  0  0  0  0  1  0  0  2.38  19           250 000
24230814 Paukku Jesse 9  3  3  6  0  0  1  0  0  12  6  0  1  8  -5  2  0  0  0  0  0  0  0  6.33  57           290 000
23064609 Riska Erik 9  0  2  2  0  0  0  0  0  14  2  0  0  3  -4  8  0  0  0  0  0  0  0  3.22  29           230 000
25116157 Riska Filip 9  0  0  0  0  0  0  0  0  10  4  69  46  2  -3  2  0  0  0  0  0  0  0  2.11  19           220 000
60454974 Stalberg Sebastian 9  4  4  8  0  0  0  1  0  40  5  38  33  9  -5  4  0  0  0  1  0  1  0  9.78  88           375 000
25651492 Suoranta Simon 9  1  2  3  0  0  1  0  0  18  3  0  1  3  -5  4  0  0  1  0  0  0  1  4.33  39           250 000
25454518 Talaja Roope 8  0  1  1  0  0  0  0  0  26  4  0  0  1  -2  2  0  0  0  0  0  0  0  3.00  24           255 000
27854909 Vidgren Aaro 9  0  0  0  0  0  0  0  0  11  1  0  0  0  -1  2  0  0  0  0  0  0  0  1.00  9           210 000
23669075 Virtanen Jonne 9  2  3  5  0  0  0  0  1  14  7  41  45  8  -3  6  0  0  3  0  0  0  0  7.22  65           305 000
Tappara
34254136 Bertrand Charles 10  1  2  3  0  0  0  0  0  40  2  0  0  3  -6  2  0  1  0  0  0  0  0  4.30  43           335 000
24622477 Kuusela Kristian 10  0  6  6  0  0  0  0  0  42  0  1  1  4  -5  2  0  0  0  0  0  1  0  5.50  55           380 000
22357760 Lehtonen Matias 0  0  0  0  0  0  0  0  0  0  0  0  0  0  0  0  0  0  0  0  0  0  0  0  0           200 000
27746619 Levtchi Anton 10  4  2  6  0  0  1  0  0  17  0  0  0  5  -5  14  0  0  0  1  0  0  0  5.00  50           315 000
32713394 Luoto Oskari 0  0  0  0  0  0  0  0  0  0  0  0  0  0  0  0  0  0  0  0  0  0  0  0  0           175 000
22497989 Malinen Jarkko 10  2  0  2  0  0  0  0  0  11  1  63  71  5  -3  4  0  0  0  0  0  0  0  2.90  29           260 000
29846355 Moilanen Sami 8  2  0  2  0  0  0  0  0  12  4  0  0  2  -5  0  0  0  0  0  0  0  0  2.63  21           230 000
22842712 Peltola Jukka 10  3  3  6  1  0  0  0  0  33  6  1  3  9  -6  0  0  0  2  0  0  0  0  7.30  73           375 000
30821864 Puhakka Petteri 1  0  0  0  0  0  0  0  0  0  0  0  0  0  -2  0  0  0  0  0  0  0  0  -2.00  -2           195 000
25113804 Rauhala Otto 6  1  2  3  0  1  0  0  0  7  1  36  38  3  -4  2  0  0  0  0  0  0  0  4.00  24           235 000
31574013 Simontaival Kasper 4  0  1  1  0  0  0  0  0  5  0  0  0  2  0  2  0  0  0  0  0  0  0  3.25  13           210 000
60455240 Smejkal Jiri 10  5  4  9  0  0  1  0  0  24  3  10  6  8  -9  2  0  0  2  1  0  0  0  8.40  84           360 000
60455241 Spacek Michael 10  3  4  7  0  0  0  1  1  41  1  67  66  6  -6  0  0  0  1  1  2  0  0  7.70  77           340 000
31854445 Tanus Kristian 8  0  1  1  0  0  0  0  0  4  2  27  14  1  -7  0  0  0  0  0  0  0  0  1.25  10           220 000
29942233 Vanhatalo Lassi 3  0  0  0  0  0  0  0  0  3  0  0  0  1  0  2  0  0  0  0  0  0  0  2.00  6           215 000
23597163 Vauhkonen Olavi 10  0  4  4  0  0  0  0  0  22  2  15  9  4  -6  2  0  0  0  0  0  0  0  4.10  41           265 000
28262723 Virta Patrik 10  3  2  5  0  0  1  1  0  34  1  94  74  7  -8  8  0  1  0  1  0  0  0  7.40  74           345 000
TPS
29870486 Haapanen Topias 10  0  3  3  0  0  0  0  0  18  1  0  0  4  -6  0  0  1  0  0  0  0  0  2.70  27           230 000
60455469 Ibragimov Timur 9  4  0  4  0  0  0  0  0  17  0  0  0  5  -5  0  0  1  0  0  0  0  0  4.56  41           250 000
60455471 Iskhakov Ruslan 9  2  3  5  0  0  1  0  1  23  1  34  67  5  -5  4  0  0  0  2  0  0  0  5.44  49           275 000
27706219 Janatuinen Joel 7  1  1  2  1  0  0  1  0  9  6  0  0  2  -3  0  0  0  0  0  0  0  1  4.43  31           235 000
21785090 Jasu Juhani 11  0  2  2  0  0  0  0  0  19  3  124  90  6  -2  14  0  0  0  0  0  1  0  4.27  47           265 000
60455488 Kestner Josh 11  5  5  10  0  0  2  1  0  42  1  0  0  8  -4  4  0  0  0  2  0  0  0  9.27  102           395 000
24674991 Korpikoski Lauri 11  3  8  11  0  0  1  0  0  29  3  0  1  6  -5  6  0  0  0  1  0  0  0  7.82  86           360 000
23837263 Kuru Hannu 5  0  0  0  0  0  0  0  0  4  3  1  2  1  -2  0  0  0  0  0  0  0  0  1.00  5           210 000
40003574 Liukas Eetu 5  0  0  0  0  0  0  0  0  5  0  0  0  0  -1  0  0  0  0  0  0  0  0  0.40  2           200 000
29991637 Nurmi Markus 11  6  3  9  0  0  0  0  0  32  1  1  0  6  -9  2  0  0  0  1  0  0  0  7.09  78           325 000
60455497 Ortega Austin 8  2  2  4  0  0  0  0  0  28  0  0  0  4  -2  2  0  0  1  0  0  0  1  6.13  49           310 000
40005897 Pajuniemi Lauri 4  0  1  1  0  0  0  0  0  16  0  0  0  2  -3  2  0  0  0  0  1  1  0  5.00  20           355 000
32093700 Pyyhtia Mikael 0  0  0  0  0  0  0  0  0  0  0  0  0  0  0  0  0  0  0  0  0  0  0  0  0           185 000
34601569 Parssinen Juuso 11  1  6  7  0  0  0  0  0  32  2  93  102  5  -10  14  0  0  2  0  0  0  0  4.73  52           260 000
32257481 Vaisanen Kalle 0  0  0  0  0  0  0  0  0  0  0  0  0  0  0  0  0  0  0  0  0  0  0  0  0           175 000
60455498 Weinger Evan 7  1  0  1  0  0  0  0  0  19  2  0  0  2  -2  4  0  0  0  0  0  0  3  4.43  31           245 000
23677889 Wirtanen Petteri 11  0  1  1  0  0  0  0  0  12  4  91  59  2  -3  4  0  0  0  0  0  0  0  2.91  32           230 000
Assat
24271404 Appelgren Niklas 12  0  1  1  0  0  0  0  0  19  8  73  100  3  -3  2  0  0  0  0  0  0  0  1.58  19           220 000
32269686 Hirvonen Roni 12  2  2  4  0  0  1  0  0  34  0  72  58  6  -10  8  0  0  0  0  0  0  0  4.58  55           255 000
27852901 Juhola Jouka 2  0  0  0  0  0  0  0  0  3  0  0  2  0  0  2  0  0  0  0  0  0  0  1.50  3           220 000
30561454 Killinen Lenni 0  0  0  0  0  0  0  0  0  0  0  0  0  0  0  0  0  0  0  0  0  0  0  0  0           250 000
22024624 Kivela Niko 4  1  0  1  0  0  0  0  0  6  0  0  0  1  0  2  0  0  0  0  0  0  1  4.00  16           230 000
31165561 Kivenmaki Otto 11  4  7  11  0  0  0  0  0  14  0  0  0  12  -4  8  0  3  0  0  0  0  0  8.55  94           360 000
28976718 Kotkaniemi Jesperi 4  0  0  0  0  0  0  0  0  19  2  33  36  1  -3  0  0  0  0  0  1  1  1  4.25  17           415 000
31639314 Kulmala Lauri 0  0  0  0  0  0  0  0  0  0  0  0  0  0  0  0  0  0  0  0  0  0  0  0  0           200 000
24771797 Laakso Tommi 12  1  0  1  0  0  0  1  0  15  10  0  0  2  -4  4  0  0  0  0  1  0  2  2.83  34           225 000
31421441 Lausniemi Arttu 0  0  0  0  0  0  0  0  0  0  0  0  0  0  0  0  0  0  0  0  0  0  0  0  0           190 000
24808136 Lindsten Jasper 9  1  0  1  0  0  0  0  0  16  0  0  0  2  -3  2  0  0  0  0  0  0  0  2.22  20           225 000
60476693 Merkley Nick 12  4  5  9  0  0  0  0  0  35  0  0  0  12  -9  31  0  0  1  0  0  0  0  6.67  80           325 000
60476677 Meyer Nicolai 11  2  5  7  0  0  0  0  0  36  3  0  0  5  -10  2  0  0  0  0  0  0  0  5.27  58           290 000
30419043 Makinen Atte 12  1  1  2  0  0  0  0  0  26  1  0  0  3  -5  12  0  0  0  0  0  0  0  3.33  40           230 000
27666320 Makinen Miro 12  0  0  0  0  0  0  0  0  18  3  35  51  0  -5  8  0  0  0  0  0  0  0  0.92  11           215 000
22686282 Niemi Mika 5  1  0  1  0  0  0  0  0  4  1  25  46  1  -2  2  0  1  0  0  0  0  0  1.00  5           315 000
28731241 Pihlajamaki Valtteri 0  0  0  0  0  0  0  0  0  0  0  0  0  0  0  0  0  0  0  0  0  0  0  0  0           210 000
23441604 Tiivola Peter 12  3  12  15  0  0  2  0  0  29  2  103  116  15  -7  4  0  0  1  1  0  0  1  9.92  119           385 000
60476674 Wannstrom Sebastian 12  3  2  5  0  0  2  0  0  36  1  1  1  8  -7  2  0  0  1  0  0  0  0  5.42  65           295 000
