HIFK
ID Maalivahti O M S P V H TP TO PM NP JM OR X XX XXX LPP/O LPP Arvo
24288659 Backstrom Niklas 1  0  0  0  0  1  0  26  3  0  0  0  0  0  0  3.00  3               360 000
28890904 Halonen Niilo 0  0  0  0  0  0  0  0  0  0  0  0  0  0  0  0  0               150 000
24185189 Lankinen Kevin 14  0  0  0  6  4  4  321  26  2  0  0  2  3  2  8.79  123               355 000
24880772 Myllyniemi Jere 1  0  0  0  1  0  0  20  2  0  0  0  0  0  0  8.00  8               240 000
ID Puolustaja O M S P AVM AVS VM TM JA L B ALV ALH + - JM OR X XX XXX LPP/O LPP Arvo
21415137 Eronen Teemu 14  3  5  8  0  0  2  0  0  38  2  0  0  9  -6  12  0  3  0  0  7.14  100               350 000
40431556 Finley Joe 13  1  0  1  0  0  1  0  0  18  6  0  0  6  -6  37  0  0  0  1  3.15  41               220 000
40315931 Generous Matt 15  0  1  1  0  0  0  0  0  33  4  0  0  7  -8  53  0  0  0  0  1.73  26               280 000
40310923 Grillfors Daniel 5  0  2  2  0  0  0  0  0  8  2  0  0  3  -5  2  0  0  0  0  4.00  20               275 000
21555770 Heikkinen Eemeli 0  0  0  0  0  0  0  0  0  0  0  0  0  0  0  0  0  0  0  0  0  0               180 000
28843210 Heiskanen Miro 9  1  2  3  0  0  0  0  0  22  1  0  0  5  -4  0  0  0  1  0  4.89  44               300 000
40460715 Hogstrom Marcus 9  0  2  2  0  0  0  0  0  35  4  0  0  7  -5  6  0  0  2  0  6.11  55               300 000
21926286 Karjalainen Miro 0  0  0  0  0  0  0  0  0  0  0  0  0  0  0  0  0  0  0  0  0  0               225 000
24235673 Kaski Oliwer 13  1  2  3  0  0  0  0  0  31  0  0  0  4  -2  0  0  0  0  0  3.69  48               185 000
23167645 Salmela Saku 5  0  0  0  0  0  0  0  0  15  5  7  5  0  -1  0  0  0  0  0  2.60  13               250 000
23170797 Salmi Juuso 15  0  1  1  0  0  0  0  0  22  7  0  1  6  -3  4  0  0  0  0  2.67  40               240 000
23424825 Teppo Miihkali 14  0  2  2  0  0  0  0  0  21  1  0  0  5  -7  6  0  0  0  0  2.43  34               205 000
30692420 Ulander Elias 0  0  0  0  0  0  0  0  0  0  0  0  0  0  0  0  0  0  0  0  0  0               150 000
ID Hyokkaaja O M S P AVM AVS VM TM JA L B ALV ALH + - JM OR X XX XXX LPP/O LPP Arvo
24242404 Aaltonen Juhamatti 13  5  3  8  0  0  1  0  0  72  1  2  0  11  -6  2  0  0  0  2  8.46  110           480 000
40314554 Elkins Corey 16  1  7  8  0  0  0  0  0  35  1  155  97  11  -7  2  0  0  0  1  6.06  97           350 000
27820360 Hintz Roope 14  4  5  9  0  0  1  0  0  48  1  71  71  9  -6  0  0  0  3  0  6.36  89           365 000
30731093 Hamalainen Janne 2  0  0  0  0  0  0  0  0  0  0  0  0  0  0  0  0  0  0  0  0.00  0           160 000
24464062 Ikonen Jasse 12  3  3  6  0  0  0  0  0  31  5  1  1  7  -5  2  0  0  0  0  5.33  64           300 000
40455834 Johansson Mikael 16  4  3  7  0  0  1  0  0  41  1  69  107  10  -9  6  0  0  0  0  4.19  67           350 000
30345845 Jaaska Juha 3  0  0  0  0  0  0  0  0  2  0  0  1  0  -1  0  0  0  0  0  0.00  0           175 000
22366599 Leino Robert 6  0  2  2  0  0  0  0  0  5  0  31  31  1  -1  0  0  0  0  0  1.83  11           260 000
24742742 Levanen Alex 0  0  0  0  0  0  0  0  0  0  0  0  0  0  0  0  0  0  0  0  0  0           175 000
24711621 Luttinen Arttu 13  1  1  2  0  0  0  0  0  27  1  1  1  4  -2  4  0  0  0  0  2.85  37           320 000
24880895 Mieho Panu 2  0  0  0  0  0  0  0  0  0  0  0  0  0  0  2  0  0  0  0  1.00  2           180 000
22756329 Nykopp Thomas 15  1  2  3  0  0  0  0  0  21  5  94  81  2  -4  0  0  0  0  0  2.33  35           285 000
22815419 Partanen Mika 11  1  3  4  0  0  0  0  0  17  2  0  2  5  -6  10  0  0  1  0  4.00  44           315 000
25012824 Petrell Lennart 15  4  2  6  0  0  0  0  0  34  2  1  2  5  -5  4  0  1  1  0  4.40  66           320 000
22953708 Puustinen Juuso 11  1  4  5  0  0  1  0  0  18  0  0  1  4  -5  18  0  0  0  0  3.64  40           300 000
23017821 Rask Joonas 3  1  1  2  0  0  1  0  0  2  1  1  2  2  -1  4  0  0  0  2  8.67  26           340 000
25618516 Saarelainen Miro-Pekka 4  0  1  1  0  0  0  0  0  2  0  0  0  1  -1  0  0  0  0  0  1.50  6           250 000
25500873 Tamminen Henri 8  1  0  1  0  0  0  0  0  12  0  0  0  1  -3  2  0  0  0  0  1.88  15           185 000
23400483 Tamminen Juhani 2  0  0  0  0  0  0  0  0  1  0  2  2  1  0  0  0  0  0  0  1.50  3           160 000
23500545 Tuomisto Tomi 12  0  4  4  0  0  0  0  0  14  0  13  17  5  -4  2  0  0  0  0  2.75  33           230 000
23793763 Asten Micke-Max 11  0  1  1  0  0  0  0  0  10  1  1  1  2  -2  10  0  0  0  0  2.18  24           200 000
HPK
ID Maalivahti O M S P V H TP TO PM NP JM OR X XX XXX LPP/O LPP Arvo
40429481 GrXnstrand Fredrik 0  0  0  0  0  0  0  0  0  0  0  0  0  0  0  0  0               150 000
28944258 Karjalainen Antti 6  0  0  0  2  1  2  111  8  1  0  0  0  0  2  8.33  50               275 000
27828252 Larmi Emil 11  0  0  0  3  4  4  186  26  1  0  0  3  1  0  3.64  40               355 000
29652963 Luukkonen Ukko-Pekka 0  0  0  0  0  0  0  0  0  0  0  0  0  0  0  0  0               215 000
ID Puolustaja O M S P AVM AVS VM TM JA L B ALV ALH + - JM OR X XX XXX LPP/O LPP Arvo
29780877 Almari Niclas 3  1  0  1  0  0  0  0  0  12  0  0  0  4  0  0  0  0  0  0  9.33  28               230 000
21433957 Forsberg Henrik 15  0  2  2  0  0  0  0  0  55  2  0  0  7  -11  8  0  0  0  0  3.53  53               275 000
24155339 Haaranen Matias 1  0  0  0  0  0  0  0  0  1  0  0  0  0  -1  0  0  0  0  0  -1.00  -1               150 000
22346140 Lehtivuori Joonas 16  2  6  8  0  0  0  0  0  54  6  1  0  13  -6  4  0  1  0  1  7.88  126               320 000
22510552 Manninen Oskari 14  0  5  5  0  0  0  0  0  57  3  0  0  10  -8  12  0  0  0  0  6.43  90               385 000
22709389 Nikkila Petteri 13  0  1  1  0  0  0  0  0  35  5  0  0  5  -7  6  0  0  0  0  3.00  39               365 000
40457166 Porseland Mathias 16  3  8  11  0  0  1  0  1  78  6  0  0  17  -9  2  0  0  1  1  10.44  167               340 000
25662148 Salmela Eetu 0  0  0  0  0  0  0  0  0  0  0  0  0  0  0  0  0  0  0  0  0  0               150 000
23334106 Suhonen Teemu 10  0  1  1  0  0  0  0  0  14  0  0  0  3  -3  0  0  0  0  0  1.70  17               265 000
23517198 Tuulola Joni 14  0  2  2  0  0  0  0  0  31  3  0  0  8  -2  4  0  0  0  0  4.14  58               285 000
ID Hyokkaaja O M S P AVM AVS VM TM JA L B ALV ALH + - JM OR X XX XXX LPP/O LPP Arvo
40432221 Cornet Philippe 16  3  2  5  0  0  1  0  0  41  3  3  4  7  -7  2  0  1  0  0  4.06  65           250 000
21521047 Harainen Tommi 0  0  0  0  0  0  0  0  0  0  0  0  0  0  0  0  0  0  0  0  0  0           150 000
24341444 Hopponen Waltteri 8  0  0  0  0  0  0  0  0  6  0  0  0  2  -5  0  0  0  0  0  0.38  3           170 000
29690417 Innala Jere 7  3  0  3  0  0  0  0  0  22  0  0  0  3  -1  2  0  0  1  0  5.57  39           165 000
21870028 Kainulainen Harri 2  0  0  0  0  0  0  0  0  2  0  4  3  0  -1  0  0  0  0  0  0.50  1           150 000
24678450 Kapanen Niko 16  3  6  9  0  0  0  0  0  39  3  116  115  16  -2  2  0  0  1  0  6.38  102           400 000
24555418 Keranen Juho 16  5  5  10  0  0  0  0  1  48  2  41  26  17  0  6  0  0  0  0  8.13  130           335 000
24538367 Koivisto Juha 1  0  0  0  0  0  0  0  0  0  0  0  0  0  0  0  0  0  0  0  0.00  0           250 000
24772275 Lahti Janne 7  1  3  4  0  0  0  1  0  26  0  0  0  4  -3  2  0  1  0  0  6.00  42           385 000
22511124 Manninen Sakari 15  2  4  6  0  0  0  0  1  44  2  50  43  10  -7  2  0  1  0  3  5.60  84           415 000
27752328 Paajanen Otto 16  0  5  5  0  0  0  0  0  39  2  139  114  9  -8  6  0  0  0  0  4.31  69           310 000
22805092 Palve Oula 9  0  0  0  0  0  0  0  0  31  1  82  67  0  -4  8  0  0  0  0  3.11  28           370 000
24230814 Paukku Jesse 1  2  0  2  0  0  1  0  0  2  1  0  0  2  0  0  0  0  0  1  23.00  23           198 000
23097498 Ruokonen Miro 11  0  0  0  0  0  0  0  0  3  1  0  0  2  -2  6  0  0  0  0  1.00  11           185 000
23264399 Sillanpaa Severi 16  3  3  6  0  0  1  0  0  22  4  73  80  8  -9  4  0  0  0  0  3.75  60           250 000
29985229 Somervuori Eero 16  3  1  4  0  0  0  0  0  55  0  0  1  6  -7  2  0  1  0  0  3.81  61           350 000
23509177 Turtiainen Jaakko 16  2  4  6  0  0  0  0  0  35  1  2  1  9  -8  6  0  0  0  0  4.19  67           250 000
25506929 Turunen Teemu 16  5  8  13  0  0  1  1  0  71  4  0  2  14  -4  4  0  0  2  1  8.88  142           300 000
23577387 Valtonen Julius 0  0  0  0  0  0  0  0  0  0  0  0  0  0  0  0  0  0  0  0  0  0           175 000
29885743 Vesalainen Kristian 9  1  0  1  0  0  0  0  0  27  0  0  0  2  -3  0  0  1  0  0  2.67  24           275 000
Ilves
ID Maalivahti O M S P V H TP TO PM NP JM OR X XX XXX LPP/O LPP Arvo
22353515 Lehtonen Antti 6  0  0  0  1  2  2  105  8  1  0  0  0  1  1  7.33  44               290 000
28558916 Saari Mikael 0  0  0  0  0  0  0  0  0  0  0  0  0  0  0  0  0               150 000
25491526 Toivonen Hannu 12  0  0  0  3  6  2  292  29  1  0  0  2  3  1  6.67  80               360 000
ID Puolustaja O M S P AVM AVS VM TM JA L B ALV ALH + - JM OR X XX XXX LPP/O LPP Arvo
24279752 Aalto Teemu 16  0  2  2  0  0  0  0  0  82  3  0  0  8  -15  12  0  0  0  0  4.13  66               355 000
21423970 Fagerudd Marcus 13  0  0  0  0  0  0  0  0  44  7  0  0  3  -10  27  0  1  0  0  1.15  15               280 000
27828414 Ilomaki Valtteri 12  0  2  2  0  0  0  0  0  9  0  0  0  3  -4  0  0  0  0  0  1.50  18               170 000
27839788 Jarvinen Ville 16  1  2  3  0  0  0  0  0  22  3  0  0  10  -9  8  0  0  0  0  3.56  57               200 000
24786410 Laatikainen Arto 16  0  1  1  0  0  0  0  0  30  8  0  0  9  -12  6  0  0  0  0  2.56  41               285 000
22684873 Niemi Jyri 0  0  0  0  0  0  0  0  0  0  0  0  0  0  0  0  0  0  0  0  0  0               250 000
28905831 Parikka Jarkko 13  0  0  0  0  0  0  0  0  31  0  0  0  5  -5  2  0  0  0  0  2.08  27               265 000
25381270 Vainio Olli 12  2  2  4  0  0  0  0  0  30  1  0  0  14  -3  2  0  1  0  0  7.33  88               240 000
23680559 Vittasmaki Veli-Matti 8  0  0  0  0  0  0  0  0  11  4  0  0  4  -4  2  0  0  0  0  2.13  17               275 000
ID Hyokkaaja O M S P AVM AVS VM TM JA L B ALV ALH + - JM OR X XX XXX LPP/O LPP Arvo
24256597 Ahoniemi Niko 10  0  2  2  0  0  0  0  0  20  0  0  0  2  -3  2  0  1  0  0  2.50  25           200 000
40456362 Bulmer Brett 15  1  1  2  0  0  0  0  0  39  1  0  3  6  -5  57  0  0  0  0  2.20  33           285 000
40453125 D'amigo Jerry 16  4  5  9  0  0  0  0  1  50  1  5  0  9  -7  37  0  0  3  1  6.38  102           285 000
21431409 Flinck Markku 16  3  2  5  0  0  1  1  0  38  0  98  93  8  -6  2  0  0  1  0  4.19  67           300 000
24139944 Helenius Jere 11  1  0  1  0  0  1  0  0  11  0  0  0  4  -1  4  0  0  0  0  2.45  27           200 000
24436809 Hintz Miiko 3  1  0  1  0  0  0  0  0  7  0  0  0  1  0  2  0  0  0  0  5.00  15           220 000
21802135 Jokinen Markus 15  3  3  6  0  0  1  0  0  27  3  1  0  7  -6  4  0  0  0  1  4.53  68           250 000
21983740 Keranen Michael 6  1  2  3  0  0  0  1  0  27  0  2  4  3  -6  2  0  1  0  0  5.33  32           400 000
28577104 Koivula Otto 13  0  6  6  0  0  0  0  0  39  3  0  0  6  -9  4  0  1  0  0  4.54  59           300 000
22244996 Laakso Tapio 16  2  7  9  0  0  0  0  0  38  4  193  134  7  -11  6  0  0  0  0  5.88  94           315 000
22441087 Liuksiala Juho 10  5  2  7  0  0  0  0  0  32  1  0  0  9  -4  0  0  0  0  1  7.30  73           200 000
26590031 Meskanen Ville 16  3  4  7  0  0  0  0  0  62  1  1  3  5  -11  0  0  0  1  0  4.19  67           290 000
22598901 Mustonen Aleksi 16  4  3  7  0  0  1  0  0  31  4  84  114  6  -10  2  0  0  0  0  3.38  54           300 000
23029644 Rautiainen Teemu 3  0  1  1  0  0  0  0  0  13  0  0  0  1  -3  0  0  0  2  1  5.67  17           380 000
23204825 Sandell Sami 0  0  0  0  0  0  0  0  0  0  0  0  0  0  0  0  0  0  0  0  0  0           250 000
27745063 Seppanen Janne 0  0  0  0  0  0  0  0  0  0  0  0  0  0  0  0  0  0  0  0  0  0           150 000
23307832 Sointu Matias 16  2  4  6  0  0  0  0  0  33  0  75  84  8  -8  12  0  0  0  0  4.00  64           270 000
23351053 Suomi Eemeli 16  0  5  5  0  0  0  0  0  23  3  0  1  6  -4  2  0  0  0  0  3.00  48           265 000
Jukurit
ID Maalivahti O M S P V H TP TO PM NP JM OR X XX XXX LPP/O LPP Arvo
24944867 Norja Mika 3  0  0  0  1  2  0  67  7  0  0  0  1  0  0  4.33  13               300 000
22993098 Rajaniemi Sami 13  0  0  0  5  5  3  305  31  0  0  0  1  3  2  6.23  81               350 000
ID Puolustaja O M S P AVM AVS VM TM JA L B ALV ALH + - JM OR X XX XXX LPP/O LPP Arvo
21352546 Auvinen Henri 5  0  1  1  0  0  0  0  0  6  0  0  0  4  -4  2  0  0  0  0  3.40  17               195 000
24421720 Hietanen Valtteri 15  0  4  4  0  0  0  0  0  30  1  0  0  11  -6  20  0  0  0  0  3.73  56               250 000
21700651 Hyvarinen Ville 7  0  0  0  0  0  0  0  0  6  0  0  0  2  -5  0  0  0  0  0  0.14  1               160 000
21772430 Jaatinen Antti 16  0  2  2  0  0  0  0  0  40  5  0  0  7  -7  2  0  0  0  0  3.13  50               235 000
21913668 Karalahti Keni 16  1  1  2  0  0  0  0  0  33  2  0  0  9  -8  6  0  0  0  0  3.38  54               195 000
24644552 Kauppinen Marko 15  2  5  7  0  0  0  0  0  44  4  0  0  12  -14  6  0  0  0  1  6.33  95               365 000
22051859 Koivisto Miika 14  0  8  8  0  0  0  0  0  50  3  0  0  9  -10  2  0  0  0  2  6.71  94               385 000
31128854 Kokkonen Mikko 0  0  0  0  0  0  0  0  0  0  0  0  0  0  0  0  0  0  0  0  0  0               150 000
22891255 Piipponen Samuli 11  0  2  2  0  0  0  0  0  18  2  0  0  6  -11  4  0  0  0  0  2.27  25               250 000
25385331 Vaarasuo Ilkka 0  0  0  0  0  0  0  0  0  0  0  0  0  0  0  0  0  0  0  0  0  0               150 000
23568561 Valkonen Joonas 0  0  0  0  0  0  0  0  0  0  0  0  0  0  0  0  0  0  0  0  0  0               150 000
ID Hyokkaaja O M S P AVM AVS VM TM JA L B ALV ALH + - JM OR X XX XXX LPP/O LPP Arvo
21345676 Asplund Turo 16  3  9  12  0  0  0  0  0  37  2  193  168  13  -8  8  0  1  1  1  7.31  117           340 000
40435937 Budish Zach 16  3  5  8  0  0  0  0  0  42  5  39  49  6  -13  14  0  0  0  0  4.88  78           350 000
21600081 Henritius Teemu 15  2  0  2  0  0  1  0  0  14  0  56  67  3  -6  4  0  0  0  0  1.80  27           200 000
24351573 Hamalainen Ville 0  0  0  0  0  0  0  0  0  0  0  0  0  0  0  0  0  0  0  0  0  0           165 000
21888612 Kalliola Joonas 12  2  0  2  0  0  0  0  0  17  5  4  4  3  -3  0  0  0  0  0  2.50  30           230 000
22049667 Koivisto Henrik 16  4  3  7  0  0  2  0  0  52  0  99  98  7  -15  2  0  2  2  0  5.00  80           400 000
22181127 Kumpulainen Janne 15  1  2  3  0  0  1  0  0  16  0  0  0  6  -5  2  0  0  0  0  2.40  36           250 000
24753799 Laakkonen Niko 6  0  2  2  0  0  0  0  0  10  1  0  0  2  -1  0  0  0  0  0  3.00  18           160 000
24174051 Leskinen Ville 1  0  0  0  0  0  0  0  0  1  0  0  0  0  0  0  0  0  0  0  1.00  1           220 000
22476117 Lahde Nestori 16  0  0  0  0  0  0  0  0  23  5  0  1  4  -6  2  0  0  0  0  1.50  24           220 000
22770952 Nattinen Topi 16  5  4  9  0  0  1  0  0  47  0  61  84  7  -8  4  0  0  3  0  5.06  81           285 000
22895620 Piitulainen Jesper 12  2  5  7  0  0  0  0  0  40  2  0  0  6  -7  4  0  0  0  2  6.00  72           280 000
25116623 Ritamaki Janne 16  2  5  7  0  0  0  0  0  46  5  1  3  11  -5  12  0  0  0  0  5.75  92           265 000
23075106 Roine Miika 16  7  6  13  0  0  2  2  0  45  13  8  5  14  -6  6  0  0  0  1  9.00  144           365 000
25612088 Sipilainen Olli 15  0  0  0  0  0  0  0  0  13  0  2  1  1  -6  2  0  0  0  0  0.60  9           165 000
23394612 Tallberg Teemu 16  4  2  6  0  0  0  0  0  45  2  0  7  6  -18  4  0  1  1  0  3.50  56           355 000
JYP
ID Maalivahti O M S P V H TP TO PM NP JM OR X XX XXX LPP/O LPP Arvo
24158200 Olkinuora Juho 6  0  0  0  1  3  2  143  13  0  0  0  2  0  0  5.50  33               275 000
29857823 Ruusu Markus 1  0  0  0  0  0  1  34  0  1  0  0  0  0  1  27.00  27               285 000
23487192 Tuokkola Pekka 13  0  0  0  2  3  6  245  29  1  0  0  1  1  1  4.62  60               360 000
29924154 Vehvilainen Veini 4  0  1  1  0  4  0  88  10  0  0  0  0  0  1  5.75  23               350 000
ID Puolustaja O M S P AVM AVS VM TM JA L B ALV ALH + - JM OR X XX XXX LPP/O LPP Arvo
21295959 Aitola Olli 0  0  0  0  0  0  0  0  0  0  0  0  0  0  0  0  0  0  0  0  0  0               150 000
24300210 Erving Joona 0  0  0  0  0  0  0  0  0  0  0  0  0  0  0  0  0  0  0  0  0  0               150 000
23837234 Friman Niklas 9  0  0  0  0  0  0  0  0  18  0  0  0  4  -3  0  0  0  0  0  1.89  17               235 000
21799484 Jokinen Jaakko 0  0  0  0  0  0  0  0  0  0  0  0  0  0  0  0  0  0  0  0  0  0               150 000
21892307 Kalteva Mikko 16  1  9  10  0  0  0  0  0  70  4  0  0  8  -8  10  0  1  0  0  7.81  125               385 000
24535632 Kuukka Mikko 15  0  0  0  0  0  0  0  0  25  3  0  0  3  -8  31  0  0  0  0  0.60  9               200 000
22339759 Lehtinen Kai 0  0  0  0  0  0  0  0  0  0  0  0  0  0  0  0  0  0  0  0  0  0               175 000
24715452 Lindroos Alex 0  0  0  0  0  0  0  0  0  0  0  0  0  0  0  0  0  0  0  0  0  0               150 000
22711526 Niku Sami 16  1  4  5  0  0  0  0  1  58  0  0  0  6  -14  6  0  0  1  0  4.19  67               320 000
22937737 Pulli Juuso 11  0  0  0  0  0  0  0  0  28  2  0  0  0  -4  8  0  0  0  0  1.55  17               200 000
25323173 Uotila Juha 7  0  0  0  0  0  0  0  0  10  1  0  0  0  -1  0  0  0  0  0  0.86  6               190 000
30487321 Vaakanainen Urho 13  2  1  3  0  0  0  0  0  33  1  0  0  6  -9  12  0  0  0  0  4.38  57               270 000
23557763 Vainio Juuso 10  1  2  3  0  0  0  0  0  27  0  0  0  4  -3  2  0  0  0  0  4.50  45               220 000
40371299 Yonkman Nolan 15  0  0  0  0  0  0  0  0  27  3  0  0  6  -9  31  0  1  0  0  1.40  21               215 000
ID Hyokkaaja O M S P AVM AVS VM TM JA L B ALV ALH + - JM OR X XX XXX LPP/O LPP Arvo
21659838 Hotakainen Valtteri 12  0  1  1  0  0  0  0  0  14  1  77  65  2  -5  0  0  0  0  0  1.42  17           235 000
24415613 Hytonen Juha-Pekka 16  3  4  7  0  0  0  0  0  54  0  149  134  6  -9  4  0  0  0  1  4.94  79           410 000
27775017 Kanninen Henri 13  1  0  1  0  0  1  0  0  32  4  82  81  2  -8  31  0  0  0  0  2.00  26           220 000
24638995 Kolehmainen Janne 16  3  0  3  0  0  0  0  0  43  7  1  1  5  -8  14  0  0  0  0  3.94  63           285 000
27775305 Likola Arttu 6  0  0  0  0  0  0  0  0  10  1  0  0  0  -3  0  0  0  0  0  0.83  5           150 000
24811398 Louhivaara Ossi 10  2  2  4  0  0  0  1  1  40  1  0  1  3  -4  0  0  0  0  0  4.90  49           340 000
22483058 Lofman Anssi 3  0  1  1  0  0  0  0  0  15  0  11  20  1  -3  0  0  0  0  0  2.67  8           290 000
22770842 Nattinen Joonas 13  3  5  8  0  0  1  0  0  68  1  36  34  8  -10  29  0  0  0  0  6.54  85           330 000
25014534 Pihlman Tuomas 15  2  2  4  0  0  1  0  0  29  3  0  1  3  -8  2  0  0  1  0  2.87  43           265 000
33373610 Rooba Robert 3  0  1  1  0  0  0  0  0  3  1  0  0  1  -2  2  0  0  0  0  3.33  10           200 000
23137280 Saari Micke 8  0  2  2  0  0  0  0  0  12  0  14  20  2  -3  0  0  0  0  0  1.50  12           185 000
23181087 Salmio Mikko 12  0  1  1  0  0  0  0  0  21  2  0  0  2  -3  14  0  0  0  0  1.67  20           185 000
25611050 Sund Joel 3  0  0  0  0  0  0  0  0  6  0  1  0  0  -1  0  0  0  0  0  1.33  4           155 000
23349227 Suomela Antti 16  8  4  12  0  0  0  1  0  67  0  142  126  8  -11  0  0  2  1  1  7.31  117           360 000
23418213 Tavi Janne 16  1  3  4  0  0  1  0  0  71  4  1  0  3  -2  0  0  0  0  1  4.38  70           310 000
25492334 Tiainen Riku 0  0  0  0  0  0  0  0  0  0  0  0  0  0  0  0  0  0  0  0  0  0           150 000
23505155 Tuppurainen Jani 16  1  6  7  0  0  0  0  0  46  0  2  7  8  -12  2  0  0  0  1  3.88  62           395 000
27647886 Turkulainen Jerry 14  1  3  4  0  0  0  0  0  24  1  27  14  5  -2  4  0  1  0  0  3.86  54           250 000
KalPa
ID Maalivahti O M S P V H TP TO PM NP JM OR X XX XXX LPP/O LPP Arvo
40385084 Godla Denis 8  0  1  1  5  1  2  188  15  0  2  0  1  1  0  8.63  69               275 000
24390673 Hovinen Niko 8  0  0  0  4  2  2  218  21  0  2  0  1  1  1  7.50  60               350 000
24555926 Kilpelainen Eero 0  0  0  0  0  0  0  0  0  0  0  0  0  0  0  0  0               395 000
28976734 Kinnunen Severi 0  0  0  0  0  0  0  0  0  0  0  0  0  0  0  0  0               150 000
ID Puolustaja O M S P AVM AVS VM TM JA L B ALV ALH + - JM OR X XX XXX LPP/O LPP Arvo
24333193 Halonen Antti 0  0  0  0  0  0  0  0  0  0  0  0  0  0  0  0  0  0  0  0  0  0               200 000
22086523 Koponen Janne 2  0  0  0  0  0  0  0  0  1  0  0  0  2  -2  0  0  0  0  0  1.50  3               175 000
24174048 Leskinen Otto 13  1  1  2  0  0  0  0  0  18  0  0  0  4  -5  0  0  0  0  0  2.31  30               230 000
22452814 Lukka Santeri 16  4  5  9  0  0  0  0  1  73  1  1  0  11  -7  24  0  0  0  2  9.06  145               350 000
22474067 Lyytinen Joonas 14  1  6  7  0  0  0  0  0  40  1  0  0  8  -10  8  0  0  0  0  5.93  83               350 000
24890199 Mikkola Niko 14  0  3  3  0  0  0  0  0  22  2  0  0  8  -6  18  0  0  0  0  4.57  64               290 000
25108217 Riikola Juuso 16  1  7  8  0  0  1  0  0  55  2  0  0  8  -8  6  0  0  1  1  6.56  105               350 000
30730256 Ruuskanen Waltteri 3  0  0  0  0  0  0  0  0  2  0  0  0  0  0  0  0  0  0  0  0.33  1               175 000
23242492 Seppala Mikael 5  0  1  1  0  0  0  0  0  3  0  0  0  1  -5  0  0  0  0  0  0.20  1               175 000
25611403 Sopanen Eetu 1  0  0  0  0  0  0  0  0  1  0  0  0  0  -1  0  0  0  0  0  -1.00  -1               220 000
25517031 Timonen Jussi 16  0  2  2  0  0  0  0  0  21  3  0  0  8  -7  8  0  0  0  0  2.94  47               285 000
ID Hyokkaaja O M S P AVM AVS VM TM JA L B ALV ALH + - JM OR X XX XXX LPP/O LPP Arvo
27826160 Hamalainen Aleksi 0  0  0  0  0  0  0  0  0  0  0  0  0  0  0  0  0  0  0  0  0  0           150 000
24463542 Ilomaki Arttu 14  1  3  4  0  0  1  0  0  31  0  69  70  7  -8  2  0  1  0  0  3.50  49           320 000
21804861 Jokinen Tommi 16  6  4  10  0  0  3  1  0  36  4  3  9  7  -10  12  0  0  1  0  6.06  97           350 000
21817612 Junnila Jyri 16  4  2  6  0  0  1  0  0  32  6  1  2  7  -8  0  0  0  1  0  4.00  64           320 000
21983012 Keranen Janne 16  4  5  9  0  0  0  1  0  53  0  3  5  9  -7  0  0  0  0  1  5.38  86           395 000
28570745 Knuutinen Henri 13  0  1  1  0  0  0  0  0  10  1  0  1  1  -2  0  0  0  0  0  0.85  11           160 000
27943137 Kokkola Tatu 0  0  0  0  0  0  0  0  0  0  0  0  0  0  0  0  0  0  0  0  0  0           150 000
22464239 Luostarinen Eetu 16  2  1  3  0  0  0  0  0  10  0  39  63  5  -5  0  0  0  0  0  1.31  21           185 000
22504856 Mankinen Jesse 14  6  5  11  0  0  2  0  0  56  1  0  0  7  -6  0  0  0  1  5  8.36  117           450 000
24871956 Mutanen Sami 0  0  0  0  0  0  0  0  0  0  0  0  0  0  0  0  0  0  0  0  0  0           270 000
24849205 Myttynen Matias 16  6  10  16  0  0  0  1  0  50  0  120  156  13  -7  8  0  1  1  0  7.88  126           340 000
30475553 Nevalainen Juuso 5  0  0  0  0  0  0  0  0  0  0  0  0  0  0  0  0  0  0  0  0.00  0           150 000
22750794 Nuutinen Mikko 16  3  4  7  0  0  1  0  0  70  0  0  3  7  -7  8  0  0  1  0  5.56  89           265 000
29859517 Piipponen Topi 15  1  2  3  0  0  1  0  0  18  0  0  0  3  -3  4  0  0  0  0  2.33  35           200 000
25057054 Pitkanen Miikka 16  0  1  1  0  0  0  0  0  19  0  32  61  4  -7  6  0  0  0  0  0.94  15           260 000
23065792 Rissanen Jaakko 16  3  8  11  0  0  1  0  0  40  4  188  190  5  -8  18  0  3  0  1  5.81  93           405 000
25663901 Ruuttu Alexander 16  1  1  2  0  0  0  0  0  43  0  9  19  6  -1  2  0  0  0  0  2.75  44           275 000
34250949 Sebok Balazs 6  0  2  2  0  0  0  0  0  11  0  32  38  1  -5  0  0  0  0  0  1.67  10           265 000
23560365 Vainiola Ville-Vesa 1  0  0  0  0  0  0  0  0  1  1  3  3  0  0  2  0  0  0  0  4.00  4           175 000
KooKoo
ID Maalivahti O M S P V H TP TO PM NP JM OR X XX XXX LPP/O LPP Arvo
40278117 Irving Leland 13  0  0  0  6  2  4  349  24  1  0  0  1  1  2  9.92  129               350 000
24487984 Jarvenpaa Juha 0  0  0  0  0  0  0  0  0  0  0  0  0  0  0  0  0               250 000
22861900 Perhonen Samu 4  0  0  0  0  3  0  76  10  0  0  0  1  0  0  2.00  8               285 000
27749878 Rautio Tomi 0  0  0  0  0  0  0  0  0  0  0  0  0  0  0  0  0               150 000
ID Puolustaja O M S P AVM AVS VM TM JA L B ALV ALH + - JM OR X XX XXX LPP/O LPP Arvo
24289988 Blomberg Niki 0  0  0  0  0  0  0  0  0  0  0  0  0  0  0  0  0  0  0  0  0  0               150 000
40379228 Eklund Oscar 16  0  4  4  0  0  0  0  0  50  4  0  0  9  -9  4  0  0  0  0  4.25  68               280 000
24325509 Gronholm Ossi-Petteri 15  0  1  1  0  0  0  0  0  26  4  0  0  6  -4  29  0  0  0  0  2.07  31               185 000
40431930 Jacobsson Robin 16  2  7  9  0  0  1  1  0  65  4  0  0  12  -9  12  0  0  1  0  7.50  120               295 000
24478029 Jokela Mikko 10  1  0  1  0  0  1  0  0  13  0  0  0  4  -6  6  0  0  0  0  2.60  26               245 000
28642754 Koponen Marlo 0  0  0  0  0  0  0  0  0  0  0  0  0  0  0  0  0  0  0  0  0  0               185 000
22358280 Lehtonen Mikko 14  3  9  12  0  0  0  0  0  86  2  0  0  10  -12  8  0  1  1  1  10.71  150               410 000
22764667 Nyqvist Julius 3  0  0  0  0  0  0  0  0  6  0  0  0  0  0  0  0  0  0  0  1.33  4               205 000
40310918 O'connor Ryan 15  1  5  6  0  0  0  1  0  69  0  0  0  13  -9  4  0  1  0  0  6.93  104               400 000
25042564 Pelli Arttu 12  0  0  0  0  0  0  0  0  17  1  0  0  4  -3  2  0  0  0  0  1.58  19               205 000
30870187 Salmela Santeri 1  0  0  0  0  0  0  0  0  2  0  0  0  0  -1  0  0  0  0  0  -1.00  -1               150 000
25491335 Tuhkanen Niko 3  0  1  1  0  0  0  0  0  9  2  0  0  2  -1  2  0  0  0  0  6.33  19               175 000
28842826 Vainio Veeti 0  0  0  0  0  0  0  0  0  0  0  0  0  0  0  0  0  0  0  0  0  0               185 000
ID Hyokkaaja O M S P AVM AVS VM TM JA L B ALV ALH + - JM OR X XX XXX LPP/O LPP Arvo
24277893 Alikoski Mikko 12  0  0  0  0  0  0  0  0  19  3  0  0  1  -1  2  0  0  0  0  1.33  16           180 000
40431928 Broadhurst Terry 14  4  6  10  0  0  1  0  0  33  0  0  0  9  -11  4  0  0  0  0  5.79  81           300 000
21421215 Espo Jesse 5  0  0  0  0  0  0  0  0  2  0  0  0  0  -2  2  0  0  1  0  0.60  3           175 000
40278116 Green Josh 12  5  2  7  0  0  1  0  0  41  1  104  100  11  -11  4  0  1  1  0  7.08  85           400 000
24451091 Haataja Juha-Pekka 16  6  4  10  0  0  0  1  1  62  0  0  0  11  -12  10  0  1  2  2  7.63  122           385 000
21499603 Hakulinen Anrei 16  6  2  8  0  0  1  0  0  50  0  0  2  10  -7  2  0  1  1  0  5.75  92           270 000
21700554 Hyvarinen Toni 3  0  0  0  0  0  0  0  0  4  1  0  0  0  0  0  0  0  0  0  1.33  4           225 000
24466332 Immonen Jarkko 12  0  2  2  0  0  0  0  0  16  0  75  55  2  -6  6  0  0  0  0  2.67  32           280 000
24479303 Juutilainen Jan-Mikael 15  3  1  4  0  0  0  0  0  33  4  90  92  6  -4  2  0  0  0  0  3.67  55           230 000
28576383 Kantola Kai 16  4  2  6  0  0  0  0  0  65  1  10  4  10  -12  14  0  1  0  1  6.13  98           340 000
22051930 Koivisto Mika 16  0  2  2  0  0  0  0  0  12  17  0  0  4  -5  4  0  0  0  0  2.31  37           220 000
22120939 Koskelainen Pietari 0  0  0  0  0  0  0  0  0  0  0  0  0  0  0  0  0  0  0  0  0  0           150 000
22497989 Malinen Jarkko 15  1  8  9  0  0  1  0  0  37  2  135  109  10  -9  12  0  0  0  0  5.20  78           410 000
23222302 Savilahti Eero 16  2  5  7  0  0  0  0  0  52  0  9  4  5  -4  8  0  0  0  0  4.88  78           250 000
25494471 Tamminen Sami 10  0  1  1  0  0  0  0  0  4  1  8  16  1  -3  2  0  0  0  0  0.70  7           175 000
24206929 Virtanen Mikko 16  1  3  4  0  0  0  0  0  30  4  71  70  8  -3  2  0  0  0  0  3.44  55           200 000
Karpat
ID Maalivahti O M S P V H TP TO PM NP JM OR X XX XXX LPP/O LPP Arvo
21296411 Aittokallio Sami 3  0  0  0  0  3  0  71  9  0  2  0  0  0  0  1.33  4               340 000
23109412 Rynnas Jussi 13  0  0  0  5  5  3  343  19  1  2  0  2  5  1  10.08  131               370 000
25342329 Valiharju Sami 0  0  0  0  0  0  0  0  0  0  0  0  0  0  0  0  0               150 000
ID Puolustaja O M S P AVM AVS VM TM JA L B ALV ALH + - JM OR X XX XXX LPP/O LPP Arvo
40430540 Bryhnisveen Nicolai 0  0  0  0  0  0  0  0  0  0  0  0  0  0  0  0  0  0  0  0  0  0               175 000
21494006 Hakanpaa Jani 9  0  0  0  0  0  0  0  0  18  3  0  0  2  -3  35  0  0  0  0  1.89  17               275 000
40428666 Heshka Shaun 16  1  4  5  0  0  1  0  0  79  3  0  0  9  -9  8  0  1  0  0  6.13  98               405 000
30379468 Korhonen Juho 1  0  0  0  0  0  0  0  0  0  0  0  0  0  0  0  0  0  0  0  0.00  0               150 000
40312846 Kukkonen Lasse 16  2  2  4  0  0  0  1  0  41  11  0  0  4  -5  4  0  0  1  0  4.44  71               365 000
24864730 Mikkola Ilkka 14  0  2  2  0  0  0  0  0  34  2  0  0  5  -10  14  0  0  0  0  3.14  44               270 000
24825038 Makela Aleksi 15  0  2  2  0  0  0  0  0  27  4  0  0  6  -8  6  0  0  0  0  2.73  41               205 000
22679723 Niemela Mikko 16  1  4  5  0  0  1  0  0  33  9  0  1  9  -9  2  0  0  1  1  4.88  78               205 000
29679441 Ronkainen Taneli 15  0  2  2  0  0  0  0  0  34  2  0  0  7  -8  6  0  0  0  0  2.93  44               225 000
23255023 Siikaluoma Taneli 10  0  0  0  0  0  0  0  0  6  0  0  0  0  -1  2  0  0  0  0  0.40  4               160 000
ID Hyokkaaja O M S P AVM AVS VM TM JA L B ALV ALH + - JM OR X XX XXX LPP/O LPP Arvo
40430539 Albert John 11  2  3  5  0  0  0  0  1  27  3  13  13  4  -5  2  0  0  0  0  4.45  49           320 000
21330445 Anttila Sami 10  1  0  1  0  0  0  0  0  9  7  0  0  1  -3  2  0  0  0  0  1.90  19           205 000
24406130 Hermonen Julius 11  0  0  0  0  0  0  0  0  15  4  0  0  0  0  2  0  0  0  0  1.36  15           185 000
40458267 Hruska Jan 16  0  3  3  0  0  0  0  0  30  2  100  104  4  -11  2  0  0  0  0  1.94  31           320 000
21673131 Humaloja Miska 11  0  1  1  0  0  0  0  0  10  2  60  74  2  -2  4  0  0  0  0  1.27  14           210 000
24641005 Kalapudas Antti 16  1  1  2  0  0  0  0  0  31  2  75  89  5  -7  4  0  0  0  0  2.19  35           200 000
27774063 Kestila Aku 14  0  1  1  0  0  0  0  0  18  3  11  20  2  -4  2  0  0  0  0  1.36  19           185 000
40245614 Koblizek Radek 0  0  0  0  0  0  0  0  0  0  0  0  0  0  0  0  0  0  0  0  0  0           150 000
28727446 Koskenkorva Jesse 6  2  0  2  0  0  0  0  0  9  1  22  37  4  -1  2  0  0  0  0  3.67  22           190 000
29551488 Kuiri Niko 0  0  0  0  0  0  0  0  0  0  0  0  0  0  0  0  0  0  0  0  0  0           150 000
24680943 Kahkonen Toni 4  0  0  0  0  0  0  0  0  3  0  0  1  0  -1  0  0  0  0  0  0.00  0           250 000
24703147 Lehtonen Mikko 14  6  4  10  0  0  1  0  0  73  1  1  0  8  -4  20  0  0  1  2  8.57  120           360 000
22393300 Leskinen Ville 12  2  4  6  0  0  0  0  0  32  0  0  0  5  -3  4  0  0  0  0  4.83  58           285 000
28489001 Metsavainio Tino 2  0  0  0  0  0  0  0  0  8  0  5  15  0  0  0  0  0  0  0  0.50  1           150 000
24895372 Maenalanen Saku 16  5  3  8  0  0  2  0  1  53  1  4  4  12  -9  4  0  0  0  2  6.50  104           265 000
40434461 Olausson Niklas 0  0  0  0  0  0  0  0  0  0  0  0  0  0  0  0  0  0  0  0  0  0           345 000
25013577 Pyorala Mika 16  6  9  15  0  0  0  1  1  52  3  83  129  10  -11  4  0  2  0  1  7.13  114           440 000
25126574 Ruohomaa Mikael 2  0  1  1  0  0  0  0  0  2  0  17  20  2  -1  2  0  0  0  0  5.00  10           350 000
25630280 Saarinen Jesse 6  1  3  4  0  0  0  0  0  9  4  0  0  5  -3  6  0  0  0  0  6.50  39           330 000
25589140 Sailio Jari 0  0  0  0  0  0  0  0  0  0  0  0  0  0  0  0  0  0  0  0  0  0           225 000
25345944 Vartiainen Tuomas 3  0  0  0  0  0  0  0  0  7  1  0  0  0  -1  0  0  0  0  0  1.33  4           165 000
25373424 Valimaa Tommi 0  0  0  0  0  0  0  0  0  0  0  0  0  0  0  0  0  0  0  0  0  0           185 000
Lukko
ID Maalivahti O M S P V H TP TO PM NP JM OR X XX XXX LPP/O LPP Arvo
27471104 Kahkonen Kaapo 9  0  1  1  4  2  3  262  25  1  0  0  1  3  2  11.33  102               350 000
27682964 Lehtinen Lassi 1  0  0  0  0  0  0  17  2  0  0  0  0  0  0  3.00  3               175 000
40454564 Stepanek Jakub 6  0  0  0  1  4  1  177  15  1  0  0  0  0  1  9.00  54               365 000
ID Puolustaja O M S P AVM AVS VM TM JA L B ALV ALH + - JM OR X XX XXX LPP/O LPP Arvo
24260583 Ahonen Rony 15  0  3  3  0  0  0  0  0  33  6  0  0  10  -8  6  0  0  0  0  4.20  63               320 000
40456831 Ellerby Keaton 15  0  3  3  0  0  0  0  0  38  3  0  0  10  -12  2  0  0  0  0  3.53  53               280 000
24229184 Makinen Atte 11  0  1  1  0  0  0  0  0  14  1  0  0  7  -5  4  0  0  0  0  2.91  32               230 000
24939759 Niskala Janne 13  4  1  5  0  0  0  1  0  46  2  0  0  8  -13  4  0  0  0  0  5.62  73               385 000
25091997 Riikola Simo-Pekka 12  0  0  0  0  0  0  0  0  36  1  0  0  1  -3  8  0  0  0  0  2.08  25               235 000
40277186 Seigo Steven 13  0  1  1  0  0  0  0  0  51  1  0  0  6  -6  2  0  0  0  0  3.38  44               340 000
24177003 Sevanen Roni 3  0  1  1  0  0  0  0  0  2  1  0  0  2  -3  0  0  0  0  0  3.00  9               205 000
27683510 Suistio Santeri 2  0  0  0  0  0  0  0  0  0  0  0  0  0  0  0  0  0  0  0  0.00  0               150 000
23607338 Ventela Sameli 0  0  0  0  0  0  0  0  0  0  0  0  0  0  0  0  0  0  0  0  0  0               150 000
23668720 Virtanen Jesse 15  2  6  8  0  0  0  0  0  93  0  0  0  8  -12  8  0  1  0  0  7.53  113               410 000
ID Hyokkaaja O M S P AVM AVS VM TM JA L B ALV ALH + - JM OR X XX XXX LPP/O LPP Arvo
29446865 Antonen Joose 5  0  1  1  0  0  0  0  0  6  0  0  0  0  -1  0  0  0  0  0  1.40  7           200 000
40313185 Claireaux Valentin 14  3  0  3  0  0  0  0  0  17  1  71  88  5  -11  6  0  0  0  0  1.93  27           220 000
40278115 Gagnon Aaron 15  8  6  14  1  0  1  0  0  58  2  180  165  13  -12  12  0  1  0  2  9.73  146           435 000
24546935 Koivisto Toni 9  1  5  6  0  0  0  0  0  25  0  0  0  5  -5  0  0  2  0  0  5.33  48           340 000
23889127 Koivistoinen Eetu 10  0  1  1  0  0  0  0  0  10  0  26  30  1  -1  8  0  0  0  0  1.90  19           200 000
22396653 Liedes Heikki 15  0  0  0  0  0  0  0  0  25  0  0  4  2  -4  2  0  0  0  0  0.93  14           205 000
22479185 Lahteenmaki Sami 15  4  4  8  0  0  1  0  0  54  2  3  7  8  -10  8  0  0  1  0  5.73  86           250 000
24219770 Niemela Joonas 14  2  0  2  0  0  0  0  0  13  0  0  1  4  -5  2  0  0  1  0  1.93  27           205 000
22906739 Pitkanen Ilmari 15  0  7  7  0  0  0  0  0  27  0  0  3  5  -8  4  0  0  0  0  3.13  47           230 000
27023853 Saarela Aleksi 13  5  2  7  0  0  2  1  0  62  2  76  108  9  -8  0  0  1  2  0  6.38  83           400 000
24153195 Suuronen Toni 14  2  2  4  0  0  0  0  0  30  4  1  2  6  -11  22  0  0  0  0  3.43  48           250 000
23441604 Tiivola Peter 15  2  2  4  0  0  1  0  0  28  1  108  99  1  -5  4  0  0  1  1  3.33  50           300 000
23483808 Tukonen Lauri 3  0  0  0  0  0  0  0  0  4  0  0  0  2  -1  0  0  0  0  0  1.67  5           350 000
25344657 Vahalahti Ville 15  4  8  12  0  1  0  1  0  55  1  0  1  13  -13  4  0  2  0  0  7.27  109           420 000
27854909 Vidgren Aaro 12  0  0  0  0  0  0  0  0  18  0  0  0  3  -4  8  0  0  0  0  1.92  23           215 000
23716863 Vayrynen Janne 1  0  0  0  0  0  0  0  0  3  0  0  0  1  0  0  0  0  0  0  4.00  4           175 000
Pelicans
ID Maalivahti O M S P V H TP TO PM NP JM OR X XX XXX LPP/O LPP Arvo
24193980 Juvonen Janne 13  0  0  0  4  4  4  322  28  1  0  0  1  3  2  8.31  108               380 000
29693100 Miettinen Verneri 0  0  0  0  0  0  0  0  0  0  0  0  0  0  0  0  0               150 000
30136517 Suni Sami 0  0  0  0  0  0  0  0  0  0  0  0  0  0  0  0  0               150 000
23684063 Voutilainen Joona 4  0  0  0  2  2  0  84  7  0  0  0  0  0  1  5.50  22               185 000
29864007 Yrjola Lassi 0  0  0  0  0  0  0  0  0  0  0  0  0  0  0  0  0               200 000
ID Puolustaja O M S P AVM AVS VM TM JA L B ALV ALH + - JM OR X XX XXX LPP/O LPP Arvo
27780772 Ahonen Jesse 1  0  0  0  0  0  0  0  0  0  0  0  0  0  0  0  0  0  0  0  0.00  0               150 000
40371281 Blood Ben 15  1  2  3  0  0  0  0  0  32  1  0  0  9  -7  8  0  2  0  0  4.27  64               285 000
21662236 Hovinen Miro 2  0  0  0  0  0  0  0  0  1  1  0  0  0  -1  0  0  0  0  0  0.00  0               175 000
22148966 Kousa Mikko 1  0  1  1  0  0  0  0  0  2  0  0  0  3  0  0  0  0  0  0  16.00  16               365 000
40371282 Lassen Stefan 4  0  0  0  0  0  0  0  0  8  3  0  0  3  0  4  0  0  0  0  5.00  20               275 000
24806743 Leimu Juha 0  0  0  0  0  0  0  0  0  0  0  0  0  0  0  0  0  0  0  0  0  0               350 000
22504610 Manelius Nico 10  2  1  3  0  0  1  0  0  22  0  0  0  8  -5  4  0  1  0  0  5.90  59               250 000
23768293 Okker Matti 0  0  0  0  0  0  0  0  0  0  0  0  0  0  0  0  0  0  0  0  0  0               150 000
22808510 Parikka Valtteri 16  0  2  2  0  0  0  0  0  53  4  0  0  4  -7  10  0  0  0  0  3.38  54               205 000
22882468 Pietila Juha-Pekka 0  0  0  0  0  0  0  0  0  0  0  0  0  0  0  0  0  0  0  0  0  0               200 000
25024184 Puistola Pasi 16  1  5  6  1  0  0  0  0  25  1  0  0  5  -10  10  0  0  0  0  4.13  66               250 000
22973270 Poyhonen Marko 16  2  5  7  0  0  0  0  0  43  0  5  6  14  -12  6  0  0  0  0  6.13  98               380 000
23092192 Rukajarvi Roni 11  0  0  0  0  0  0  0  0  17  0  0  0  1  -4  6  0  0  0  0  1.09  12               205 000
25594423 Silfver Christian 0  0  0  0  0  0  0  0  0  0  0  0  0  0  0  0  0  0  0  0  0  0               175 000
ID Hyokkaaja O M S P AVM AVS VM TM JA L B ALV ALH + - JM OR X XX XXX LPP/O LPP Arvo
24244606 Alanne Joonas 11  1  0  1  0  0  1  0  0  18  1  0  0  1  -5  2  0  0  1  0  2.09  23           220 000
24290689 Bjorninen Hannes 16  2  4  6  0  0  0  0  0  35  6  34  23  8  -9  8  0  0  0  1  4.63  74           260 000
21399185 Elimaki Roope 16  2  2  4  0  0  0  0  0  26  1  98  65  5  -2  0  0  0  0  0  3.50  56           235 000
21411429 Erkinjuntti Antti 13  2  12  14  0  1  0  0  0  57  6  3  2  9  -10  0  0  2  3  0  9.00  117           385 000
24345974 Heikkinen Arttu 15  0  1  1  0  0  0  0  0  16  1  0  2  3  -4  4  0  0  0  0  1.40  21           170 000
24383596 Heino Henri 16  3  2  5  0  0  0  0  0  17  5  53  52  8  -6  6  0  0  0  1  3.81  61           275 000
40451425 Hodgman Justin 16  7  7  14  0  0  1  1  2  72  0  76  74  10  -7  36  0  0  1  2  9.31  149           430 000
24650025 Kangasniemi Iikka 8  2  3  5  0  0  0  0  0  27  0  0  0  7  -5  0  0  0  1  0  6.38  51           435 000
22024624 Kivela Niko 5  1  0  1  0  0  0  0  0  7  1  0  0  1  0  0  0  0  0  0  2.80  14           190 000
22051338 Koivisto Kimi 1  0  0  0  0  0  0  0  0  0  0  0  0  0  0  0  0  0  0  0  0.00  0           230 000
24536330 Koponen Ville-Matti 9  0  0  0  0  0  0  0  0  6  0  32  33  0  -2  0  0  0  0  0  0.33  3           175 000
27772764 Lahtinen Severi 1  0  0  0  0  0  0  0  0  0  0  0  0  0  0  0  0  0  0  0  0.00  0           175 000
40431480 Poulsen Morten 13  1  1  2  0  0  0  0  0  19  2  0  1  5  -3  0  0  0  0  0  2.23  29           285 000
23039812 Rekonen Aleksi 16  2  3  5  0  0  1  0  0  53  1  11  2  9  -6  0  0  0  1  0  4.69  75           285 000
27355408 Siikonen Miska 12  1  4  5  0  0  0  0  0  15  1  80  77  6  -5  4  0  0  0  0  3.67  44           300 000
23311954 Sopanen Vili 3  0  4  4  0  0  0  0  0  7  0  0  1  2  0  2  0  0  0  0  8.33  25           420 000
27847136 Toivola Artturi 2  0  0  0  0  0  0  0  0  3  1  3  8  0  0  0  0  0  0  0  0.50  1           175 000
23521841 Tyrvainen Antti 8  2  2  4  0  0  2  0  0  16  4  4  7  3  -5  0  0  0  1  1  5.50  44           175 000
23521977 Tyrvainen Juhani 16  4  7  11  0  0  0  0  0  42  2  121  85  12  -10  6  0  1  0  0  7.13  114           365 000
25443752 Vartiainen Taavi 7  1  0  1  0  0  1  0  0  7  2  0  0  1  -3  14  0  0  0  0  2.00  14           205 000
SaiPa
ID Maalivahti O M S P V H TP TO PM NP JM OR X XX XXX LPP/O LPP Arvo
24838627 Markkanen Jussi 7  0  0  0  2  3  1  129  15  1  0  0  2  1  1  6.00  42               340 000
31365785 Ruokonen Ville 0  0  0  0  0  0  0  0  0  0  0  0  0  0  0  0  0               150 000
23486067 Tuohimaa Frans 6  0  0  0  1  2  2  133  12  0  0  0  0  0  1  5.83  35               310 000
ID Puolustaja O M S P AVM AVS VM TM JA L B ALV ALH + - JM OR X XX XXX LPP/O LPP Arvo
24288413 Backman Simon 16  0  0  0  0  0  0  0  0  24  11  0  0  6  -6  2  0  0  0  0  2.19  35               230 000
40372124 Carson Brett 14  1  2  3  0  0  1  0  0  44  6  0  0  4  -11  6  0  0  0  0  3.43  48               300 000
28515629 Koponen Santeri 4  0  0  0  0  0  0  0  0  7  0  0  0  0  -2  0  0  0  0  0  0.00  0               150 000
24725109 Lappalainen Lasse 16  0  3  3  0  0  0  0  0  57  5  0  0  14  -10  37  0  1  0  0  5.19  83               280 000
22487436 Maalahti Kalle 8  0  1  1  0  0  0  0  0  14  1  0  0  2  -7  6  0  0  0  0  1.75  14               320 000
22647742 Makinen William 16  2  7  9  0  0  0  0  0  19  3  0  0  15  -8  6  0  0  0  0  6.75  108               260 000
24960676 Ovaska Markus 0  0  0  0  0  0  0  0  0  0  0  0  0  0  0  0  0  0  0  0  0  0               150 000
40036128 Savilahti Nagander Per 10  1  0  1  0  0  1  0  0  28  5  0  0  4  -5  4  0  0  0  1  4.00  40               285 000
25543115 Sneck Jere 11  0  0  0  0  0  0  0  0  13  3  0  0  2  -2  0  0  0  0  0  1.18  13               185 000
23387739 Taipalus Lauri 15  0  6  6  0  0  0  0  0  34  5  0  0  6  -13  22  0  0  0  0  4.07  61               325 000
ID Hyokkaaja O M S P AVM AVS VM TM JA L B ALV ALH + - JM OR X XX XXX LPP/O LPP Arvo
40431857 Hamilton Curtis 9  0  2  2  0  0  0  0  0  24  2  2  1  4  -7  4  0  1  0  0  3.33  30           420 000
21851458 Jarvinen Matti 15  4  5  9  0  0  1  0  0  45  0  167  124  7  -9  26  0  0  1  1  6.40  96           400 000
28751548 Jaaskelainen Joona 10  0  2  2  0  0  0  0  0  15  2  0  1  5  -4  2  0  0  0  0  2.70  27           205 000
21878800 Kaksonen Elmeri 16  4  3  7  0  0  0  1  0  33  7  68  78  5  -9  8  0  0  0  0  4.19  67           250 000
27846357 Karjalainen Henry 0  0  0  0  0  0  0  0  0  0  0  0  0  0  0  0  0  0  0  0  0  0           150 000
21996203 Kettunen Janne 0  0  0  0  0  0  0  0  0  0  0  0  0  0  0  0  0  0  0  0  0  0           175 000
24666721 Koho Ville 0  0  0  0  0  0  0  0  0  0  0  0  0  0  0  0  0  0  0  0  0  0           285 000
24680176 Koski Eetu 6  0  1  1  0  0  0  0  0  6  1  32  45  3  -4  0  0  0  0  0  1.17  7           245 000
24618711 Koskiranta Tero 16  3  4  7  0  0  0  0  0  41  5  113  141  5  -12  4  0  0  1  0  3.75  60           320 000
27777125 Kuronen Mikael 16  6  2  8  0  0  1  0  0  40  4  7  10  9  -13  2  0  1  1  0  5.13  82           350 000
22372826 Leivo Tomi 16  1  5  6  0  0  0  0  0  32  1  0  1  8  -8  2  0  0  1  0  3.69  59           300 000
40431858 Mcfarland John 9  1  2  3  0  0  0  0  0  18  1  2  1  5  -8  2  0  1  0  0  3.56  32           340 000
24894616 Monkare Antton 0  0  0  0  0  0  0  0  0  0  0  0  0  0  0  0  0  0  0  0  0  0           150 000
22710462 Nikko Joni 11  1  1  2  0  0  0  0  0  20  2  1  0  5  -4  4  0  0  0  0  3.18  35           285 000
29818817 Piironen Lauri 0  0  0  0  0  0  0  0  0  0  0  0  0  0  0  0  0  0  0  0  0  0           150 000
23179141 Salminen Saku 11  1  3  4  0  0  0  0  0  13  0  9  8  4  -1  12  0  0  0  0  2.82  31           165 000
23330074 Stromberg Kim 16  2  3  5  0  0  0  0  0  43  3  0  2  6  -10  4  0  0  0  0  3.63  58           300 000
40449116 Trotter Brock 8  1  3  4  0  0  0  0  0  21  3  0  0  3  -6  2  0  2  0  0  4.63  37           360 000
23555503 Vainikainen Ville 16  2  1  3  0  0  1  0  0  24  3  0  0  6  -1  18  0  0  0  1  3.25  52           230 000
23659810 Virkkunen Valtteri 15  3  1  4  0  0  0  0  0  21  5  50  66  7  -3  4  0  0  1  0  3.47  52           200 000
Sport
ID Maalivahti O M S P V H TP TO PM NP JM OR X XX XXX LPP/O LPP Arvo
24299693 Edelmann Mikael 0  0  0  0  0  0  0  0  0  0  0  0  0  0  0  0  0               150 000
21851801 Jarvinen Mika 14  0  0  0  4  7  3  349  30  3  0  0  2  1  2  9.00  126               355 000
28803425 Laakso Leevi 0  0  0  0  0  0  0  0  0  0  0  0  0  0  0  0  0               150 000
24137690 Rinne Rasmus 2  0  0  0  0  1  0  42  7  0  0  0  0  1  0  2.00  4               330 000
ID Puolustaja O M S P AVM AVS VM TM JA L B ALV ALH + - JM OR X XX XXX LPP/O LPP Arvo
21439582 Franssila Miika 2  0  0  0  0  0  0  0  0  3  0  0  0  1  0  0  0  0  0  0  2.50  5               150 000
24324348 Grondahl Ari 13  0  3  3  0  0  0  0  0  67  6  0  0  11  -8  2  0  0  0  0  5.85  76               375 000
24339317 Honkaheimo Otto 4  0  0  0  0  0  0  0  0  8  0  0  0  2  -3  2  0  0  0  0  1.75  7               210 000
24555256 Kankaanpera Markus 14  1  0  1  0  0  0  1  0  15  4  0  0  11  -7  32  0  0  0  1  4.36  61               275 000
22240990 Laakso Aleksi 6  0  2  2  0  0  0  0  0  26  3  0  0  2  -5  2  0  0  1  0  5.00  30               345 000
22281865 Laitamaki Juho-Erik 1  0  0  0  0  0  0  0  0  0  0  0  0  0  0  0  0  0  0  0  0.00  0               150 000
24947327 Nordlund Markus 15  1  3  4  0  0  0  0  0  58  3  0  0  8  -10  6  0  1  0  0  4.87  73               280 000
24993465 Pukka Mikko 14  1  0  1  0  0  0  0  0  13  2  0  0  5  -11  8  0  0  0  0  1.50  21               230 000
28891819 Salo Robin 10  0  2  2  0  0  0  0  0  36  3  0  0  6  -7  4  0  2  0  0  4.60  46               300 000
23217870 Saukko Ville 13  0  0  0  0  0  0  0  0  22  2  0  0  1  -9  6  0  0  0  0  0.54  7               160 000
24231486 Vakela Jesse 0  0  0  0  0  0  0  0  0  0  0  0  0  0  0  0  0  0  0  0  0  0               150 000
ID Hyokkaaja O M S P AVM AVS VM TM JA L B ALV ALH + - JM OR X XX XXX LPP/O LPP Arvo
21375264 Blomqvist Sami 5  0  0  0  0  0  0  0  0  11  0  0  0  0  -4  0  0  0  0  0  0.60  3           265 000
27411724 Brasken Carl-Axel 1  0  0  0  0  0  0  0  0  0  0  0  0  0  0  0  0  0  0  0  0.00  0           150 000
21940848 Karvinen Otto 9  0  2  2  0  0  0  0  0  16  3  0  0  2  -4  29  0  0  0  0  1.89  17           205 000
27407152 Kiviranta Joel 15  3  3  6  0  0  0  0  1  55  3  0  0  7  -3  8  0  1  2  0  6.00  90           300 000
22064642 Kokkala Lassi 15  1  4  5  0  0  1  0  0  53  3  115  72  2  -4  4  0  0  0  0  4.80  72           300 000
22078939 Komulainen Joonas 7  1  3  4  0  0  0  0  0  9  0  53  33  0  -4  0  0  0  1  1  4.57  32           315 000
22237482 Korkko Tomi 15  3  2  5  0  0  1  0  0  29  0  1  0  8  -7  0  0  0  1  0  3.80  57           285 000
24719953 Lamberg Matti 11  0  0  0  0  0  0  0  0  11  1  1  0  1  0  2  0  0  0  0  1.18  13           200 000
22671530 Nenonen Markus 11  6  2  8  0  0  1  0  0  65  0  0  2  5  -6  2  0  1  0  1  8.09  89           360 000
25661505 Rantamaki Jesse 0  0  0  0  0  0  0  0  0  0  0  0  0  0  0  0  0  0  0  0  0  0           175 000
23064609 Riska Erik 14  0  4  4  0  0  0  0  0  15  6  3  3  4  -3  4  0  0  0  0  2.86  40           240 000
25116157 Riska Filip 15  2  2  4  0  0  0  0  0  38  1  116  85  5  -9  4  0  0  0  0  3.93  59           235 000
25553671 Sundfors Niklas 0  0  0  0  0  0  0  0  0  0  0  0  0  0  0  0  0  0  0  0  0  0           150 000
28506900 Tikka Tommi 15  2  2  4  0  0  1  0  0  28  7  29  42  7  -11  20  0  0  0  0  3.13  47           275 000
33727088 Vaskivuo Mike 0  0  0  0  0  0  0  0  0  0  0  0  0  0  0  0  0  0  0  0  0  0           200 000
23597163 Vauhkonen Olavi 15  3  4  7  0  0  0  0  0  67  2  1  2  7  -9  2  0  0  0  0  5.33  80           375 000
25341223 Vihko Joonas 12  1  0  1  0  0  0  0  0  32  4  1  1  3  -11  2  0  0  0  0  2.25  27           275 000
25364666 Viitaluoma Ville-Veikko 14  1  6  7  0  0  0  1  0  33  1  121  102  9  -11  8  0  1  0  0  5.71  80           385 000
29516740 Vahakangas Verneri 4  0  1  1  0  0  0  0  0  10  0  0  0  2  -1  0  0  0  0  0  3.25  13           175 000
25441770 Vanttinen Tuomas 15  3  2  5  1  0  0  0  0  32  12  88  65  9  -6  2  0  2  0  0  5.67  85           350 000
23620470 Westermarck Felix 0  0  0  0  0  0  0  0  0  0  0  0  0  0  0  0  0  0  0  0  0  0           150 000
Tappara
ID Maalivahti O M S P V H TP TO PM NP JM OR X XX XXX LPP/O LPP Arvo
21589720 Heljanko Christian 0  0  0  0  0  0  0  0  0  0  0  0  0  0  0  0  0               150 000
40035616 Hrachovina Dominik 11  0  0  0  5  0  5  238  23  0  2  0  0  1  1  6.55  72               390 000
24793076 Lassila Teemu 6  0  0  0  2  2  1  118  15  0  0  0  0  1  0  3.33  20               300 000
ID Puolustaja O M S P AVM AVS VM TM JA L B ALV ALH + - JM OR X XX XXX LPP/O LPP Arvo
40339220 Bonsaksen Alexander 15  0  4  4  0  0  0  0  0  17  6  0  0  13  -5  14  0  0  0  0  5.67  85               285 000
21403877 Elorinne Aleksi 15  1  4  5  0  0  0  0  0  30  10  0  0  11  -8  2  0  0  0  0  5.33  80               335 000
21974869 Kemilainen Valtteri 7  1  2  3  0  0  1  0  0  24  0  0  0  4  -5  2  0  0  0  0  5.86  41               390 000
23000702 Rantakari Otso 14  2  4  6  0  0  0  0  0  43  4  1  0  5  -8  2  0  0  1  1  5.57  78               370 000
24127529 Rouhiainen Jere 11  0  1  1  0  0  0  0  0  9  0  0  0  4  -5  2  0  0  0  0  1.64  18               185 000
24190598 Salonen Aleksi 15  2  8  10  0  0  0  0  0  29  3  0  0  14  -6  4  0  0  0  0  8.07  121               300 000
25581559 Sammalkangas Tapio 6  0  0  0  0  0  0  0  0  5  2  0  0  1  -2  2  0  0  0  0  1.17  7               220 000
25573664 Saravo Pekka 15  0  1  1  0  0  0  0  0  18  5  0  0  7  -14  8  0  0  0  0  1.60  24               235 000
30738423 Utunen Toni 1  0  0  0  0  0  0  0  0  0  0  0  0  0  0  0  0  0  0  0  0.00  0               150 000
ID Hyokkaaja O M S P AVM AVS VM TM JA L B ALV ALH + - JM OR X XX XXX LPP/O LPP Arvo
21468906 Haapala Henrik 10  4  7  11  0  0  2  0  0  27  0  1  0  8  -2  6  0  2  1  1  9.90  99           470 000
21552647 Heikkila Miika 3  0  0  0  0  0  0  0  0  5  0  0  0  1  -1  0  0  0  0  0  1.33  4           170 000
25658466 Honkanen Manu 7  0  0  0  0  0  0  0  0  9  0  0  2  0  -1  0  0  0  0  0  0.43  3           160 000
21785090 Jasu Juhani 15  2  2  4  0  0  0  0  0  23  6  135  102  10  -7  6  0  2  0  0  5.13  77           250 000
21848539 Jarvinen Jan-Mikael 15  3  8  11  0  0  1  0  0  20  0  89  94  9  -5  8  0  1  0  0  5.67  85           330 000
21924709 Karjalainen Jere 15  2  8  10  0  0  0  0  0  52  6  0  1  9  -8  8  0  0  2  0  6.60  99           430 000
22290364 Lajunen Jani 14  3  5  8  0  0  1  0  0  26  0  128  136  8  -7  4  0  0  0  0  4.64  65           420 000
27746619 Levtchi Anton 1  0  0  0  0  0  0  0  0  1  0  0  0  0  -1  0  0  0  0  0  0.00  0           185 000
28745305 Luoto Joona 7  4  1  5  0  0  1  0  0  20  1  0  0  6  -2  2  0  1  0  1  8.43  59           240 000
24942005 Nurmi Teemu 14  3  9  12  0  0  0  1  0  44  1  1  1  7  -5  8  0  0  0  0  7.07  99           350 000
22842712 Peltola Jukka 15  6  8  14  0  0  1  0  2  53  3  0  2  13  -10  6  0  0  2  1  9.07  136           415 000
25040634 Peltonen Tomi 1  0  0  0  0  0  0  0  0  0  0  0  1  0  0  0  0  0  0  0  -1.00  -1           150 000
25113804 Rauhala Otto 15  1  4  5  0  0  0  0  0  21  5  28  22  9  -6  0  0  0  0  0  3.47  52           185 000
25139587 Repo Sebastian 15  5  7  12  0  0  0  0  1  56  2  1  0  8  -4  6  0  0  1  2  8.07  121           370 000
40431860 RXymark Martin 13  1  1  2  0  0  0  0  0  16  1  0  2  5  -5  4  0  1  0  0  2.38  31           205 000
25541395 Savinainen Veli-Matti 15  9  7  16  0  0  1  2  2  67  3  2  3  11  -12  0  0  0  0  4  10.20  153           485 000
TPS
ID Maalivahti O M S P V H TP TO PM NP JM OR X XX XXX LPP/O LPP Arvo
40310431 Georgiev Aleksandar 6  0  0  0  4  1  1  108  10  0  2  0  1  0  0  5.33  32               330 000
28628202 Kaarlehto Karolus 0  0  0  0  0  0  0  0  0  0  0  0  0  0  0  0  0               150 000
23249408 Setanen Oskari 9  0  0  0  6  1  2  221  17  1  0  0  3  0  1  9.78  88               360 000
ID Puolustaja O M S P AVM AVS VM TM JA L B ALV ALH + - JM OR X XX XXX LPP/O LPP Arvo
29587960 Berger Martin 12  0  0  0  0  0  0  0  0  2  0  0  0  1  -1  0  0  0  0  0  0.25  3               150 000
40364174 Dudas Jesse 0  0  0  0  0  0  0  0  0  0  0  0  0  0  0  0  0  0  0  0  0  0               150 000
23806498 Eronen Elmeri 15  1  2  3  0  0  0  0  0  35  3  0  0  10  -5  10  0  0  0  0  5.00  75               265 000
24318448 Forsstrom Jani 15  2  6  8  0  0  0  0  0  28  5  1  1  10  -4  8  0  0  0  0  7.27  109               300 000
24381077 Heikkinen Ilkka 15  3  8  11  0  0  2  0  0  71  5  0  0  19  -12  4  0  0  2  2  11.27  169               415 000
27841653 Keskitalo Miro 15  1  3  4  0  0  0  0  0  36  4  0  0  14  -9  43  0  0  0  1  5.00  75               225 000
22064150 Kojo Markus 0  0  0  0  0  0  0  0  0  0  0  0  0  0  0  0  0  0  0  0  0  0               175 000
29948541 Reunanen Tarmo 0  0  0  0  0  0  0  0  0  0  0  0  0  0  0  0  0  0  0  0  0  0               200 000
27684548 Tallinder Henrik 15  1  6  7  0  0  1  0  0  54  6  0  0  12  -4  6  0  2  1  2  8.40  126               320 000
25454136 Tikkanen Harri 15  0  0  0  0  0  0  0  0  34  5  0  0  9  -4  6  0  0  0  0  3.27  49               265 000
ID Hyokkaaja O M S P AVM AVS VM TM JA L B ALV ALH + - JM OR X XX XXX LPP/O LPP Arvo
24272490 Ahtola Jerry 15  3  8  11  1  0  0  0  0  24  1  111  163  14  -8  14  0  0  0  0  5.13  77           285 000
28670140 Kallio Tomi 14  6  8  14  0  0  1  0  0  85  2  2  1  16  -7  4  0  1  1  0  10.79  151           475 000
29805082 Karvonen Elias 9  0  3  3  0  0  0  0  0  16  1  34  45  3  -2  2  0  0  0  0  2.56  23           200 000
40277188 Kumeliauskas Tadas 0  0  0  0  0  0  0  0  0  0  0  0  0  0  0  0  0  0  0  0  0  0           250 000
22266806 Lahtinen Timi 0  0  0  0  0  0  0  0  0  0  0  0  0  0  0  0  0  0  0  0  0  0           150 000
24808136 Lindsten Jasper 15  6  8  14  0  0  0  0  0  39  2  1  0  17  -7  0  0  2  0  0  8.27  124           295 000
29543836 Lamsa Teemu 1  0  0  0  0  0  0  0  0  2  0  0  1  0  0  0  0  0  0  0  0.00  0           175 000
24916798 Nieminen Otto 10  4  1  5  0  0  1  1  0  14  3  0  0  5  -1  0  0  1  0  0  5.20  52           195 000
29991637 Nurmi Markus 0  0  0  0  0  0  0  0  0  0  0  0  0  0  0  0  0  0  0  0  0  0           150 000
24977737 Perrin Eric 11  5  5  10  0  0  1  0  0  31  0  100  89  11  -3  4  0  0  0  0  8.82  97           405 000
25032105 Pikkarainen Ilkka 13  4  3  7  0  0  1  0  0  48  1  1  3  6  -2  4  0  0  0  0  6.08  79           335 000
25652103 Siiki Oskari 12  0  4  4  0  0  0  0  0  31  1  0  0  1  0  0  0  0  0  0  3.17  38           215 000
40311090 Spina Dave 13  1  8  9  0  0  1  0  0  72  0  24  24  8  -10  10  0  2  0  1  7.69  100           450 000
25454547 Taavitsainen Topi 11  0  3  3  0  0  0  0  0  21  1  0  2  4  -1  2  0  0  0  0  3.00  33           250 000
40431403 Thorell Erik 15  9  3  12  0  0  3  0  0  64  1  0  0  12  -9  6  0  0  0  2  9.07  136           465 000
28262723 Virta Patrik 6  1  2  3  0  0  0  0  0  23  1  54  52  3  -4  0  0  0  1  0  5.67  34           350 000
23669075 Virtanen Jonne 15  1  3  4  0  0  0  0  0  13  2  63  92  4  -1  25  0  0  0  0  1.07  16           165 000
23702275 Vahatalo Julius 14  2  1  3  0  0  1  0  0  14  4  2  0  5  -2  4  0  0  0  0  3.21  45           225 000
29837610 Vayrynen Teemu 9  0  1  1  0  0  0  0  0  10  1  14  27  6  -3  0  0  0  0  1  2.11  19           160 000
Assat
ID Maalivahti O M S P V H TP TO PM NP JM OR X XX XXX LPP/O LPP Arvo
24244826 Ahonen Ari 3  0  0  0  1  1  0  50  8  0  0  0  0  0  0  2.00  6               325 000
34282069 Bernard Andreas 14  0  0  0  5  5  4  368  27  2  0  0  1  1  2  9.50  133               350 000
29849488 Kiviluoma Kalle 0  0  0  0  0  0  0  0  0  0  0  0  0  0  0  0  0               150 000
ID Puolustaja O M S P AVM AVS VM TM JA L B ALV ALH + - JM OR X XX XXX LPP/O LPP Arvo
24820363 Marttinen Jyri 14  2  4  6  1  0  0  1  0  49  3  0  0  10  -11  36  0  2  1  0  6.86  96               375 000
29786062 Makela Aleksi 15  0  1  1  0  0  0  0  0  19  1  0  0  3  -10  12  0  0  0  0  1.40  21               195 000
22843711 Peltola Niko 15  2  5  7  0  1  0  0  0  68  6  0  0  15  -9  10  0  1  0  2  9.13  137               340 000
23241406 Seppala Jere 16  2  4  6  0  1  0  0  0  56  5  0  0  16  -11  6  0  0  0  1  7.25  116               390 000
23470251 Tommila Juho 16  0  1  1  0  0  0  0  0  17  5  0  0  4  -11  4  0  0  0  0  1.00  16               230 000
23561924 Vainonen Mikko 6  0  0  0  0  0  0  0  0  6  1  0  0  1  -1  4  0  0  0  0  1.67  10               185 000
25334515 Viljanen Valtteri 16  2  3  5  0  0  1  0  0  36  4  1  0  9  -9  8  0  1  0  0  5.06  81               235 000
28504481 Vuorisalo Teemu 7  0  0  0  0  0  0  0  0  12  1  0  0  0  -3  2  0  0  0  0  0.71  5               185 000
29065479 Walli Juuso 7  0  0  0  0  0  0  0  0  11  2  0  0  2  0  2  0  0  0  0  2.43  17               205 000
ID Hyokkaaja O M S P AVM AVS VM TM JA L B ALV ALH + - JM OR X XX XXX LPP/O LPP Arvo
34254136 Bertrand Charles 16  3  2  5  0  0  1  0  0  99  0  1  2  7  -12  0  0  0  0  1  5.25  84           400 000
29804384 Embrich Erik 3  0  0  0  0  0  0  0  0  2  2  0  0  0  -2  0  0  0  0  0  0.33  1           175 000
24145873 Harttunen Julius 1  0  0  0  0  0  0  0  0  3  0  0  0  0  0  2  0  0  0  0  4.00  4           175 000
24237406 Huovinen Joonas 0  0  0  0  0  0  0  0  0  0  0  0  0  0  0  0  0  0  0  0  0  0           150 000
21772427 Jaatinen Antti 7  1  1  2  0  0  0  0  0  15  0  0  4  1  -7  0  0  0  0  0  1.71  12           205 000
27852901 Juhola Jouka 12  0  0  0  0  0  0  0  0  6  2  0  0  0  -4  0  0  0  0  0  0.25  3           175 000
21982576 Kerala Antti 16  0  9  9  0  0  0  0  0  36  0  120  108  10  -12  0  0  1  0  0  4.44  71           260 000
21985272 Keskilohko Henri 0  0  0  0  0  0  0  0  0  0  0  0  0  0  0  0  0  0  0  0  0  0           150 000
24662929 Kiilholma Juha 7  0  1  1  0  0  0  0  0  11  1  41  41  2  -6  4  0  0  0  0  2.00  14           285 000
22101686 Korhonen Ville 16  1  8  9  0  0  0  0  0  52  4  0  4  10  -12  6  0  0  0  0  5.06  81           300 000
24608682 Kuparinen Matti 10  3  2  5  0  2  0  0  0  17  1  137  101  5  -5  18  0  1  1  0  6.20  62           285 000
22227780 Karki Jarno 16  3  6  9  0  1  0  0  0  88  3  36  64  13  -8  12  0  0  1  2  7.56  121           350 000
24881755 Makkonen Jussi 2  1  0  1  0  0  0  0  1  13  1  24  18  1  0  0  0  0  0  0  10.50  21           360 000
22749608 Nuto Kasperi 6  0  0  0  0  0  0  0  0  8  0  0  0  1  -1  2  0  0  0  0  1.50  9           175 000
23764585 Ojamaki Niko 16  6  5  11  3  1  2  0  0  62  3  4  1  16  -8  0  0  1  1  1  8.94  143           350 000
24975496 Paakkolanvaara Tommi 5  1  2  3  0  0  1  0  0  11  1  59  44  5  -4  0  0  0  0  1  7.60  38           285 000
28731241 Pihlajamaki Valtteri 2  0  0  0  0  0  0  0  0  1  0  0  0  0  0  0  0  0  0  0  0.50  1           175 000
25153974 Ruotsalainen Arttu 10  1  0  1  0  0  0  1  0  19  0  9  36  1  -4  2  0  0  0  0  0.60  6           200 000
23155013 Saha Mikael 16  2  1  3  0  0  1  0  0  36  5  68  59  4  -6  6  0  0  0  0  3.69  59           230 000
25651492 Suoranta Simon 14  6  2  8  0  0  0  0  1  36  5  5  13  9  -9  29  0  0  0  0  5.43  76           370 000
23398634 Tammi Valtteri 1  0  0  0  0  0  0  0  0  1  0  0  0  0  0  0  0  0  0  0  1.00  1           165 000
24177618 Varttinen Matias 16  3  2  5  0  0  0  1  0  31  3  1  0  4  -6  0  0  1  1  0  3.38  54           275 000
