HIFK
ID Maalivahti O M S P V H TP TO PM NP JM OR X XX XXX LPP/O LPP Arvo
24288659 Backstrom Niklas 4  0  1  1  2  1  0  96  7  0  0  0  1  0  0  9.00  36               360 000
28890904 Halonen Niilo 1  0  0  0  0  0  0  11  2  0  0  0  0  0  0  1.00  1               155 000
24185189 Lankinen Kevin 14  0  0  0  2  10  2  291  37  2  4  0  0  4  0  4.21  59               350 000
24880772 Myllyniemi Jere 2  0  0  0  2  0  0  46  5  0  0  0  0  0  0  7.00  14               285 000
ID Puolustaja O M S P AVM AVS VM TM JA L B ALV ALH + - JM OR X XX XXX LPP/O LPP Arvo
21415137 Eronen Teemu 16  1  5  6  0  0  0  0  1  51  2  0  0  9  -19  43  0  1  0  0  3.63  58               350 000
40431556 Finley Joe 8  0  1  1  0  0  0  0  0  14  2  0  0  8  -6  39  0  0  0  0  2.63  21               255 000
40315931 Generous Matt 9  0  2  2  0  0  0  0  0  15  1  0  0  5  -3  4  0  0  0  0  4.00  36               240 000
40310923 Grillfors Daniel 17  1  6  7  0  0  0  0  0  28  6  1  0  9  -10  29  0  1  0  0  4.35  74               280 000
21555770 Heikkinen Eemeli 2  0  0  0  0  0  0  0  0  0  0  0  0  0  0  0  0  0  0  0  0.00  0               150 000
28843210 Heiskanen Miro 6  2  1  3  0  0  0  0  0  21  1  0  0  2  -10  2  0  0  0  0  4.33  26               300 000
40460715 Hogstrom Marcus 2  0  0  0  0  0  0  0  0  5  0  0  0  1  -2  2  0  0  0  0  2.00  4               280 000
21926286 Karjalainen Miro 0  0  0  0  0  0  0  0  0  0  0  0  0  0  0  0  0  0  0  0  0  0               285 000
24235673 Kaski Oliwer 16  1  2  3  0  0  0  0  0  49  2  1  0  9  -9  0  0  0  0  0  3.81  61               180 000
40310918 O'connor Ryan 15  2  4  6  0  0  0  0  0  74  2  0  0  11  -3  4  0  2  1  0  8.00  120               395 000
23167645 Salmela Saku 15  4  4  8  0  0  0  0  0  45  2  19  18  13  -11  12  0  0  1  0  7.13  107               245 000
23170797 Salmi Juuso 17  0  0  0  0  0  0  0  0  28  6  0  0  7  -8  14  0  0  0  0  2.59  44               205 000
29627956 Schnitt Oliver 1  0  0  0  0  0  0  0  0  2  0  0  0  1  -1  2  0  0  0  0  4.00  4               160 000
23424825 Teppo Miihkali 7  1  2  3  0  0  0  0  0  11  1  0  0  3  -6  2  0  0  0  0  4.00  28               195 000
30692420 Ulander Elias 0  0  0  0  0  0  0  0  0  0  0  0  0  0  0  0  0  0  0  0  0  0               150 000
ID Hyokkaaja O M S P AVM AVS VM TM JA L B ALV ALH + - JM OR X XX XXX LPP/O LPP Arvo
24242404 Aaltonen Juhamatti 17  8  8  16  0  0  1  0  0  96  1  1  1  14  -18  14  0  1  1  1  9.71  165           485 000
40314554 Elkins Corey 8  2  4  6  1  0  0  0  0  21  1  95  50  4  -7  2  0  1  0  0  7.88  63           370 000
27820360 Hintz Roope 15  6  3  9  0  0  0  0  0  60  1  117  137  13  -13  16  0  1  1  0  6.27  94           370 000
30731093 Hamalainen Janne 5  0  1  1  0  0  0  0  0  3  0  0  0  1  -3  0  0  0  0  0  1.20  6           160 000
24464062 Ikonen Jasse 17  2  0  2  0  0  0  0  0  39  2  1  2  6  -10  2  0  0  0  1  2.59  44           300 000
40455834 Johansson Mikael 17  2  7  9  0  0  0  0  0  40  1  98  94  9  -18  6  0  0  0  0  4.24  72           300 000
30345845 Jaaska Juha 8  0  1  1  0  0  0  0  0  8  0  11  14  2  -1  0  0  0  0  0  1.38  11           160 000
28576383 Kantola Kai 18  4  2  6  0  0  0  0  0  69  1  20  16  7  -14  14  0  0  1  0  4.94  89           325 000
22366599 Leino Robert 13  0  5  5  0  0  0  0  0  34  2  89  88  6  -6  4  0  0  0  0  3.85  50           265 000
24742742 Levanen Alex 0  0  0  0  0  0  0  0  0  0  0  0  0  0  0  0  0  0  0  0  0  0           160 000
24711621 Luttinen Arttu 17  4  4  8  0  0  2  0  0  45  1  2  0  12  -10  12  0  0  2  1  6.29  107           315 000
22497989 Malinen Jarkko 15  1  6  7  0  0  0  0  0  47  0  120  105  5  -10  8  0  0  0  0  4.87  73           405 000
22756329 Nykopp Thomas 7  0  0  0  0  0  0  0  0  12  1  31  28  1  -2  2  0  0  0  0  1.57  11           270 000
22815419 Partanen Mika 0  0  0  0  0  0  0  0  0  0  0  0  0  0  0  0  0  0  0  0  0  0           300 000
25012824 Petrell Lennart 16  2  2  4  0  0  0  0  0  26  3  6  4  8  -10  6  0  1  1  1  3.63  58           325 000
22953708 Puustinen Juuso 12  1  4  5  0  0  2  0  0  22  3  0  2  10  -5  4  0  0  0  0  5.00  60           310 000
23017821 Rask Joonas 16  3  4  7  0  0  0  0  0  36  0  12  10  9  -12  4  0  0  0  1  4.38  70           315 000
25500873 Tamminen Henri 12  2  1  3  0  0  0  0  0  22  2  0  0  3  -5  6  0  1  0  0  3.33  40           195 000
23400483 Tamminen Juhani 0  0  0  0  0  0  0  0  0  0  0  0  0  0  0  0  0  0  0  0  0  0           160 000
23500545 Tuomisto Tomi 0  0  0  0  0  0  0  0  0  0  0  0  0  0  0  0  0  0  0  0  0  0           210 000
23793763 Asten Micke-Max 11  0  1  1  0  0  0  0  0  12  1  12  9  2  -4  4  0  0  0  0  1.73  19           200 000
HPK
ID Maalivahti O M S P V H TP TO PM NP JM OR X XX XXX LPP/O LPP Arvo
40429481 GrXnstrand Fredrik 0  0  0  0  0  0  0  0  0  0  0  0  0  0  0  0  0               150 000
28944258 Karjalainen Antti 6  0  0  0  2  2  2  125  15  1  2  0  2  0  0  5.83  35               325 000
27828252 Larmi Emil 11  0  0  0  7  3  1  257  19  2  2  0  1  0  3  10.18  112               350 000
29652963 Luukkonen Ukko-Pekka 0  0  0  0  0  0  0  0  0  0  0  0  0  0  0  0  0               200 000
ID Puolustaja O M S P AVM AVS VM TM JA L B ALV ALH + - JM OR X XX XXX LPP/O LPP Arvo
29780877 Almari Niclas 10  1  0  1  0  0  0  0  0  14  4  0  0  3  -3  6  0  0  0  0  3.00  30               235 000
21433957 Forsberg Henrik 17  0  2  2  0  0  0  0  0  46  2  1  2  10  -7  24  0  0  0  0  3.88  66               230 000
24155339 Haaranen Matias 0  0  0  0  0  0  0  0  0  0  0  0  0  0  0  0  0  0  0  0  0  0               150 000
24229715 Jalonen Jimi 2  0  0  0  0  0  0  0  0  0  0  0  0  0  -1  0  0  0  0  0  -1.00  -2               150 000
22346140 Lehtivuori Joonas 17  2  5  7  0  0  1  0  0  56  5  1  0  9  -6  6  0  1  1  1  6.76  115               335 000
22510552 Manninen Oskari 17  4  2  6  0  0  1  0  0  42  3  0  0  10  -6  2  0  1  1  0  5.94  101               365 000
22709389 Nikkila Petteri 17  2  2  4  0  0  0  0  0  44  3  0  0  9  -8  10  0  0  0  0  4.76  81               320 000
40465926 O'brien Shane 7  0  1  1  0  0  0  0  0  7  1  0  0  3  -3  0  0  0  0  0  2.00  14               275 000
23775707 Olkkonen Joel 2  0  0  0  0  0  0  0  0  3  0  0  0  0  -1  2  0  0  0  0  1.00  2               160 000
40457166 Porseland Mathias 14  3  7  10  0  0  0  0  1  68  0  0  0  11  -6  10  0  0  3  1  10.57  148               405 000
25662148 Salmela Eetu 0  0  0  0  0  0  0  0  0  0  0  0  0  0  0  0  0  0  0  0  0  0               150 000
23517198 Tuulola Joni 13  1  3  4  0  0  0  0  0  28  5  0  0  10  -5  0  0  0  1  0  5.38  70               275 000
ID Hyokkaaja O M S P AVM AVS VM TM JA L B ALV ALH + - JM OR X XX XXX LPP/O LPP Arvo
40432221 Cornet Philippe 8  5  2  7  0  0  1  1  1  25  2  1  1  9  -4  0  0  0  0  2  10.00  80           250 000
24348942 Hagman Niklas 7  0  1  1  0  0  0  0  0  28  0  0  1  2  -5  10  0  0  0  0  1.86  13           355 000
21521047 Harainen Tommi 1  0  0  0  0  0  0  0  0  0  0  0  0  0  0  0  0  0  0  0  0.00  0           150 000
24341444 Hopponen Waltteri 8  0  0  0  0  0  0  0  0  18  0  0  0  0  -1  6  0  0  0  0  2.00  16           180 000
29690417 Innala Jere 11  0  2  2  0  0  0  0  0  17  0  0  1  3  -2  2  0  0  0  0  2.00  22           175 000
21870028 Kainulainen Harri 1  0  0  0  0  0  0  0  0  4  0  0  0  0  0  0  0  0  0  0  2.00  2           160 000
24678450 Kapanen Niko 15  3  6  9  0  0  1  0  0  37  0  114  112  9  -3  4  0  0  1  0  6.07  91           400 000
24555418 Keranen Juho 13  2  3  5  0  0  0  0  0  22  1  20  10  5  -5  22  0  0  0  0  4.38  57           320 000
24538367 Koivisto Juha 4  1  0  1  0  0  0  0  0  10  1  0  1  1  0  0  0  0  0  0  3.75  15           275 000
24772275 Lahti Janne 17  2  5  7  0  0  0  1  0  71  0  0  3  9  -8  2  0  0  0  0  4.94  84           370 000
22511124 Manninen Sakari 16  6  7  13  2  0  1  0  0  63  2  24  15  12  -7  2  0  1  0  3  8.94  143           440 000
27752328 Paajanen Otto 17  4  7  11  0  0  1  0  0  56  1  151  132  15  -4  4  0  0  1  0  7.29  124           310 000
22805092 Palve Oula 17  1  6  7  0  0  1  0  0  62  1  111  82  6  -10  10  0  1  1  0  5.59  95           355 000
23097498 Ruokonen Miro 4  2  0  2  0  0  1  0  0  3  1  1  0  2  -1  0  0  0  0  0  5.25  21           180 000
23264399 Sillanpaa Severi 16  3  1  4  0  0  2  0  0  13  1  82  111  5  -3  0  0  0  1  0  2.56  41           235 000
29985229 Somervuori Eero 17  0  6  6  0  0  0  0  0  48  0  0  1  10  -3  2  0  2  0  0  4.24  72           330 000
23509177 Turtiainen Jaakko 14  0  0  0  0  0  0  0  0  30  3  0  1  3  -5  6  0  0  0  0  1.86  26           225 000
25506929 Turunen Teemu 17  2  5  7  0  0  0  0  0  76  7  2  0  8  -8  6  0  1  0  0  5.65  96           380 000
23577387 Valtonen Julius 0  0  0  0  0  0  0  0  0  0  0  0  0  0  0  0  0  0  0  0  0  0           160 000
29885743 Vesalainen Kristian 0  0  0  0  0  0  0  0  0  0  0  0  0  0  0  0  0  0  0  0  0  0           250 000
Ilves
ID Maalivahti O M S P V H TP TO PM NP JM OR X XX XXX LPP/O LPP Arvo
22353515 Lehtonen Antti 10  0  1  1  3  5  1  210  23  1  0  0  1  1  1  6.40  64               290 000
28558916 Saari Mikael 0  0  0  0  0  0  0  0  0  0  0  0  0  0  0  0  0               150 000
25491526 Toivonen Hannu 8  0  0  0  0  5  3  216  22  0  0  0  1  1  1  5.13  41               355 000
30049772 Urpolahti Waltteri 0  0  0  0  0  0  0  0  0  0  0  0  0  0  0  0  0               175 000
ID Puolustaja O M S P AVM AVS VM TM JA L B ALV ALH + - JM OR X XX XXX LPP/O LPP Arvo
24279752 Aalto Teemu 17  1  7  8  0  0  0  0  0  76  4  0  0  15  -20  16  0  0  0  0  6.88  117               360 000
21423970 Fagerudd Marcus 10  0  0  0  0  0  0  0  0  23  5  0  0  2  -7  2  0  1  0  0  1.30  13               200 000
27828414 Ilomaki Valtteri 13  1  0  1  0  0  0  1  0  13  1  0  0  4  -7  2  0  0  0  1  1.77  23               180 000
27839788 Jarvinen Ville 12  0  1  1  0  0  0  0  0  16  0  0  0  6  -9  12  0  0  0  0  2.42  29               215 000
22183921 Kunnas Joona 9  0  0  0  0  0  0  0  0  5  0  0  0  0  -1  2  0  0  0  0  0.33  3               160 000
24786410 Laatikainen Arto 14  0  6  6  0  1  0  0  0  43  4  0  0  5  -5  16  0  0  1  0  5.36  75               270 000
27362239 Mantyla Henry 8  0  0  0  0  0  0  0  0  12  0  0  0  0  -5  2  0  0  0  0  0.00  0               160 000
22684873 Niemi Jyri 0  0  0  0  0  0  0  0  0  0  0  0  0  0  0  0  0  0  0  0  0  0               240 000
28905831 Parikka Jarkko 17  0  3  3  0  0  0  0  0  39  2  0  2  12  -16  4  0  0  0  0  2.88  49               220 000
25381270 Vainio Olli 16  1  5  6  0  0  1  0  0  33  4  0  0  7  -7  6  0  1  0  0  4.88  78               240 000
23680559 Vittasmaki Veli-Matti 3  0  1  1  0  0  0  0  0  9  0  0  0  3  -1  2  0  0  0  0  7.00  21               225 000
ID Hyokkaaja O M S P AVM AVS VM TM JA L B ALV ALH + - JM OR X XX XXX LPP/O LPP Arvo
24256597 Ahoniemi Niko 14  2  2  4  0  0  0  0  0  32  1  0  0  5  -6  4  0  0  1  0  3.57  50           185 000
40456362 Bulmer Brett 8  1  2  3  0  0  1  0  0  24  0  1  0  6  -5  0  0  1  0  0  4.88  39           260 000
40453125 D'amigo Jerry 17  6  6  12  1  0  2  0  0  37  0  1  9  9  -12  4  0  1  2  0  5.94  101           300 000
21431409 Flinck Markku 17  3  2  5  0  0  0  0  0  43  1  122  110  7  -8  0  0  1  0  0  3.76  64           300 000
29870486 Haapanen Topias 8  1  0  1  0  0  0  0  0  6  1  2  6  3  -3  0  0  1  1  0  2.13  17           210 000
24139944 Helenius Jere 7  0  2  2  0  0  0  0  0  7  3  0  0  3  -3  0  0  0  0  0  2.86  20           185 000
24436809 Hintz Miiko 0  0  0  0  0  0  0  0  0  0  0  0  0  0  0  0  0  0  0  0  0  0           200 000
29028513 Ikonen Joona 2  0  0  0  0  0  0  0  0  3  0  0  0  0  -1  0  0  0  0  0  0.50  1           160 000
21802135 Jokinen Markus 11  0  1  1  0  0  0  0  0  27  2  1  0  2  -3  6  0  0  0  0  2.64  29           260 000
21983740 Keranen Michael 15  4  2  6  0  0  0  1  0  62  2  92  85  6  -13  12  0  0  1  0  5.67  85           400 000
28577104 Koivula Otto 10  1  6  7  0  0  0  0  1  20  3  3  10  6  -5  0  0  0  0  1  5.50  55           290 000
22244996 Laakso Tapio 17  4  6  10  0  1  0  1  0  45  6  176  135  9  -8  12  0  1  1  1  7.24  123           300 000
22441087 Liuksiala Juho 16  2  2  4  0  0  0  0  0  47  0  0  0  5  -8  0  0  0  0  1  3.25  52           215 000
26590031 Meskanen Ville 2  0  1  1  0  0  0  0  0  10  1  0  1  1  -1  0  0  0  0  0  5.50  11           285 000
22598901 Mustonen Aleksi 16  2  3  5  0  0  0  0  0  35  0  83  99  6  -10  0  0  0  1  0  2.75  44           295 000
23029644 Rautiainen Teemu 12  5  2  7  0  0  1  0  0  43  0  0  2  7  -10  2  0  1  0  0  5.75  69           350 000
23204825 Sandell Sami 0  0  0  0  0  0  0  0  0  0  0  0  0  0  0  0  0  0  0  0  0  0           250 000
27745063 Seppanen Janne 0  0  0  0  0  0  0  0  0  0  0  0  0  0  0  0  0  0  0  0  0  0           150 000
23307832 Sointu Matias 4  1  0  1  0  0  0  0  0  9  0  7  13  1  -3  2  0  0  0  0  2.50  10           275 000
23351053 Suomi Eemeli 12  0  1  1  0  0  0  0  0  18  1  2  2  1  -6  6  0  0  0  0  1.58  19           250 000
25329384 Vuoti Santeri 14  0  0  0  0  0  0  0  0  26  5  10  13  3  -10  4  0  0  0  0  1.21  17           160 000
Jukurit
ID Maalivahti O M S P V H TP TO PM NP JM OR X XX XXX LPP/O LPP Arvo
24944867 Norja Mika 1  0  0  0  0  1  0  32  3  0  0  0  0  0  0  5.00  5               300 000
22993098 Rajaniemi Sami 17  0  0  0  3  10  4  378  36  0  0  0  1  1  1  4.41  75               365 000
ID Puolustaja O M S P AVM AVS VM TM JA L B ALV ALH + - JM OR X XX XXX LPP/O LPP Arvo
21352546 Auvinen Henri 1  0  0  0  0  0  0  0  0  0  0  0  0  0  0  2  0  0  0  0  2.00  2               200 000
24421720 Hietanen Valtteri 18  0  1  1  0  0  0  0  0  32  2  0  0  5  -10  8  0  0  0  0  1.67  30               250 000
21700651 Hyvarinen Ville 8  0  0  0  0  0  0  0  0  2  1  0  0  0  -2  4  0  0  0  0  0.38  3               170 000
21772430 Jaatinen Antti 17  1  0  1  0  0  0  0  0  52  1  0  0  6  -11  20  0  1  0  0  2.53  43               225 000
21913668 Karalahti Keni 15  1  1  2  0  0  1  0  0  36  1  0  0  3  -9  4  0  0  0  0  2.33  35               180 000
24644552 Kauppinen Marko 17  0  2  2  0  0  0  0  0  47  1  0  0  6  -9  2  0  1  0  0  2.59  44               350 000
22051859 Koivisto Miika 16  1  11  12  0  0  0  0  1  65  4  1  0  10  -13  10  0  1  1  1  8.81  141               400 000
31128854 Kokkonen Mikko 0  0  0  0  0  0  0  0  0  0  0  0  0  0  0  0  0  0  0  0  0  0               150 000
22891255 Piipponen Samuli 10  0  0  0  0  0  0  0  0  16  3  0  0  3  -6  8  0  1  0  0  2.00  20               215 000
23334106 Suhonen Teemu 13  3  0  3  0  0  0  0  0  47  1  0  0  5  -5  2  0  1  0  1  5.00  65               275 000
25385331 Vaarasuo Ilkka 0  0  0  0  0  0  0  0  0  0  0  0  0  0  0  0  0  0  0  0  0  0               150 000
23568561 Valkonen Joonas 0  0  0  0  0  0  0  0  0  0  0  0  0  0  0  0  0  0  0  0  0  0               150 000
ID Hyokkaaja O M S P AVM AVS VM TM JA L B ALV ALH + - JM OR X XX XXX LPP/O LPP Arvo
21345676 Asplund Turo 17  3  3  6  0  0  0  0  0  45  3  188  140  4  -11  6  0  1  0  0  4.65  79           300 000
40435937 Budish Zach 18  3  8  11  0  0  0  0  1  65  2  91  91  10  -7  6  0  1  0  1  6.39  115           320 000
21600081 Henritius Teemu 17  0  1  1  0  0  0  0  0  7  1  66  56  1  -4  2  0  0  0  0  0.76  13           180 000
24351573 Hamalainen Ville 0  0  0  0  0  0  0  0  0  0  0  0  0  0  0  0  0  0  0  0  0  0           160 000
21888612 Kalliola Joonas 18  1  4  5  0  0  0  0  0  27  5  13  15  7  -7  2  0  0  1  0  3.06  55           230 000
22049667 Koivisto Henrik 17  1  6  7  0  0  0  0  0  53  2  92  93  5  -8  6  0  0  2  0  4.41  75           375 000
22181127 Kumpulainen Janne 1  0  0  0  0  0  0  0  0  0  0  0  0  0  0  0  0  0  0  0  0.00  0           225 000
24753799 Laakkonen Niko 14  0  0  0  0  0  0  0  0  20  1  0  0  0  -1  4  0  0  0  0  1.21  17           180 000
24174051 Leskinen Ville 3  0  0  0  0  0  0  0  0  5  0  0  0  0  0  2  0  0  0  0  1.67  5           220 000
22476117 Lahde Nestori 18  2  1  3  0  0  0  0  0  25  4  1  0  3  -4  8  0  0  0  0  2.56  46           200 000
22770952 Nattinen Topi 18  2  3  5  0  0  1  0  0  63  1  95  92  5  -8  6  0  1  0  1  4.11  74           295 000
22895620 Piitulainen Jesper 17  1  3  4  0  0  0  0  0  54  1  1  0  4  -7  2  0  0  1  0  3.41  58           280 000
25116623 Ritamaki Janne 18  4  1  5  0  0  0  1  0  40  3  0  0  5  -10  14  0  0  0  0  4.00  72           280 000
23075106 Roine Miika 18  3  5  8  0  0  0  0  0  34  11  11  14  6  -11  4  0  1  0  0  3.89  70           345 000
25612088 Sipilainen Olli 17  2  1  3  0  0  0  0  0  18  1  1  1  3  -6  0  0  1  0  0  1.76  30           185 000
23394612 Tallberg Teemu 18  2  3  5  0  0  1  0  0  45  10  2  3  5  -8  0  0  0  0  0  3.39  61           340 000
JYP
ID Maalivahti O M S P V H TP TO PM NP JM OR X XX XXX LPP/O LPP Arvo
24158200 Olkinuora Juho 10  0  1  1  8  2  0  252  15  3  4  0  0  2  3  14.40  144               340 000
29857823 Ruusu Markus 2  0  0  0  1  1  0  35  2  1  0  0  1  0  0  11.00  22               300 000
23487192 Tuokkola Pekka 6  0  0  0  6  0  0  129  6  2  2  0  2  1  0  13.00  78               365 000
ID Puolustaja O M S P AVM AVS VM TM JA L B ALV ALH + - JM OR X XX XXX LPP/O LPP Arvo
21295959 Aitola Olli 0  0  0  0  0  0  0  0  0  0  0  0  0  0  0  0  0  0  0  0  0  0               150 000
24300210 Erving Joona 0  0  0  0  0  0  0  0  0  0  0  0  0  0  0  0  0  0  0  0  0  0               150 000
23837234 Friman Niklas 17  2  2  4  0  0  1  0  0  37  0  0  0  14  -1  4  0  0  0  0  5.82  99               225 000
21799484 Jokinen Jaakko 6  0  0  0  0  0  0  0  0  6  0  0  0  3  -1  0  0  0  0  0  1.83  11               160 000
21892307 Kalteva Mikko 16  1  7  8  0  0  1  0  0  45  2  0  0  6  -8  4  0  0  0  0  5.56  89               380 000
24535632 Kuukka Mikko 17  0  1  1  0  0  0  0  0  33  11  0  0  13  -4  16  0  0  0  0  4.82  82               220 000
22339759 Lehtinen Kai 0  0  0  0  0  0  0  0  0  0  0  0  0  0  0  0  0  0  0  0  0  0               160 000
24715452 Lindroos Alex 0  0  0  0  0  0  0  0  0  0  0  0  0  0  0  0  0  0  0  0  0  0               150 000
22711526 Niku Sami 16  3  7  10  0  0  2  0  0  57  1  0  0  10  -5  10  0  2  0  0  8.56  137               340 000
22937737 Pulli Juuso 9  1  0  1  0  0  0  0  0  21  5  0  0  4  -4  4  0  0  1  0  3.78  34               205 000
25323173 Uotila Juha 4  0  0  0  0  0  0  0  0  7  0  0  0  1  -1  0  0  0  0  0  1.25  5               185 000
30487321 Vaakanainen Urho 10  0  0  0  0  0  0  0  0  17  0  0  0  6  -2  0  0  0  0  0  2.60  26               250 000
23557763 Vainio Juuso 15  1  3  4  0  0  0  0  0  41  0  0  0  7  -8  4  0  0  1  0  4.13  62               230 000
40371299 Yonkman Nolan 15  0  4  4  0  1  0  0  0  35  1  0  0  9  -5  37  0  1  1  0  4.87  73               200 000
ID Hyokkaaja O M S P AVM AVS VM TM JA L B ALV ALH + - JM OR X XX XXX LPP/O LPP Arvo
21659838 Hotakainen Valtteri 5  0  0  0  0  0  0  0  0  8  0  9  22  0  0  4  0  0  0  0  1.20  6           230 000
24415613 Hytonen Juha-Pekka 17  6  9  15  1  1  0  0  0  46  1  171  141  13  -4  4  0  2  2  1  9.06  154           420 000
27775017 Kanninen Henri 17  5  1  6  0  0  2  0  0  33  1  56  87  6  -2  0  0  0  0  1  3.59  61           220 000
24638995 Kolehmainen Janne 13  1  1  2  0  0  0  0  0  23  8  4  9  7  -1  8  0  0  0  0  3.69  48           275 000
27775305 Likola Arttu 4  1  1  2  0  0  0  0  0  12  0  0  0  3  0  0  0  0  0  0  5.75  23           160 000
24811398 Louhivaara Ossi 15  3  3  6  0  0  1  0  0  50  4  1  1  6  -3  0  0  1  0  1  5.20  78           330 000
22483058 Lofman Anssi 16  3  7  10  1  0  2  0  0  42  1  147  147  11  -5  8  0  1  2  0  7.00  112           275 000
40463604 Miklik Michel 6  5  2  7  0  0  2  0  0  29  0  1  0  5  -4  4  0  0  0  2  12.50  75           375 000
22770842 Nattinen Joonas 15  1  9  10  0  0  0  0  0  41  0  19  21  8  -8  10  0  0  0  0  5.53  83           320 000
25014534 Pihlman Tuomas 10  1  0  1  0  0  0  0  0  16  3  1  0  0  -2  4  0  0  0  0  2.20  22           240 000
33373610 Rooba Robert 1  1  0  1  0  0  0  0  0  5  0  0  0  1  0  0  0  0  0  0  11.00  11           165 000
23137280 Saari Micke 7  1  2  3  0  0  1  0  0  14  0  1  1  3  -5  2  0  0  0  1  4.43  31           200 000
23181087 Salmio Mikko 13  0  3  3  0  0  0  0  0  14  4  0  2  3  -1  4  0  0  0  0  2.38  31           240 000
25611050 Sund Joel 3  0  0  0  0  0  0  0  0  8  0  0  1  0  0  0  0  0  0  0  1.33  4           170 000
23349227 Suomela Antti 15  7  7  14  0  0  0  0  0  76  1  94  81  7  -8  6  0  0  1  2  9.20  138           430 000
23418213 Tavi Janne 17  3  10  13  0  0  1  0  0  74  2  1  3  14  -4  2  0  1  0  0  7.65  130           325 000
25492334 Tiainen Riku 0  0  0  0  0  0  0  0  0  0  0  0  0  0  0  0  0  0  0  0  0  0           150 000
23505155 Tuppurainen Jani 17  6  6  12  0  0  1  0  0  64  1  2  2  8  -4  8  0  0  0  2  7.35  125           400 000
27647886 Turkulainen Jerry 13  3  7  10  0  0  1  0  0  24  0  5  22  10  -5  0  0  0  2  1  5.85  76           260 000
KalPa
ID Maalivahti O M S P V H TP TO PM NP JM OR X XX XXX LPP/O LPP Arvo
40385084 Godla Denis 3  0  0  0  0  0  3  80  8  0  2  0  0  1  1  7.67  23               300 000
24555926 Kilpelainen Eero 14  0  2  2  6  2  6  344  24  1  2  0  3  2  1  10.36  145               405 000
28976734 Kinnunen Severi 0  0  0  0  0  0  0  0  0  0  0  0  0  0  0  0  0               150 000
ID Puolustaja O M S P AVM AVS VM TM JA L B ALV ALH + - JM OR X XX XXX LPP/O LPP Arvo
24333193 Halonen Antti 0  0  0  0  0  0  0  0  0  0  0  0  0  0  0  0  0  0  0  0  0  0               150 000
22086523 Koponen Janne 1  0  0  0  0  0  0  0  0  0  0  0  0  0  0  0  0  0  0  0  0.00  0               160 000
24174048 Leskinen Otto 17  1  1  2  0  0  0  0  0  18  1  0  0  5  -4  4  0  0  1  0  2.35  40               220 000
22452814 Lukka Santeri 17  1  5  6  0  0  0  0  0  68  1  0  0  9  -9  24  0  1  0  0  5.71  97               370 000
22474067 Lyytinen Joonas 17  3  2  5  0  0  1  1  0  62  2  0  0  10  -11  8  0  0  0  1  5.82  99               350 000
24890199 Mikkola Niko 15  2  4  6  0  0  0  1  0  29  1  0  0  11  -6  45  0  2  0  0  5.47  82               320 000
25108217 Riikola Juuso 16  2  2  4  0  0  0  0  1  64  5  0  0  7  -10  14  0  1  0  1  5.75  92               355 000
30730256 Ruuskanen Waltteri 0  0  0  0  0  0  0  0  0  0  0  0  0  0  0  0  0  0  0  0  0  0               160 000
23242492 Seppala Mikael 15  0  1  1  0  0  0  0  0  9  2  0  0  4  -2  2  0  0  0  0  1.73  26               180 000
25611403 Sopanen Eetu 0  0  0  0  0  0  0  0  0  0  0  0  0  0  0  0  0  0  0  0  0  0               200 000
25517031 Timonen Jussi 17  2  4  6  0  0  0  0  0  23  5  0  1  12  -7  12  0  0  0  0  5.65  96               290 000
ID Hyokkaaja O M S P AVM AVS VM TM JA L B ALV ALH + - JM OR X XX XXX LPP/O LPP Arvo
27826160 Hamalainen Aleksi 0  0  0  0  0  0  0  0  0  0  0  0  0  0  0  0  0  0  0  0  0  0           150 000
24463542 Ilomaki Arttu 17  3  8  11  0  0  2  0  0  58  2  68  53  12  -3  4  0  1  0  1  7.18  122           365 000
21804861 Jokinen Tommi 17  5  1  6  0  0  0  0  0  37  1  1  4  6  -9  6  0  1  0  0  3.76  64           350 000
21817612 Junnila Jyri 13  0  2  2  0  0  0  0  0  21  10  0  3  3  -9  4  0  0  0  0  2.23  29           290 000
21983012 Keranen Janne 17  8  4  12  0  0  3  1  0  71  0  0  3  10  -4  6  0  0  1  2  8.12  138           420 000
28570745 Knuutinen Henri 3  1  0  1  0  0  0  0  0  5  0  0  0  2  -2  0  0  1  0  0  4.00  12           165 000
27943137 Kokkola Tatu 0  0  0  0  0  0  0  0  0  0  0  0  0  0  0  0  0  0  0  0  0  0           150 000
22464239 Luostarinen Eetu 7  1  1  2  0  0  1  0  0  9  1  25  32  2  -3  14  0  0  0  1  2.71  19           210 000
22504856 Mankinen Jesse 17  1  6  7  0  0  0  1  0  54  4  1  0  5  -7  2  0  0  1  0  4.35  74           435 000
24871956 Mutanen Sami 16  0  1  1  0  0  0  0  0  41  7  5  4  4  -8  8  0  0  0  0  2.63  42           265 000
24849205 Myttynen Matias 16  4  4  8  0  0  1  0  0  54  1  120  120  9  -9  4  0  0  0  0  5.63  90           330 000
30475553 Nevalainen Juuso 0  0  0  0  0  0  0  0  0  0  0  0  0  0  0  0  0  0  0  0  0  0           150 000
22750794 Nuutinen Mikko 15  3  6  9  0  0  0  0  0  43  3  3  1  9  -4  4  0  0  1  0  6.07  91           300 000
29859517 Piipponen Topi 8  0  0  0  0  0  0  0  0  10  3  0  0  1  0  0  0  0  0  0  1.25  10           205 000
25057054 Pitkanen Miikka 17  1  3  4  0  0  0  0  0  22  0  15  18  8  -3  2  0  0  0  0  2.71  46           255 000
23065792 Rissanen Jaakko 17  1  10  11  0  0  0  0  0  49  1  152  145  8  -4  6  0  0  0  0  5.59  95           405 000
25663901 Ruuttu Alexander 17  2  2  4  0  0  0  0  0  44  1  63  91  7  -4  2  0  0  0  0  2.76  47           270 000
34250949 Sebok Balazs 9  0  2  2  0  0  0  0  0  13  1  31  69  4  -4  2  0  0  0  0  1.00  9           255 000
23560365 Vainiola Ville-Vesa 0  0  0  0  0  0  0  0  0  0  0  0  0  0  0  0  0  0  0  0  0  0           225 000
KooKoo
ID Maalivahti O M S P V H TP TO PM NP JM OR X XX XXX LPP/O LPP Arvo
24390673 Hovinen Niko 5  0  1  1  0  3  2  121  11  0  0  0  0  1  1  7.20  36               300 000
40278117 Irving Leland 8  0  0  0  0  4  4  221  16  0  0  0  2  1  0  7.00  56               350 000
24487984 Jarvenpaa Juha 0  0  0  0  0  0  0  0  0  0  0  0  0  0  0  0  0               250 000
24720544 Laurinantti Valtteri 0  0  0  0  0  0  0  0  0  0  0  0  0  0  0  0  0               150 000
22861900 Perhonen Samu 5  0  0  0  2  2  0  112  16  0  0  0  0  0  0  2.80  14               270 000
27749878 Rautio Tomi 0  0  0  0  0  0  0  0  0  0  0  0  0  0  0  0  0               190 000
29864007 Yrjola Lassi 0  0  0  0  0  0  0  0  0  0  0  0  0  0  0  0  0               200 000
ID Puolustaja O M S P AVM AVS VM TM JA L B ALV ALH + - JM OR X XX XXX LPP/O LPP Arvo
24289988 Blomberg Niki 0  0  0  0  0  0  0  0  0  0  0  0  0  0  0  0  0  0  0  0  0  0               150 000
40379228 Eklund Oscar 18  0  2  2  0  0  0  0  0  83  5  0  0  5  -12  4  0  0  0  0  3.00  54               280 000
24325509 Gronholm Ossi-Petteri 17  0  0  0  0  0  0  0  0  28  8  0  0  2  -7  2  0  0  0  0  1.12  19               180 000
40431930 Jacobsson Robin 17  1  1  2  0  0  1  0  0  85  7  0  0  9  -22  20  0  1  0  0  3.41  58               285 000
24478029 Jokela Mikko 4  1  0  1  0  0  0  0  0  11  1  0  0  1  -2  4  0  0  0  0  4.75  19               210 000
28642754 Koponen Marlo 0  0  0  0  0  0  0  0  0  0  0  0  0  0  0  0  0  0  0  0  0  0               175 000
22358280 Lehtonen Mikko 13  1  5  6  0  1  0  0  0  76  1  0  0  9  -9  6  0  0  0  0  7.62  99               410 000
22764667 Nyqvist Julius 13  0  2  2  0  0  0  0  0  20  3  0  0  2  -9  8  0  0  0  0  1.69  22               205 000
25042564 Pelli Arttu 9  0  2  2  0  0  0  0  0  21  1  0  0  3  -9  2  0  0  1  0  2.33  21               210 000
30870187 Salmela Santeri 3  0  0  0  0  0  0  0  0  3  1  0  0  0  -2  2  0  0  0  0  0.33  1               150 000
25491335 Tuhkanen Niko 7  0  2  2  0  0  0  0  0  29  0  0  0  2  -3  4  0  0  0  0  4.57  32               200 000
28842826 Vainio Veeti 0  0  0  0  0  0  0  0  0  0  0  0  0  0  0  0  0  0  0  0  0  0               170 000
ID Hyokkaaja O M S P AVM AVS VM TM JA L B ALV ALH + - JM OR X XX XXX LPP/O LPP Arvo
24277893 Alikoski Mikko 18  0  0  0  0  0  0  0  0  21  9  1  1  0  -6  6  0  0  0  0  1.22  22           185 000
40431928 Broadhurst Terry 18  5  3  8  0  0  0  1  0  64  1  3  1  11  -16  4  0  1  0  2  5.39  97           300 000
21421215 Espo Jesse 3  0  0  0  0  0  0  0  0  0  0  0  0  0  0  0  0  0  0  0  0.00  0           160 000
40278116 Green Josh 5  1  1  2  0  0  0  0  0  15  0  35  23  1  -3  6  0  0  0  0  5.40  27           400 000
24451091 Haataja Juha-Pekka 18  4  5  9  0  0  0  1  0  57  1  0  0  9  -13  4  0  2  1  2  5.50  99           410 000
21499603 Hakulinen Anrei 18  3  2  5  0  0  1  0  1  54  2  0  2  8  -9  6  0  1  0  0  4.22  76           285 000
21700554 Hyvarinen Toni 10  0  0  0  0  0  0  0  0  19  3  4  6  0  -3  4  0  0  0  0  1.50  15           200 000
24466332 Immonen Jarkko 13  1  0  1  0  0  0  0  0  15  1  64  64  2  -3  4  0  0  0  0  1.62  21           270 000
24479303 Juutilainen Jan-Mikael 14  0  2  2  0  0  0  0  0  38  2  116  153  6  -11  4  0  0  0  0  1.79  25           220 000
22051930 Koivisto Mika 7  0  0  0  0  0  0  0  0  11  6  0  2  0  -2  2  0  0  0  0  1.57  11           200 000
30417647 Korhonen Olli 6  1  0  1  0  0  0  0  1  6  1  5  12  3  -1  2  0  0  0  0  3.33  20           185 000
22120939 Koskelainen Pietari 0  0  0  0  0  0  0  0  0  0  0  0  0  0  0  0  0  0  0  0  0  0           150 000
24880895 Mieho Panu 11  0  1  1  0  0  0  0  0  19  0  14  18  2  -3  4  0  0  0  0  1.73  19           170 000
25618516 Saarelainen Miro-Pekka 4  0  0  0  0  0  0  0  0  8  0  0  0  1  -3  0  0  0  0  0  1.00  4           230 000
23222302 Savilahti Eero 18  2  5  7  1  0  0  0  0  67  2  39  57  7  -9  24  0  0  0  1  4.78  86           275 000
25494471 Tamminen Sami 5  0  0  0  0  0  0  0  0  2  0  0  2  0  0  0  0  0  0  0  0.00  0           200 000
24206929 Virtanen Mikko 13  1  0  1  0  0  0  1  0  33  3  94  122  2  -8  0  0  0  0  0  1.00  13           225 000
Karpat
ID Maalivahti O M S P V H TP TO PM NP JM OR X XX XXX LPP/O LPP Arvo
21296411 Aittokallio Sami 4  0  0  0  0  2  1  89  8  0  0  0  0  0  0  4.50  18               350 000
23109412 Rynnas Jussi 14  0  1  1  8  4  2  329  30  2  2  0  1  3  2  9.57  134               380 000
25342329 Valiharju Sami 0  0  0  0  0  0  0  0  0  0  0  0  0  0  0  0  0               150 000
ID Puolustaja O M S P AVM AVS VM TM JA L B ALV ALH + - JM OR X XX XXX LPP/O LPP Arvo
40430540 Bryhnisveen Nicolai 0  0  0  0  0  0  0  0  0  0  0  0  0  0  0  0  0  0  0  0  0  0               160 000
21494006 Hakanpaa Jani 17  0  1  1  0  0  0  0  0  25  7  0  0  10  -7  8  0  0  0  0  3.18  54               235 000
40428666 Heshka Shaun 15  3  6  9  1  0  0  1  0  66  3  0  0  14  -13  4  0  0  1  1  8.73  131               405 000
30379468 Korhonen Juho 0  0  0  0  0  0  0  0  0  0  0  0  0  0  0  0  0  0  0  0  0  0               150 000
40312846 Kukkonen Lasse 12  3  7  10  0  0  1  0  0  27  2  0  0  15  -8  4  0  0  0  0  10.25  123               350 000
24864730 Mikkola Ilkka 17  1  4  5  0  0  0  0  0  40  4  0  1  13  -9  20  0  0  0  1  6.06  103               250 000
24825038 Makela Aleksi 17  1  2  3  0  0  0  0  0  29  4  0  1  10  -8  6  0  0  0  0  3.59  61               200 000
22679723 Niemela Mikko 17  1  1  2  0  0  1  0  0  21  8  0  0  13  -8  8  0  0  0  0  3.94  67               210 000
29679441 Ronkainen Taneli 5  0  0  0  0  0  0  0  0  3  0  0  0  1  0  0  0  0  0  0  1.00  5               200 000
23255023 Siikaluoma Taneli 13  0  0  0  0  0  0  0  0  4  1  0  0  1  -4  0  0  0  0  0  0.00  0               150 000
25499434 Tanhua Samuli 1  0  0  0  0  0  0  0  0  0  0  0  0  0  0  0  0  0  0  0  0.00  0               170 000
ID Hyokkaaja O M S P AVM AVS VM TM JA L B ALV ALH + - JM OR X XX XXX LPP/O LPP Arvo
40430539 Albert John 17  4  6  10  0  0  0  0  0  47  2  16  25  9  -9  6  0  0  0  0  5.29  90           310 000
21330445 Anttila Sami 17  2  2  4  0  0  0  0  0  25  11  0  0  6  -3  10  0  0  0  0  3.82  65           200 000
24406130 Hermonen Julius 3  0  0  0  0  0  0  0  0  2  0  0  0  0  -1  0  0  0  0  0  0.33  1           170 000
21673131 Humaloja Miska 15  2  4  6  0  0  1  0  0  17  7  87  92  6  -5  14  0  1  0  1  3.73  56           215 000
24641005 Kalapudas Antti 17  5  6  11  0  0  1  0  0  53  2  86  127  15  -13  0  0  1  0  1  5.53  94           225 000
27774063 Kestila Aku 17  1  2  3  0  0  1  0  0  15  4  41  46  8  -6  0  0  0  0  0  2.18  37           225 000
40245614 Koblizek Radek 0  0  0  0  0  0  0  0  0  0  0  0  0  0  0  0  0  0  0  0  0  0           150 000
28727446 Koskenkorva Jesse 8  0  0  0  0  0  0  0  0  3  0  10  28  0  -3  0  0  0  0  0  -0.88  -7           170 000
29551488 Kuiri Niko 0  0  0  0  0  0  0  0  0  0  0  0  0  0  0  0  0  0  0  0  0  0           150 000
24680943 Kahkonen Toni 8  0  3  3  0  0  1  0  0  10  2  2  3  6  -7  0  0  0  0  0  3.50  28           210 000
24703147 Lehtonen Mikko 15  2  2  4  0  0  0  0  0  52  1  0  0  7  -8  2  0  0  0  0  3.80  57           330 000
22393300 Leskinen Ville 17  6  6  12  0  0  1  0  0  56  3  0  0  14  -12  8  0  2  1  1  7.59  129           275 000
28489001 Metsavainio Tino 0  0  0  0  0  0  0  0  0  0  0  0  0  0  0  0  0  0  0  0  0  0           160 000
24895372 Maenalanen Saku 15  5  7  12  0  0  0  0  0  33  5  6  9  13  -11  2  0  0  1  1  6.87  103           300 000
24918437 Nylund Jimi 1  0  0  0  0  0  0  0  0  0  0  0  0  0  0  0  0  0  0  0  0.00  0           150 000
40434461 Olausson Niklas 8  0  5  5  0  0  0  0  0  9  0  28  40  2  -2  4  0  0  0  0  3.38  27           360 000
25013577 Pyorala Mika 17  9  10  19  0  0  1  0  1  48  6  116  136  11  -7  2  0  1  1  2  8.82  150           470 000
25126574 Ruohomaa Mikael 2  0  0  0  0  0  0  0  0  4  0  18  19  1  0  0  0  0  0  0  2.00  4           350 000
25630280 Saarinen Jesse 17  4  10  14  0  0  0  0  0  50  1  0  2  9  -5  2  0  0  1  0  6.41  109           315 000
25589140 Sailio Jari 9  2  5  7  0  0  1  0  0  20  3  1  3  7  -1  10  0  0  1  1  8.22  74           255 000
25345944 Vartiainen Tuomas 0  0  0  0  0  0  0  0  0  0  0  0  0  0  0  0  0  0  0  0  0  0           170 000
25373424 Valimaa Tommi 0  0  0  0  0  0  0  0  0  0  0  0  0  0  0  0  0  0  0  0  0  0           170 000
Lukko
ID Maalivahti O M S P V H TP TO PM NP JM OR X XX XXX LPP/O LPP Arvo
27471104 Kahkonen Kaapo 8  0  2  2  5  2  1  251  20  0  0  0  1  1  2  13.00  104               350 000
27682964 Lehtinen Lassi 0  0  0  0  0  0  0  0  0  0  0  0  0  0  0  0  0               175 000
40454564 Stepanek Jakub 10  0  1  1  2  6  2  287  28  0  12  0  1  1  0  6.50  65               350 000
ID Puolustaja O M S P AVM AVS VM TM JA L B ALV ALH + - JM OR X XX XXX LPP/O LPP Arvo
24260583 Ahonen Rony 16  1  4  5  0  0  0  0  0  37  4  0  0  8  -15  8  0  0  0  0  3.88  62               310 000
40456831 Ellerby Keaton 18  2  5  7  0  0  0  0  0  54  8  0  0  11  -7  8  0  0  1  0  6.33  114               250 000
24229184 Makinen Atte 15  0  3  3  0  0  0  0  0  12  4  0  0  5  -10  2  0  0  0  0  1.73  26               205 000
24939759 Niskala Janne 15  6  4  10  0  0  1  1  0  62  6  0  0  15  -6  4  0  0  1  1  10.93  164               375 000
25091997 Riikola Simo-Pekka 0  0  0  0  0  0  0  0  0  0  0  0  0  0  0  0  0  0  0  0  0  0               200 000
40277186 Seigo Steven 18  2  3  5  0  0  0  0  0  51  4  0  0  6  -13  33  0  1  0  1  3.67  66               330 000
24177003 Sevanen Roni 11  0  1  1  0  0  0  0  0  16  4  0  0  2  -6  8  0  0  0  0  1.91  21               200 000
27683510 Suistio Santeri 4  0  0  0  0  0  0  0  0  3  0  0  0  0  -2  0  0  1  0  0  0.00  0               150 000
23607338 Ventela Sameli 0  0  0  0  0  0  0  0  0  0  0  0  0  0  0  0  0  0  0  0  0  0               150 000
23668720 Virtanen Jesse 17  2  14  16  0  0  1  0  0  75  5  0  0  13  -8  14  0  1  1  0  11.12  189               415 000
ID Hyokkaaja O M S P AVM AVS VM TM JA L B ALV ALH + - JM OR X XX XXX LPP/O LPP Arvo
29446865 Antonen Joose 9  0  2  2  0  0  0  0  0  17  0  0  1  3  -4  0  0  0  0  0  2.22  20           225 000
40313185 Claireaux Valentin 12  1  7  8  0  0  0  0  0  22  0  71  102  6  -6  14  0  1  0  0  4.75  57           220 000
21440937 Friberg Jere 7  0  1  1  0  0  0  0  0  1  1  24  23  1  0  0  0  0  0  0  1.29  9           160 000
21901379 Kangasmaki Aki 16  1  1  2  0  0  0  0  0  23  2  46  43  6  -7  4  0  0  0  0  2.38  38           195 000
24546935 Koivisto Toni 18  6  11  17  0  0  0  0  0  54  3  0  0  12  -10  0  0  1  0  1  7.44  134           320 000
23889127 Koivistoinen Eetu 18  0  1  1  0  0  0  0  0  14  0  35  45  2  -6  0  0  0  0  0  0.50  9           200 000
22396653 Liedes Heikki 8  0  1  1  0  0  0  0  0  5  0  0  0  1  -2  0  0  0  0  0  0.88  7           195 000
22479185 Lahteenmaki Sami 17  5  3  8  0  0  1  1  0  36  5  6  11  7  -8  2  0  0  1  0  4.59  78           275 000
24219770 Niemela Joonas 9  1  0  1  0  0  0  0  0  10  1  0  0  1  -1  0  0  0  0  0  1.67  15           230 000
22906739 Pitkanen Ilmari 15  2  1  3  0  0  1  0  0  30  1  8  17  6  -7  39  0  0  0  0  1.87  28           215 000
27023853 Saarela Aleksi 18  6  6  12  0  0  0  0  1  77  1  78  75  11  -9  8  0  1  1  1  7.50  135           400 000
24153195 Suuronen Toni 18  2  2  4  0  0  0  0  0  31  2  0  2  11  -11  14  0  0  0  0  3.50  63           260 000
23441604 Tiivola Peter 18  6  3  9  0  0  2  0  0  29  0  146  143  8  -10  6  0  0  0  1  4.83  87           290 000
23483808 Tukonen Lauri 0  0  0  0  0  0  0  0  0  0  0  0  0  0  0  0  0  0  0  0  0  0           300 000
25344657 Vahalahti Ville 18  3  8  11  0  0  1  0  0  67  5  4  2  10  -11  6  0  1  2  0  6.50  117           405 000
27854909 Vidgren Aaro 15  0  1  1  0  0  0  0  0  20  2  0  0  1  -4  2  0  0  0  0  1.20  18           200 000
23716863 Vayrynen Janne 0  0  0  0  0  0  0  0  0  0  0  0  0  0  0  0  0  0  0  0  0  0           160 000
Pelicans
ID Maalivahti O M S P V H TP TO PM NP JM OR X XX XXX LPP/O LPP Arvo
29933666 Harald Joonas 1  0  0  0  0  1  0  13  3  0  0  0  0  0  0  -3.00  -3               185 000
24193980 Juvonen Janne 14  0  0  0  6  4  3  327  38  1  0  0  3  0  2  6.50  91               395 000
29693100 Miettinen Verneri 0  0  0  0  0  0  0  0  0  0  0  0  0  0  0  0  0               150 000
30136517 Suni Sami 0  0  0  0  0  0  0  0  0  0  0  0  0  0  0  0  0               150 000
23684063 Voutilainen Joona 2  0  0  0  1  1  0  38  2  0  0  0  0  0  0  5.50  11               200 000
ID Puolustaja O M S P AVM AVS VM TM JA L B ALV ALH + - JM OR X XX XXX LPP/O LPP Arvo
27780772 Ahonen Jesse 0  0  0  0  0  0  0  0  0  0  0  0  0  0  0  0  0  0  0  0  0  0               150 000
40371281 Blood Ben 16  1  2  3  0  0  0  0  0  27  2  0  0  13  -7  102  0  0  1  0  3.56  57               275 000
21662236 Hovinen Miro 9  1  2  3  0  0  1  0  0  15  1  0  0  6  -5  2  0  0  1  0  5.00  45               195 000
22148966 Kousa Mikko 14  4  5  9  0  0  1  0  0  71  1  0  0  15  -12  8  0  1  3  0  10.29  144               375 000
40371282 Lassen Stefan 18  2  5  7  0  0  0  0  0  36  4  0  0  12  -13  20  0  0  0  0  5.67  102               280 000
24806743 Leimu Juha 14  7  5  12  0  0  1  0  0  73  0  0  0  4  -4  0  0  0  0  0  9.79  137               370 000
22504610 Manelius Nico 14  0  0  0  0  0  0  0  0  29  1  0  0  9  -9  0  0  0  0  0  2.00  28               225 000
23768293 Okker Matti 0  0  0  0  0  0  0  0  0  0  0  0  0  0  0  0  0  0  0  0  0  0               150 000
22808510 Parikka Valtteri 2  0  0  0  0  0  0  0  0  7  0  0  0  1  -1  0  0  0  0  0  2.50  5               225 000
22882468 Pietila Juha-Pekka 0  0  0  0  0  0  0  0  0  0  0  0  0  0  0  0  0  0  0  0  0  0               190 000
25024184 Puistola Pasi 17  0  0  0  0  0  0  0  0  15  1  0  0  11  -6  12  0  0  0  0  2.53  43               220 000
22973270 Poyhonen Marko 14  0  3  3  0  0  0  0  0  27  3  9  6  9  -9  8  0  0  0  0  4.07  57               365 000
23092192 Rukajarvi Roni 2  0  0  0  0  0  0  0  0  3  2  0  0  0  -2  0  0  0  0  0  -0.50  -1               200 000
25594423 Silfver Christian 0  0  0  0  0  0  0  0  0  0  0  0  0  0  0  0  0  0  0  0  0  0               160 000
ID Hyokkaaja O M S P AVM AVS VM TM JA L B ALV ALH + - JM OR X XX XXX LPP/O LPP Arvo
24244606 Alanne Joonas 2  0  0  0  0  0  0  0  0  1  1  0  0  0  -1  0  0  0  0  0  0.50  1           200 000
24290689 Bjorninen Hannes 18  3  10  13  0  0  0  0  0  44  4  123  110  11  -4  8  0  0  0  0  6.44  116           285 000
21399185 Elimaki Roope 18  1  0  1  0  0  0  0  0  12  1  81  57  3  -11  2  0  0  0  0  1.22  22           225 000
21411429 Erkinjuntti Antti 8  5  7  12  0  0  0  0  0  38  3  1  2  10  -3  0  0  1  2  1  13.13  105           410 000
24345974 Heikkinen Arttu 18  2  0  2  0  0  1  0  0  29  3  1  0  5  -10  6  0  1  0  0  2.33  42           185 000
24383596 Heino Henri 18  1  4  5  0  0  0  0  0  33  7  92  108  9  -13  4  0  0  0  0  3.00  54           270 000
40451425 Hodgman Justin 4  2  2  4  0  0  0  0  1  12  0  21  16  4  -4  14  0  0  0  1  9.75  39           435 000
24650025 Kangasniemi Iikka 17  2  13  15  0  0  0  0  0  36  0  0  1  13  -9  41  0  3  0  1  6.00  102           425 000
22024624 Kivela Niko 3  0  0  0  0  0  0  0  0  12  0  0  0  0  0  12  0  0  0  0  1.33  4           175 000
22051338 Koivisto Kimi 14  0  2  2  0  0  0  0  0  18  4  1  0  3  -5  8  0  0  0  0  2.43  34           250 000
24536330 Koponen Ville-Matti 0  0  0  0  0  0  0  0  0  0  0  0  0  0  0  0  0  0  0  0  0  0           160 000
27772764 Lahtinen Severi 0  0  0  0  0  0  0  0  0  0  0  0  0  0  0  0  0  0  0  0  0  0           170 000
28552909 Makitalo Roope 1  0  0  0  0  0  0  0  0  0  0  3  3  0  0  0  0  0  0  0  0.00  0           160 000
40431480 Poulsen Morten 16  3  1  4  0  0  0  0  0  31  2  0  0  7  -7  2  0  0  0  1  3.44  55           250 000
23039812 Rekonen Aleksi 16  3  4  7  0  0  0  0  0  47  3  12  17  6  -6  2  0  0  0  0  4.50  72           295 000
27355408 Siikonen Miska 0  0  0  0  0  0  0  0  0  0  0  0  0  0  0  0  0  0  0  0  0  0           290 000
23311954 Sopanen Vili 18  12  13  25  1  0  4  1  0  100  2  3  4  18  -9  2  0  1  1  5  13.33  240           435 000
27847136 Toivola Artturi 7  0  0  0  0  0  0  0  0  4  0  9  7  0  0  2  0  0  0  0  1.00  7           170 000
23521841 Tyrvainen Antti 17  2  4  6  0  0  0  0  0  46  3  7  8  12  -13  51  0  0  0  0  3.47  59           265 000
23521977 Tyrvainen Juhani 18  4  12  16  0  0  1  0  0  48  7  204  152  17  -7  16  0  1  0  0  9.39  169           390 000
25443752 Vartiainen Taavi 8  0  2  2  0  0  0  0  0  12  1  3  3  2  -3  0  0  0  0  0  2.25  18           190 000
SaiPa
ID Maalivahti O M S P V H TP TO PM NP JM OR X XX XXX LPP/O LPP Arvo
31365785 Ruokonen Ville 0  0  0  0  0  0  0  0  0  0  0  0  0  0  0  0  0               150 000
23486067 Tuohimaa Frans 10  0  0  0  2  5  1  220  22  1  0  0  0  1  2  6.00  60               330 000
ID Puolustaja O M S P AVM AVS VM TM JA L B ALV ALH + - JM OR X XX XXX LPP/O LPP Arvo
24288413 Backman Simon 17  0  1  1  0  0  0  0  0  18  8  0  0  4  -14  12  0  0  0  0  1.24  21               210 000
40372124 Carson Brett 0  0  0  0  0  0  0  0  0  0  0  0  0  0  0  0  0  0  0  0  0  0               290 000
22064150 Kojo Markus 14  0  1  1  0  0  0  0  0  10  1  0  0  5  -4  8  0  0  0  0  2.07  29               170 000
28515629 Koponen Santeri 10  1  0  1  0  0  0  0  0  19  1  0  0  5  -7  12  0  0  0  0  3.40  34               185 000
24725109 Lappalainen Lasse 17  1  0  1  0  0  0  0  0  69  1  0  0  3  -13  10  0  0  0  0  2.41  41               240 000
22435006 Lippojoki Jarno 3  1  0  1  0  0  0  0  0  17  1  0  0  1  -3  0  0  1  0  0  5.67  17               190 000
22487436 Maalahti Kalle 6  0  2  2  0  0  0  0  0  18  2  0  0  2  -2  8  0  0  0  0  5.50  33               310 000
30127296 Maarnela Henry 4  0  0  0  0  0  0  0  0  1  0  0  0  0  -2  0  0  0  0  0  -0.75  -3               150 000
22647742 Makinen William 16  0  2  2  0  0  0  0  0  26  1  0  0  6  -13  4  0  0  0  0  1.63  26               240 000
24960676 Ovaska Markus 0  0  0  0  0  0  0  0  0  0  0  0  0  0  0  0  0  0  0  0  0  0               150 000
40036128 Savilahti Nagander Per 12  0  1  1  0  0  0  0  0  41  4  0  0  6  -4  0  0  0  0  0  3.42  41               250 000
25543115 Sneck Jere 11  0  1  1  0  0  0  0  0  22  4  0  0  2  -7  6  0  0  0  0  1.82  20               200 000
23387739 Taipalus Lauri 8  0  0  0  0  0  0  0  0  14  3  1  0  2  -3  18  0  0  0  0  1.88  15               315 000
ID Hyokkaaja O M S P AVM AVS VM TM JA L B ALV ALH + - JM OR X XX XXX LPP/O LPP Arvo
40431857 Hamilton Curtis 17  4  7  11  0  0  0  0  0  50  1  1  0  5  -14  6  0  0  0  1  5.24  89           390 000
28751548 Jaaskelainen Joona 8  0  0  0  0  0  0  0  0  7  3  1  1  0  -2  0  0  0  0  0  0.75  6           180 000
21878800 Kaksonen Elmeri 17  1  3  4  0  0  1  0  0  36  2  0  4  4  -10  16  0  0  1  1  2.65  45           285 000
27846357 Karjalainen Henry 0  0  0  0  0  0  0  0  0  0  0  0  0  0  0  0  0  0  0  0  0  0           150 000
21996203 Kettunen Janne 0  0  0  0  0  0  0  0  0  0  0  0  0  0  0  0  0  0  0  0  0  0           160 000
24666721 Koho Ville 12  2  1  3  0  0  0  0  0  21  2  84  90  1  -6  2  0  0  0  0  2.25  27           275 000
24680176 Koski Eetu 9  0  1  1  0  0  0  0  0  10  0  48  53  3  -3  2  0  0  0  0  1.78  16           220 000
24618711 Koskiranta Tero 17  6  4  10  0  0  2  2  0  55  0  113  140  9  -12  16  0  0  1  0  5.06  86           300 000
27777125 Kuronen Mikael 16  3  2  5  0  0  1  0  0  34  3  3  5  6  -13  2  0  0  0  1  3.38  54           350 000
22372826 Leivo Tomi 10  1  1  2  0  0  1  0  0  13  0  0  1  2  -4  0  0  0  0  0  1.90  19           300 000
24894616 Monkare Antton 6  0  2  2  0  0  0  0  0  7  0  14  22  2  -3  2  0  0  0  0  2.17  13           160 000
22710462 Nikko Joni 1  0  0  0  0  0  0  0  0  0  0  0  0  0  0  0  0  0  0  0  0.00  0           200 000
29818817 Piironen Lauri 0  0  0  0  0  0  0  0  0  0  0  0  0  0  0  0  0  0  0  0  0  0           150 000
23179141 Salminen Saku 14  1  0  1  0  0  0  0  0  18  1  22  27  1  -6  2  0  0  0  0  1.21  17           190 000
23330074 Stromberg Kim 17  0  11  11  0  0  0  0  0  37  1  0  3  10  -9  8  0  0  0  0  4.82  82           285 000
40449116 Trotter Brock 17  4  4  8  0  0  0  0  0  44  3  0  2  4  -10  6  0  0  2  0  4.47  76           325 000
23555503 Vainikainen Ville 16  0  2  2  0  0  0  0  0  34  1  0  0  4  -6  2  0  0  0  0  2.06  33           200 000
23659810 Virkkunen Valtteri 16  0  0  0  0  0  0  0  0  31  9  12  14  3  -10  0  0  0  0  0  1.50  24           215 000
Sport
ID Maalivahti O M S P V H TP TO PM NP JM OR X XX XXX LPP/O LPP Arvo
24299693 Edelmann Mikael 0  0  0  0  0  0  0  0  0  0  0  0  0  0  0  0  0               150 000
21851801 Jarvinen Mika 13  0  0  0  3  5  4  329  35  1  0  0  2  2  1  6.69  87               350 000
28803425 Laakso Leevi 0  0  0  0  0  0  0  0  0  0  0  0  0  0  0  0  0               150 000
24137690 Rinne Rasmus 3  0  0  0  0  1  0  32  6  0  0  0  0  0  0  -0.67  -2               300 000
29924154 Vehvilainen Veini 4  0  0  0  2  1  1  108  6  0  0  0  1  0  3  11.25  45               340 000
ID Puolustaja O M S P AVM AVS VM TM JA L B ALV ALH + - JM OR X XX XXX LPP/O LPP Arvo
21439582 Franssila Miika 0  0  0  0  0  0  0  0  0  0  0  0  0  0  0  0  0  0  0  0  0  0               160 000
24324348 Grondahl Ari 16  1  1  2  0  0  0  0  0  60  6  0  0  7  -13  27  0  0  0  1  2.81  45               355 000
24339317 Honkaheimo Otto 17  1  2  3  0  0  0  0  0  28  5  0  0  13  -12  4  0  1  0  0  3.76  64               220 000
24555256 Kankaanpera Markus 17  0  3  3  0  1  0  0  0  17  5  0  1  12  -14  22  0  0  0  0  3.00  51               215 000
22240990 Laakso Aleksi 17  1  4  5  0  0  0  1  0  62  7  0  0  9  -9  6  0  0  0  0  5.29  90               360 000
22281865 Laitamaki Juho-Erik 2  0  0  0  0  0  0  0  0  0  0  0  0  0  0  0  0  0  0  0  0.00  0               150 000
24947327 Nordlund Markus 17  2  4  6  0  0  0  0  0  60  2  0  0  8  -13  2  0  1  1  1  4.94  84               260 000
24993465 Pukka Mikko 7  0  1  1  0  0  0  0  0  9  0  0  0  1  -1  6  0  0  0  0  2.71  19               205 000
28891819 Salo Robin 17  0  5  5  0  0  0  0  0  77  3  0  0  11  -7  4  0  0  4  0  6.18  105               300 000
23217870 Saukko Ville 6  0  0  0  0  0  0  0  0  5  0  0  0  0  -1  0  0  0  0  0  0.17  1               160 000
24231486 Vakela Jesse 0  0  0  0  0  0  0  0  0  0  0  0  0  0  0  0  0  0  0  0  0  0               150 000
ID Hyokkaaja O M S P AVM AVS VM TM JA L B ALV ALH + - JM OR X XX XXX LPP/O LPP Arvo
21292664 Ainali Aleksi 17  2  4  6  0  0  0  0  0  30  2  83  95  6  -3  2  0  0  0  1  3.41  58           180 000
24271404 Appelgren Niklas 2  0  0  0  0  0  0  0  0  4  0  0  0  0  0  0  0  0  0  0  1.50  3           160 000
21375264 Blomqvist Sami 0  0  0  0  0  0  0  0  0  0  0  0  0  0  0  0  0  0  0  0  0  0           205 000
27411724 Brasken Carl-Axel 0  0  0  0  0  0  0  0  0  0  0  0  0  0  0  0  0  0  0  0  0  0           150 000
21940848 Karvinen Otto 16  5  1  6  0  0  1  0  0  27  10  1  0  9  -6  49  0  0  0  0  3.94  63           210 000
27407152 Kiviranta Joel 17  2  3  5  0  0  0  0  0  61  4  0  0  8  -12  4  0  0  0  0  4.24  72           300 000
22064642 Kokkala Lassi 12  1  3  4  0  0  0  0  0  49  3  125  84  5  -10  4  0  0  0  0  5.50  66           300 000
22078939 Komulainen Joonas 0  0  0  0  0  0  0  0  0  0  0  0  0  0  0  0  0  0  0  0  0  0           315 000
40311069 Kubalik Tomas 14  1  4  5  0  0  0  0  0  43  1  1  4  6  -10  6  0  0  0  0  3.86  54           335 000
22237482 Korkko Tomi 17  1  2  3  0  0  0  0  0  38  5  3  4  6  -9  2  0  0  0  0  2.76  47           270 000
24719953 Lamberg Matti 15  3  3  6  0  0  0  0  0  43  2  1  5  8  -4  33  0  0  0  0  4.40  66           250 000
22671530 Nenonen Markus 0  0  0  0  0  0  0  0  0  0  0  0  0  0  0  0  0  0  0  0  0  0           380 000
24230814 Paukku Jesse 12  0  2  2  0  0  0  0  0  13  2  0  0  4  -2  2  0  0  0  0  2.33  28           195 000
25661505 Rantamaki Jesse 0  0  0  0  0  0  0  0  0  0  0  0  0  0  0  0  0  0  0  0  0  0           160 000
23064609 Riska Erik 16  3  6  9  0  0  1  0  0  33  2  12  6  6  -9  25  0  0  0  0  4.19  67           225 000
25116157 Riska Filip 12  2  0  2  0  0  0  0  0  30  6  78  84  3  -5  10  0  0  0  0  3.58  43           220 000
25553671 Sundfors Niklas 0  0  0  0  0  0  0  0  0  0  0  0  0  0  0  0  0  0  0  0  0  0           150 000
28506900 Tikka Tommi 17  3  3  6  1  0  2  0  0  37  7  100  116  9  -13  18  0  0  1  0  4.24  72           260 000
33727088 Vaskivuo Mike 0  0  0  0  0  0  0  0  0  0  0  0  0  0  0  0  0  0  0  0  0  0           190 000
23597163 Vauhkonen Olavi 2  0  2  2  0  0  0  0  0  9  0  1  1  2  -2  0  0  0  0  0  7.50  15           325 000
25341223 Vihko Joonas 4  0  0  0  0  0  0  0  0  9  0  0  0  0  -5  0  0  0  0  0  0.25  1           250 000
25364666 Viitaluoma Ville-Veikko 13  7  1  8  0  0  2  1  0  43  0  72  87  8  -6  10  0  1  0  0  7.00  91           365 000
29516740 Vahakangas Verneri 2  0  0  0  0  0  0  0  0  5  0  0  0  1  -1  0  0  0  0  0  2.00  4           185 000
25441770 Vanttinen Tuomas 17  2  4  6  0  0  0  0  0  51  12  94  75  6  -13  6  0  0  0  1  4.59  78           335 000
23620470 Westermarck Felix 0  0  0  0  0  0  0  0  0  0  0  0  0  0  0  0  0  0  0  0  0  0           160 000
Tappara
ID Maalivahti O M S P V H TP TO PM NP JM OR X XX XXX LPP/O LPP Arvo
21589720 Heljanko Christian 0  0  0  0  0  0  0  0  0  0  0  0  0  0  0  0  0               185 000
40035616 Hrachovina Dominik 11  0  0  0  7  4  0  248  19  2  2  0  2  1  0  8.82  97               400 000
24793076 Lassila Teemu 7  0  2  2  4  1  2  192  16  1  0  0  2  0  1  12.86  90               325 000
ID Puolustaja O M S P AVM AVS VM TM JA L B ALV ALH + - JM OR X XX XXX LPP/O LPP Arvo
40372872 Bodak Martin 4  0  0  0  0  0  0  0  0  5  0  0  0  2  -3  0  0  0  0  0  1.00  4               160 000
40339220 Bonsaksen Alexander 17  3  5  8  0  0  0  0  0  24  4  0  0  23  -11  20  0  0  1  0  8.59  146               320 000
21403877 Elorinne Aleksi 17  1  2  3  0  1  1  0  0  48  10  0  0  13  -6  4  0  0  0  1  5.59  95               320 000
21974869 Kemilainen Valtteri 0  0  0  0  0  0  0  0  0  0  0  0  0  0  0  0  0  0  0  0  0  0               370 000
40471633 Parlett Blake 0  0  0  0  0  0  0  0  0  0  0  0  0  0  0  0  0  0  0  0  0  0               270 000
23000702 Rantakari Otso 17  1  11  12  0  0  0  0  0  69  1  1  0  14  -12  8  0  1  0  0  8.41  143               400 000
24127529 Rouhiainen Jere 18  0  0  0  0  0  0  0  0  34  0  0  0  5  -6  2  0  0  0  0  1.44  26               180 000
24190598 Salonen Aleksi 11  2  2  4  0  0  0  0  0  34  3  0  0  14  -4  4  0  1  0  0  8.27  91               300 000
25581559 Sammalkangas Tapio 2  0  0  0  0  0  0  0  0  6  0  0  0  2  0  0  0  0  0  0  4.50  9               220 000
25573664 Saravo Pekka 18  1  0  1  0  0  1  0  0  33  1  0  0  6  -8  6  0  0  1  0  2.39  43               250 000
30738423 Utunen Toni 0  0  0  0  0  0  0  0  0  0  0  0  0  0  0  0  0  0  0  0  0  0               150 000
ID Hyokkaaja O M S P AVM AVS VM TM JA L B ALV ALH + - JM OR X XX XXX LPP/O LPP Arvo
21303401 Alanen Jere-Matias 1  0  0  0  0  0  0  0  0  1  0  7  2  0  -1  0  0  0  0  0  2.00  2           185 000
21468906 Haapala Henrik 17  4  15  19  0  0  1  0  0  46  2  0  0  17  -10  4  0  0  3  2  9.12  155           480 000
21552647 Heikkila Miika 17  1  2  3  0  0  0  0  0  21  2  0  0  4  -8  2  0  0  0  0  1.88  32           200 000
25658466 Honkanen Manu 12  1  1  2  0  0  0  0  0  12  1  15  12  5  0  0  0  0  0  0  2.42  29           185 000
21785090 Jasu Juhani 18  3  3  6  0  0  1  0  0  37  2  141  109  8  -5  6  0  0  0  1  4.94  89           265 000
21848539 Jarvinen Jan-Mikael 14  2  5  7  0  0  0  0  0  17  0  100  85  11  -6  6  0  0  0  0  5.14  72           300 000
21924709 Karjalainen Jere 15  1  6  7  1  0  0  0  0  27  4  1  0  10  -6  2  0  0  0  0  4.87  73           425 000
22290364 Lajunen Jani 18  4  7  11  0  0  1  1  0  32  2  191  142  15  -9  6  0  0  0  0  6.44  116           420 000
27746619 Levtchi Anton 7  0  0  0  0  0  0  0  0  5  1  0  0  0  0  0  0  0  0  0  0.71  5           160 000
28745305 Luoto Joona 8  1  0  1  0  0  0  0  0  18  3  0  0  1  -3  2  0  0  0  0  2.63  21           190 000
40432084 Nestrasil Viktor 1  0  0  0  0  0  0  0  0  2  0  0  0  0  -1  0  0  0  0  0  0.00  0           160 000
24942005 Nurmi Teemu 18  6  5  11  0  0  1  0  0  82  3  0  1  5  -10  2  0  1  0  2  6.33  114           375 000
22842712 Peltola Jukka 17  3  8  11  0  0  0  0  0  61  4  0  0  11  -9  2  0  0  1  1  6.41  109           435 000
25040634 Peltonen Tomi 0  0  0  0  0  0  0  0  0  0  0  0  0  0  0  0  0  0  0  0  0  0           150 000
25113804 Rauhala Otto 18  4  4  8  0  0  0  0  0  33  1  88  87  10  -7  25  0  0  0  1  3.89  70           230 000
25139587 Repo Sebastian 18  4  10  14  0  0  1  0  0  76  2  3  3  14  -5  27  0  1  0  0  7.17  129           370 000
40431860 RXymark Martin 17  4  3  7  0  0  0  0  0  29  0  0  0  7  -5  0  0  0  0  0  3.71  63           215 000
25541395 Savinainen Veli-Matti 17  9  6  15  0  0  4  1  0  91  1  12  8  14  -13  4  0  1  3  2  10.12  172           500 000
23299830 Smedberg Rasmus 1  0  0  0  0  0  0  0  0  3  0  0  0  0  -1  0  0  0  0  0  1.00  1           175 000
TPS
ID Maalivahti O M S P V H TP TO PM NP JM OR X XX XXX LPP/O LPP Arvo
40310431 Georgiev Aleksandar 10  0  0  0  5  3  2  198  16  2  2  0  1  1  1  8.00  80               350 000
28628202 Kaarlehto Karolus 0  0  0  0  0  0  0  0  0  0  0  0  0  0  0  0  0               150 000
23249408 Setanen Oskari 9  0  0  0  5  1  3  220  18  1  2  0  1  2  1  9.11  82               380 000
ID Puolustaja O M S P AVM AVS VM TM JA L B ALV ALH + - JM OR X XX XXX LPP/O LPP Arvo
29587960 Berger Martin 17  2  1  3  0  0  1  0  0  43  4  0  0  6  -5  8  0  0  0  0  4.12  70               200 000
40364174 Dudas Jesse 0  0  0  0  0  0  0  0  0  0  0  0  0  0  0  0  0  0  0  0  0  0               150 000
23806498 Eronen Elmeri 19  0  2  2  0  0  0  0  0  36  4  0  0  10  -6  0  0  0  0  0  2.95  56               275 000
24318448 Forsstrom Jani 16  1  4  5  0  0  0  0  0  24  4  0  0  10  -4  8  0  0  0  0  5.25  84               335 000
24381077 Heikkinen Ilkka 19  1  6  7  0  0  2  0  0  112  3  0  0  10  -8  4  0  0  1  0  7.11  135               425 000
27841653 Keskitalo Miro 11  1  0  1  0  0  0  0  0  29  1  0  0  2  -4  10  0  0  0  0  3.18  35               235 000
29948541 Reunanen Tarmo 0  0  0  0  0  0  0  0  0  0  0  0  0  0  0  0  0  0  0  0  0  0               200 000
27684548 Tallinder Henrik 19  5  7  12  0  1  2  1  0  79  4  0  0  14  -6  10  0  0  2  1  9.89  188               375 000
25454136 Tikkanen Harri 17  2  1  3  0  0  0  0  0  41  5  0  0  13  -9  12  0  0  0  1  5.29  90               250 000
ID Hyokkaaja O M S P AVM AVS VM TM JA L B ALV ALH + - JM OR X XX XXX LPP/O LPP Arvo
24272490 Ahtola Jerry 19  1  7  8  0  0  0  0  0  43  1  163  161  9  -6  4  0  0  1  0  4.32  82           295 000
28670140 Kallio Tomi 19  7  9  16  0  0  1  1  0  96  1  7  10  15  -7  28  0  1  0  3  9.37  178           490 000
29805082 Karvonen Elias 4  0  0  0  0  0  0  0  0  2  0  13  10  0  -3  2  0  0  0  0  0.75  3           205 000
40277188 Kumeliauskas Tadas 0  0  0  0  0  0  0  0  0  0  0  0  0  0  0  0  0  0  0  0  0  0           250 000
22266806 Lahtinen Timi 13  0  0  0  0  0  0  0  0  19  2  4  11  2  -2  2  0  0  0  0  1.08  14           160 000
24808136 Lindsten Jasper 19  3  8  11  0  0  0  0  0  45  0  0  1  11  -5  8  0  1  0  0  5.37  102           300 000
29543836 Lamsa Teemu 0  0  0  0  0  0  0  0  0  0  0  0  0  0  0  0  0  0  0  0  0  0           160 000
24916798 Nieminen Otto 10  0  2  2  0  0  0  0  0  17  0  0  0  3  -4  2  0  0  0  0  2.40  24           200 000
29991637 Nurmi Markus 3  0  0  0  0  0  0  0  0  1  0  0  0  0  0  2  0  0  0  0  1.00  3           160 000
24977737 Perrin Eric 10  2  6  8  0  0  1  0  0  32  1  93  90  9  -4  4  0  1  0  1  8.00  80           400 000
25032105 Pikkarainen Ilkka 16  5  5  10  1  0  1  1  0  56  1  12  5  9  -5  8  0  1  0  1  7.19  115           200 000
25652103 Siiki Oskari 4  0  0  0  0  0  0  0  0  4  0  0  0  0  0  0  0  0  0  0  0.50  2           200 000
40311090 Spina Dave 18  3  7  10  0  0  1  0  0  59  1  43  45  10  -10  16  0  0  0  2  5.28  95           440 000
25454547 Taavitsainen Topi 18  1  0  1  0  0  1  0  0  20  1  1  0  2  -2  10  0  0  0  0  2.06  37           250 000
40431403 Thorell Erik 19  3  8  11  0  0  0  1  0  70  4  2  0  14  -10  2  0  3  1  2  6.63  126           465 000
28262723 Virta Patrik 19  6  1  7  0  0  2  0  0  62  2  115  79  7  -6  14  0  1  1  0  5.32  101           335 000
23669075 Virtanen Jonne 18  2  6  8  0  0  0  0  0  19  8  97  112  11  -4  6  0  1  1  0  4.39  79           190 000
23702275 Vahatalo Julius 19  1  1  2  0  0  0  0  0  21  1  52  41  2  -2  2  0  0  0  0  1.79  34           220 000
29837610 Vayrynen Teemu 5  0  0  0  0  0  0  0  0  5  0  0  1  0  -1  2  0  0  0  0  0.80  4           200 000
Assat
ID Maalivahti O M S P V H TP TO PM NP JM OR X XX XXX LPP/O LPP Arvo
24244826 Ahonen Ari 4  0  0  0  2  2  0  87  10  0  0  0  1  0  1  5.00  20               330 000
34282069 Bernard Andreas 13  0  0  0  6  5  2  319  29  0  0  0  2  2  2  6.69  87               375 000
29849488 Kiviluoma Kalle 0  0  0  0  0  0  0  0  0  0  0  0  0  0  0  0  0               150 000
ID Puolustaja O M S P AVM AVS VM TM JA L B ALV ALH + - JM OR X XX XXX LPP/O LPP Arvo
24820363 Marttinen Jyri 13  1  5  6  0  0  0  0  0  37  4  0  0  12  -8  47  0  0  1  1  6.77  88               375 000
40470643 Matushkin Maksim 2  1  1  2  0  0  0  0  0  3  0  0  0  3  0  2  0  1  0  0  14.50  29               300 000
29786062 Makela Aleksi 11  0  1  1  0  1  0  0  0  14  1  0  0  3  -7  10  0  0  0  0  2.18  24               200 000
22843711 Peltola Niko 17  1  7  8  0  0  0  0  0  66  7  0  0  13  -11  4  0  0  0  0  6.76  115               365 000
23241406 Seppala Jere 17  1  2  3  0  0  0  0  0  30  3  0  0  10  -10  8  0  0  0  1  3.82  65               385 000
23470251 Tommila Juho 15  1  1  2  0  0  0  0  0  18  3  0  0  7  -5  8  0  0  0  0  3.20  48               195 000
23485961 Tuohilampi Kristian 3  0  0  0  0  0  0  0  0  6  1  0  0  2  -1  0  0  0  0  0  2.67  8               160 000
23561924 Vainonen Mikko 0  0  0  0  0  0  0  0  0  0  0  0  0  0  0  0  0  0  0  0  0  0               190 000
25334515 Viljanen Valtteri 17  0  1  1  0  0  0  0  0  47  6  0  0  2  -11  8  0  1  0  0  1.82  31               240 000
28504481 Vuorisalo Teemu 14  1  0  1  0  0  0  0  0  28  3  0  0  10  -5  2  0  0  0  0  3.57  50               210 000
29065479 Walli Juuso 9  0  0  0  0  0  0  0  0  10  2  0  0  3  -2  8  0  0  0  0  2.33  21               200 000
ID Hyokkaaja O M S P AVM AVS VM TM JA L B ALV ALH + - JM OR X XX XXX LPP/O LPP Arvo
34254136 Bertrand Charles 17  5  2  7  1  0  1  0  0  75  0  0  4  9  -8  6  0  2  0  2  6.29  107           390 000
29804384 Embrich Erik 2  0  0  0  0  0  0  0  0  7  0  0  0  0  0  0  0  0  0  0  2.00  4           170 000
24145873 Harttunen Julius 0  0  0  0  0  0  0  0  0  0  0  0  0  0  0  0  0  0  0  0  0  0           160 000
24237406 Huovinen Joonas 0  0  0  0  0  0  0  0  0  0  0  0  0  0  0  0  0  0  0  0  0  0           150 000
21772427 Jaatinen Antti 11  0  0  0  0  0  0  0  0  19  0  0  1  0  -3  4  0  0  0  0  1.18  13           180 000
27852901 Juhola Jouka 6  0  0  0  0  0  0  0  0  3  1  1  1  0  0  0  0  0  0  0  0.50  3           160 000
21982576 Kerala Antti 17  2  3  5  0  0  1  0  0  21  3  93  93  8  -6  0  0  0  0  0  3.12  53           270 000
21985272 Keskilohko Henri 0  0  0  0  0  0  0  0  0  0  0  0  0  0  0  0  0  0  0  0  0  0           150 000
24662929 Kiilholma Juha 11  0  0  0  0  0  0  0  0  17  1  29  29  1  -7  6  0  0  0  0  1.18  13           265 000
22101686 Korhonen Ville 17  3  6  9  1  0  1  0  0  59  4  0  1  13  -7  4  0  0  1  0  6.41  109           300 000
24608682 Kuparinen Matti 16  2  4  6  0  0  0  0  0  21  7  155  131  9  -8  31  0  0  1  1  4.13  66           290 000
22227780 Karki Jarno 16  6  5  11  0  0  2  0  0  73  2  16  25  11  -8  4  0  1  0  0  7.25  116           365 000
24881755 Makkonen Jussi 14  3  6  9  0  1  0  0  0  58  2  84  88  10  -8  8  0  0  0  0  7.00  98           375 000
22749608 Nuto Kasperi 1  0  0  0  0  0  0  0  0  0  0  0  1  0  -2  2  0  0  0  0  -1.00  -1           160 000
23764585 Ojamaki Niko 11  2  5  7  0  0  1  0  0  59  3  0  0  6  -5  2  0  0  0  0  6.91  76           375 000
24975496 Paakkolanvaara Tommi 11  2  5  7  0  0  0  0  0  13  1  95  95  5  -3  4  0  0  0  0  5.09  56           300 000
28731241 Pihlajamaki Valtteri 0  0  0  0  0  0  0  0  0  0  0  0  0  0  0  0  0  0  0  0  0  0           160 000
25153974 Ruotsalainen Arttu 7  0  0  0  0  0  0  0  0  11  0  0  0  3  -2  2  0  0  0  0  1.71  12           200 000
23155013 Saha Mikael 16  1  0  1  0  0  0  0  0  12  2  28  41  3  -4  0  0  0  0  0  0.75  12           230 000
25651492 Suoranta Simon 16  4  6  10  0  1  1  0  0  52  3  1  5  11  -8  6  0  0  1  2  6.88  110           385 000
23398634 Tammi Valtteri 1  0  0  0  0  0  0  0  0  0  0  0  1  0  -2  0  0  0  0  0  -3.00  -3           150 000
24177618 Varttinen Matias 17  3  2  5  0  0  1  0  0  33  3  0  0  7  -10  0  0  0  2  0  3.53  60           240 000
