HIFK
ID Maalivahti O M S P V H TP TO PM NP JM OR X XX XXX LPP/O LPP Arvo
24288659 Backstrom Niklas 3  0  0  0  2  0  1  43  4  0  0  0  1  1  0  5.67  17               401 000
28890904 Halonen Niilo 0  0  0  0  0  0  0  0  0  0  0  0  0  0  0  0  0               156 000
24185189 Lankinen Kevin 3  0  0  0  1  1  1  68  7  0  0  0  2  0  0  6.00  18               324 500
HPK
27828252 Larmi Emil 5  0  0  0  1  2  2  113  10  1  0  0  0  0  2  8.00  40               326 000
40432222 Lawson Nathan 1  0  0  0  0  0  0  7  2  0  0  0  0  0  0  -1.00  -1               300 000
29652963 Luukkonen Ukko-Pekka 0  0  0  0  0  0  0  0  0  0  0  0  0  0  0  0  0               275 000
Ilves
22353515 Lehtonen Antti 4  0  0  0  1  2  1  116  12  0  0  0  0  1  1  6.75  27               297 500
24880772 Myllyniemi Jere 0  0  0  0  0  0  0  0  0  0  0  0  0  0  0  0  0               270 000
28558916 Saari Mikael 0  0  0  0  0  0  0  0  0  0  0  0  0  0  0  0  0               200 000
25491526 Toivonen Hannu 2  0  0  0  1  0  1  55  6  0  0  0  0  1  0  9.50  19               397 500
Jukurit
24944867 Norja Mika 1  0  0  0  1  0  0  29  1  0  0  0  0  1  0  13.00  13               298 000
22993098 Rajaniemi Sami 4  0  0  0  3  1  0  82  9  0  0  0  0  1  0  6.25  25               307 000
JYP
29857823 Ruusu Markus 0  0  0  0  0  0  0  0  0  0  0  0  0  0  0  0  0               200 000
23487192 Tuokkola Pekka 3  0  0  0  1  1  1  75  5  1  0  0  1  1  1  12.33  37               365 500
29924154 Vehvilainen Veini 3  0  0  0  0  1  2  60  6  0  0  0  0  0  0  4.33  13               335 000
KalPa
40385084 Godla Denis 0  0  0  0  0  0  0  0  0  0  0  0  0  0  0  0  0               285 000
24555926 Kilpelainen Eero 6  0  0  0  3  2  1  136  13  1  0  0  1  0  1  7.83  47               403 000
KooKoo
24487984 Jarvenpaa Juha 0  0  0  0  0  0  0  0  0  0  0  0  0  0  0  0  0               335 000
22861900 Perhonen Samu 2  0  0  0  0  1  1  49  5  0  0  0  0  1  0  5.00  10               300 500
27749878 Rautio Tomi 0  0  0  0  0  0  0  0  0  0  0  0  0  0  0  0  0               156 000
40437674 Treutle Niklas 4  0  0  0  1  2  1  103  16  0  0  0  0  0  0  2.50  10               322 500
Karpat
21296411 Aittokallio Sami 2  0  0  0  0  0  1  50  5  0  0  0  0  0  0  5.50  11               391 000
23109412 Rynnas Jussi 5  0  0  0  2  3  0  86  10  1  0  0  0  1  0  5.60  28               397 500
25342329 Valiharju Sami 0  0  0  0  0  0  0  0  0  0  0  0  0  0  0  0  0               156 000
Lukko
28944258 Karjalainen Antti 3  0  0  0  1  1  1  81  11  0  0  0  0  0  0  4.00  12               272 000
27471104 Kahkonen Kaapo 3  0  0  0  0  2  1  86  10  0  0  0  0  0  0  4.33  13               329 500
27682964 Lehtinen Lassi 0  0  0  0  0  0  0  0  0  0  0  0  0  0  0  0  0               156 000
Pelicans
24193980 Juvonen Janne 6  0  0  0  3  3  0  131  11  0  0  0  2  0  0  6.17  37               386 500
30136517 Suni Sami 0  0  0  0  0  0  0  0  0  0  0  0  0  0  0  0  0               156 000
23684063 Voutilainen Joona 0  0  0  0  0  0  0  0  0  0  0  0  0  0  0  0  0               275 000
SaiPa
24838627 Markkanen Jussi 5  0  0  0  2  2  1  131  14  0  0  0  0  1  1  6.40  32               380 000
24158200 Olkinuora Juho 0  0  0  0  0  0  0  0  0  0  0  0  0  0  0  0  0               240 000
31365785 Ruokonen Ville 0  0  0  0  0  0  0  0  0  0  0  0  0  0  0  0  0               185 000
23486067 Tuohimaa Frans 1  0  0  0  0  1  0  21  4  0  0  0  1  0  0  0.00  0               275 500
Sport
21851801 Jarvinen Mika 3  0  0  0  1  1  1  108  7  0  6  0  0  2  0  11.67  35               345 500
24137690 Rinne Rasmus 2  0  0  0  1  0  1  49  2  1  0  0  1  0  1  17.00  34               360 500
Tappara
21589720 Heljanko Christian 0  0  0  0  0  0  0  0  0  0  0  0  0  0  0  0  0               200 000
40035616 Hrachovina Dominik 5  0  0  0  4  1  0  122  7  1  0  0  0  2  1  12.40  62               345 000
24793076 Lassila Teemu 1  0  0  0  0  0  1  40  1  0  0  0  0  1  0  18.00  18               360 000
TPS
40310431 Georgiev Aleksandar 3  0  0  0  1  0  1  35  3  0  0  0  0  0  0  2.67  8               319 500
28628202 Kaarlehto Karolus 0  0  0  0  0  0  0  0  0  0  0  0  0  0  0  0  0               156 000
23249408 Setanen Oskari 4  0  0  0  1  1  2  87  11  0  2  0  0  2  0  4.75  19               350 000
Assat
24244826 Ahonen Ari 3  0  0  0  1  2  0  59  5  0  0  0  0  0  1  5.33  16               335 500
34282069 Bernard Andreas 4  0  0  0  0  2  2  98  10  0  0  0  0  2  0  5.25  21               347 500
HIFK
ID Puolustaja O M S P AVM AVS VM TM JA L B ALV ALH + - JM OR X XX XXX LPP/O LPP Arvo
21415137 Eronen Teemu 0  0  0  0  0  0  0  0  0  0  0  0  0  0  0  0  0  0  0  0  0  0               388 500
40431556 Finley Joe 6  0  1  1  0  0  0  0  0  8  1  0  0  4  -1  4  0  0  0  0  4.33  26               282 500
40310923 Grillfors Daniel 6  0  1  1  0  0  0  0  0  11  2  0  0  5  -4  0  0  0  0  0  3.50  21               344 500
21555770 Heikkinen Eemeli 0  0  0  0  0  0  0  0  0  0  0  0  0  0  0  0  0  0  0  0  0  0               255 000
28843210 Heiskanen Miro 6  1  1  2  0  0  0  0  0  19  1  0  0  4  -1  2  0  0  0  0  6.50  39               287 500
21926286 Karjalainen Miro 3  1  0  1  0  0  0  0  0  4  0  0  0  2  0  0  0  0  0  1  6.67  20               224 500
23167645 Salmela Saku 6  0  2  2  0  0  0  0  0  10  0  0  0  4  -1  2  0  0  0  0  5.17  31               319 000
23170797 Salmi Juuso 4  0  1  1  0  0  0  0  0  7  2  0  0  1  0  0  0  0  0  0  4.00  16               215 500
23384884 Taimi Tommi 6  0  0  0  0  0  0  0  0  23  0  0  0  3  -5  4  0  0  0  0  2.67  16               429 000
23424825 Teppo Miihkali 4  0  0  0  0  0  0  0  0  3  1  0  0  3  0  0  0  0  0  0  3.25  13               207 500
30692420 Ulander Elias 0  0  0  0  0  0  0  0  0  0  0  0  0  0  0  0  0  0  0  0  0  0               150 000
HPK
29780877 Almari Niclas 5  0  1  1  0  0  0  0  0  7  1  0  0  2  0  4  0  0  0  0  4.20  21               213 500
21352546 Auvinen Henri 0  0  0  0  0  0  0  0  0  0  0  0  0  0  0  0  0  0  0  0  0  0               200 000
21433957 Forsberg Henrik 2  0  0  0  0  0  0  0  0  5  0  0  0  1  0  2  0  0  0  0  4.00  8               270 000
23837234 Friman Niklas 3  0  0  0  0  0  0  0  0  9  3  0  0  0  -1  2  0  0  0  0  2.33  7               207 000
24155339 Haaranen Matias 0  0  0  0  0  0  0  0  0  0  0  0  0  0  0  0  0  0  0  0  0  0               185 000
22346140 Lehtivuori Joonas 5  0  1  1  0  0  0  0  0  15  3  0  0  2  -4  2  0  0  0  0  3.40  17               358 000
22510552 Manninen Oskari 5  1  0  1  0  0  1  0  0  13  2  0  0  4  -1  2  0  1  0  0  6.80  34               262 500
22709389 Nikkila Petteri 5  0  2  2  0  0  0  0  0  29  8  0  0  4  -1  6  0  1  0  0  9.80  49               366 500
25662148 Salmela Eetu 0  0  0  0  0  0  0  0  0  0  0  0  0  0  0  0  0  0  0  0  0  0               190 000
23334106 Suhonen Teemu 5  0  1  1  0  0  0  0  0  14  0  0  0  1  -3  4  0  0  0  0  3.20  16               322 500
40432236 Tulupov Kirill 0  0  0  0  0  0  0  0  0  0  0  0  0  0  0  0  0  0  0  0  0  0               185 000
23517198 Tuulola Joni 5  0  0  0  0  0  0  0  0  12  1  0  0  2  -2  0  0  0  0  0  2.00  10               296 000
Ilves
24279752 Aalto Teemu 6  0  2  2  0  0  0  0  0  27  0  0  0  5  -3  2  0  0  0  0  6.50  39               444 000
21423970 Fagerudd Marcus 4  0  1  1  0  0  0  0  0  13  1  0  0  1  -1  6  0  0  0  0  5.25  21               315 000
27828414 Ilomaki Valtteri 6  0  0  0  0  0  0  0  0  2  2  0  0  4  -2  0  0  0  0  0  1.83  11               202 000
27839788 Jarvinen Ville 0  0  0  0  0  0  0  0  0  0  0  0  0  0  0  0  0  0  0  0  0  0               150 000
24786410 Laatikainen Arto 6  0  3  3  0  0  0  0  0  21  0  0  0  3  -4  0  0  0  0  0  5.00  30               349 000
22684873 Niemi Jyri 6  0  1  1  0  0  0  0  0  20  1  0  0  3  -5  0  0  0  0  0  3.00  18               273 000
28905831 Parikka Jarkko 6  0  1  1  0  0  0  0  0  9  1  0  0  4  -4  0  0  0  0  0  2.83  17               257 000
25381270 Vainio Olli 2  0  1  1  0  0  0  0  0  0  0  0  0  1  0  0  0  0  0  0  4.50  9               182 000
23680559 Vittasmaki Veli-Matti 6  1  0  1  0  0  0  1  0  13  0  0  0  9  -4  4  0  0  0  0  7.00  42               342 500
Jukurit
24421720 Hietanen Valtteri 5  0  0  0  0  0  0  0  0  10  1  0  0  4  0  4  0  0  0  0  4.60  23               250 000
21700651 Hyvarinen Ville 4  0  0  0  0  0  0  0  0  4  1  0  0  1  0  2  0  0  0  0  2.25  9               234 000
21772430 Jaatinen Antti 5  0  1  1  0  0  0  0  0  17  2  0  0  5  -2  4  0  0  0  0  6.60  33               240 000
21913668 Karalahti Keni 2  0  0  0  0  0  0  0  0  7  0  0  0  0  -1  2  0  0  0  0  2.00  4               155 500
24644552 Kauppinen Marko 5  1  4  5  0  0  1  0  0  14  1  0  0  5  -3  2  0  0  1  1  12.00  60               391 500
22051859 Koivisto Miika 5  1  2  3  0  0  0  0  0  20  4  0  0  6  -2  0  0  1  0  0  9.80  49               337 500
31128854 Kokkonen Mikko 0  0  0  0  0  0  0  0  0  0  0  0  0  0  0  0  0  0  0  0  0  0               151 500
22891255 Piipponen Samuli 4  0  1  1  0  0  0  0  0  3  1  0  0  3  -1  4  0  0  0  0  5.00  20               260 000
25385331 Vaarasuo Ilkka 0  0  0  0  0  0  0  0  0  0  0  0  0  0  0  0  0  0  0  0  0  0               200 000
23568561 Valkonen Joonas 0  0  0  0  0  0  0  0  0  0  0  0  0  0  0  0  0  0  0  0  0  0               165 000
JYP
21295959 Aitola Olli 5  0  0  0  0  0  0  0  0  4  0  0  0  1  -3  0  0  0  0  0  0.00  0               175 000
24300210 Erving Joona 0  0  0  0  0  0  0  0  0  0  0  0  0  0  0  0  0  0  0  0  0  0               180 000
21799484 Jokinen Jaakko 0  0  0  0  0  0  0  0  0  0  0  0  0  0  0  0  0  0  0  0  0  0               200 000
21892307 Kalteva Mikko 6  0  2  2  0  0  0  0  0  23  3  0  0  1  -6  0  0  0  0  0  3.17  19               395 000
22339759 Lehtinen Kai 2  0  0  0  0  0  0  0  0  2  1  0  0  0  0  2  0  0  0  0  2.00  4               214 000
24715452 Lindroos Alex 0  0  0  0  0  0  0  0  0  0  0  0  0  0  0  0  0  0  0  0  0  0               150 000
22711526 Niku Sami 6  0  4  4  0  0  0  0  0  16  2  0  0  2  -2  2  0  0  0  0  6.50  39               380 500
22937737 Pulli Juuso 6  0  0  0  0  0  0  0  0  11  2  0  0  0  -4  6  0  0  0  0  1.00  6               312 500
25323173 Uotila Juha 6  0  0  0  0  0  0  0  0  8  1  0  0  0  -1  2  0  0  0  0  1.00  6               194 000
30487321 Vaakanainen Urho 4  0  0  0  0  0  0  0  0  2  0  1  0  0  -1  0  0  0  0  0  0.25  1               240 000
23557763 Vainio Juuso 0  0  0  0  0  0  0  0  0  0  0  0  0  0  0  0  0  0  0  0  0  0               229 000
40371299 Yonkman Nolan 6  0  0  0  0  0  0  0  0  7  1  0  0  2  -1  4  0  0  0  0  2.33  14               222 500
KalPa
24333193 Halonen Antti 0  0  0  0  0  0  0  0  0  0  0  0  0  0  0  0  0  0  0  0  0  0               268 500
24174048 Leskinen Otto 2  0  1  1  0  0  0  0  0  5  0  0  0  0  0  0  0  0  0  0  4.50  9               199 000
22452814 Lukka Santeri 6  0  0  0  0  0  0  0  0  25  0  0  0  1  -4  4  0  0  0  0  2.17  13               291 000
22474067 Lyytinen Joonas 5  0  0  0  0  0  0  0  0  25  0  0  0  0  -3  6  0  0  0  0  2.60  13               380 000
24890199 Mikkola Niko 6  1  1  2  0  0  0  1  0  15  0  0  0  7  -4  4  0  1  1  0  7.67  46               298 500
25108217 Riikola Juuso 6  0  2  2  0  0  0  0  0  15  2  0  0  3  -4  2  0  0  0  0  4.33  26               351 500
30730256 Ruuskanen Waltteri 0  0  0  0  0  0  0  0  0  0  0  0  0  0  0  0  0  0  0  0  0  0               185 000
25611403 Sopanen Eetu 6  0  1  1  0  0  0  0  0  9  0  0  0  7  -3  2  0  0  0  0  4.83  29               229 000
25517031 Timonen Jussi 6  0  1  1  0  0  0  0  0  10  1  0  0  2  -4  4  0  0  0  0  2.50  15               295 500
KooKoo
24289988 Blomberg Niki 0  0  0  0  0  0  0  0  0  0  0  0  0  0  0  0  0  0  0  0  0  0               150 000
40379228 Eklund Oscar 6  0  1  1  0  0  0  0  0  21  4  0  0  3  -5  2  0  0  0  0  3.67  22               303 000
24325509 Gronholm Ossi-Petteri 6  0  0  0  0  0  0  0  0  6  1  0  0  0  -3  4  0  0  0  0  0.33  2               199 000
40431930 Jacobsson Robin 4  0  1  1  0  0  0  0  0  19  1  0  0  1  -1  0  0  0  0  0  4.50  18               299 500
28642754 Koponen Marlo 3  1  0  1  0  0  0  0  0  4  1  0  0  1  -2  6  0  0  0  0  6.00  18               248 000
22358280 Lehtonen Mikko 6  1  2  3  0  0  0  0  0  32  1  0  0  3  -10  0  0  0  0  0  4.83  29               397 500
22764667 Nyqvist Julius 0  0  0  0  0  0  0  0  0  0  0  0  0  0  0  0  0  0  0  0  0  0               200 000
40310918 O'connor Ryan 6  2  4  6  0  0  1  0  0  35  4  0  0  1  -8  2  0  0  1  0  9.50  57               463 500
25042564 Pelli Arttu 5  0  0  0  0  0  0  0  0  5  1  0  0  1  -4  2  0  0  0  0  0.40  2               174 000
28842826 Vainio Veeti 6  0  1  1  0  0  0  0  0  6  0  0  0  2  -3  4  0  0  0  0  2.50  15               234 500
Karpat
40430540 Bryhnisveen Nicolai 5  0  0  0  0  0  0  0  0  3  1  0  0  1  -2  0  0  0  0  0  0.40  2               314 000
21494006 Hakanpaa Jani 6  0  0  0  0  0  0  0  0  9  1  0  0  3  -7  2  0  0  0  0  0.83  5               334 000
40428666 Heshka Shaun 6  0  4  4  0  0  0  0  0  22  0  0  0  3  -2  4  0  0  0  0  7.50  45               393 000
40312846 Kukkonen Lasse 5  1  1  2  0  0  0  1  0  17  0  0  0  2  -1  6  0  0  0  0  7.20  36               427 500
24864730 Mikkola Ilkka 6  0  1  1  0  0  0  0  0  13  0  0  0  1  -9  4  0  0  0  0  0.67  4               331 500
24825038 Makela Aleksi 5  0  0  0  0  0  0  0  0  1  1  0  0  0  -1  4  0  0  0  0  0.80  4               199 000
22679723 Niemela Mikko 6  0  0  0  0  0  0  0  0  6  0  0  0  0  -4  6  0  0  0  0  0.33  2               214 500
29679441 Ronkainen Taneli 2  0  0  0  0  0  0  0  0  2  0  0  0  2  0  0  0  0  0  0  4.00  8               205 000
23255023 Siikaluoma Taneli 0  0  0  0  0  0  0  0  0  0  0  0  0  0  0  0  0  0  0  0  0  0               205 000
Lukko
24260583 Ahonen Rony 6  1  1  2  0  0  0  0  0  19  1  0  0  4  -8  0  0  0  0  0  3.83  23               360 000
24229184 Makinen Atte 6  0  1  1  0  0  0  0  0  8  3  0  0  2  -4  6  0  0  0  0  3.00  18               270 500
24939759 Niskala Janne 6  0  1  1  0  1  0  0  0  32  0  0  1  4  -5  2  0  0  0  0  4.67  28               450 500
25091997 Riikola Simo-Pekka 1  0  0  0  0  0  0  0  0  0  0  0  0  0  -1  0  0  0  0  0  -2.00  -2               263 500
40277186 Seigo Steven 6  1  1  2  0  0  0  0  0  18  0  0  0  6  -3  6  0  1  0  0  7.33  44               374 500
24177003 Sevanen Roni 4  0  0  0  0  0  0  0  0  2  0  1  0  2  -2  0  0  0  0  0  1.00  4               192 000
23607338 Ventela Sameli 5  0  0  0  0  0  0  0  0  3  0  0  0  1  -3  0  0  0  0  0  -0.20  -1               184 500
23668720 Virtanen Jesse 6  3  2  5  0  0  1  0  0  17  1  0  0  7  -7  4  0  0  2  0  11.17  67               447 500
Pelicans
40371281 Blood Ben 6  0  1  1  0  0  0  0  0  15  2  0  1  2  -2  6  0  1  0  0  4.17  25               302 000
21662236 Hovinen Miro 1  0  0  0  0  0  0  0  0  2  0  0  0  0  0  0  0  0  0  0  1.00  1               188 000
40371282 Lassen Stefan 6  0  1  1  0  0  0  0  0  10  1  0  0  7  -2  0  0  0  0  0  5.17  31               331 500
24806743 Leimu Juha 4  1  0  1  0  0  0  0  0  15  1  0  0  1  -2  0  0  0  0  0  4.25  17               429 000
22504610 Manelius Nico 6  0  0  0  0  0  0  0  0  12  0  0  0  5  -1  2  0  0  0  0  3.67  22               258 000
23768293 Okker Matti 0  0  0  0  0  0  0  0  0  0  0  0  0  0  0  0  0  0  0  0  0  0               150 000
22882468 Pietila Juha-Pekka 0  0  0  0  0  0  0  0  0  0  0  0  0  0  0  0  0  0  0  0  0  0               240 000
25024184 Puistola Pasi 6  0  0  0  0  0  0  0  0  8  0  0  0  2  -3  0  0  0  0  0  0.83  5               302 000
22973270 Poyhonen Marko 6  0  5  5  0  0  0  0  0  15  0  0  1  6  -4  2  0  0  0  0  8.17  49               345 500
23092192 Rukajarvi Roni 6  1  1  2  0  0  0  0  0  6  0  0  0  6  -2  0  0  0  0  0  5.50  33               236 000
SaiPa
24288413 Backman Simon 6  0  0  0  0  0  0  0  0  7  1  0  0  5  -5  4  0  0  0  0  2.33  14               278 000
40372124 Carson Brett 6  1  1  2  0  0  1  0  0  20  3  0  0  5  -4  4  0  1  0  0  7.17  43               355 500
28515629 Koponen Santeri 0  0  0  0  0  0  0  0  0  0  0  0  0  0  0  0  0  0  0  0  0  0               150 000
24725109 Lappalainen Lasse 1  0  0  0  0  0  0  0  0  4  0  0  0  0  0  2  0  0  0  0  4.00  4               310 500
22487436 Maalahti Kalle 6  0  2  2  0  0  0  0  0  22  2  0  0  4  -5  6  0  0  0  0  5.67  34               383 000
22647742 Makinen William 5  0  0  0  0  0  0  0  0  4  1  0  0  4  -3  4  0  0  0  0  2.60  13               263 000
24960676 Ovaska Markus 0  0  0  0  0  0  0  0  0  0  0  0  0  0  0  0  0  0  0  0  0  0               150 000
40036128 Savilahti Nagander Per 6  0  3  3  0  0  0  0  0  29  2  0  0  4  -5  6  0  0  0  0  7.50  45               299 000
25543115 Sneck Jere 6  0  0  0  0  0  0  0  0  7  1  0  0  1  -2  4  0  0  0  0  1.33  8               231 500
23387739 Taipalus Lauri 6  0  3  3  0  0  0  0  0  20  0  0  0  3  -2  2  0  0  0  0  6.17  37               401 500
Sport
24324348 Grondahl Ari 5  2  2  4  0  0  0  1  0  12  0  0  0  4  -1  0  0  0  0  1  10.20  51               312 000
24555256 Kankaanpera Markus 5  0  0  0  0  0  0  0  0  6  1  0  0  1  -4  2  0  0  0  0  0.40  2               278 000
22240990 Laakso Aleksi 5  1  0  1  0  0  1  0  0  17  1  2  0  2  -4  2  0  0  1  0  5.00  25               323 500
22281865 Laitamaki Juho-Erik 0  0  0  0  0  0  0  0  0  0  0  0  0  0  0  0  0  0  0  0  0  0               150 000
24947327 Nordlund Markus 5  0  1  1  0  0  0  0  0  19  0  0  0  2  -3  2  0  0  0  0  3.80  19               289 500
24993465 Pukka Mikko 5  0  2  2  0  0  0  0  0  8  1  0  0  3  -1  6  0  0  0  0  6.40  32               300 000
28891819 Salo Robin 5  0  1  1  0  0  0  0  0  6  1  0  0  2  -1  0  0  0  0  0  3.20  16               264 500
23217870 Saukko Ville 0  0  0  0  0  0  0  0  0  0  0  0  0  0  0  0  0  0  0  0  0  0               215 000
24231486 Vakela Jesse 0  0  0  0  0  0  0  0  0  0  0  0  0  0  0  0  0  0  0  0  0  0               165 000
Tappara
40339220 Bonsaksen Alexander 0  0  0  0  0  0  0  0  0  0  0  0  0  0  0  0  0  0  0  0  0  0               303 000
21403877 Elorinne Aleksi 6  1  0  1  0  0  1  0  0  15  2  0  0  4  -4  2  0  1  0  0  4.83  29               359 500
21974869 Kemilainen Valtteri 6  0  3  3  0  0  0  0  0  26  2  0  0  3  -3  0  0  0  0  0  6.17  37               416 000
23000702 Rantakari Otso 6  1  2  3  0  0  0  0  0  25  1  0  0  3  -2  6  0  0  0  0  7.67  46               389 000
24127529 Rouhiainen Jere 0  0  0  0  0  0  0  0  0  0  0  0  0  0  0  0  0  0  0  0  0  0               175 000
24190598 Salonen Aleksi 6  1  2  3  0  0  0  0  0  12  1  0  0  4  -2  0  0  0  0  0  6.17  37               278 000
25581559 Sammalkangas Tapio 6  1  0  1  0  0  0  0  0  6  0  0  0  5  -1  2  0  0  0  0  4.83  29               261 000
25573664 Saravo Pekka 6  0  0  0  0  0  0  0  0  8  1  0  0  5  -3  2  0  0  0  0  2.83  17               255 000
25491335 Tuhkanen Niko 6  0  0  0  0  0  0  0  0  0  0  0  0  0  0  0  0  0  0  0  0.00  0               235 000
TPS
29587960 Berger Martin 5  0  0  0  0  0  0  0  0  4  0  0  0  1  0  0  0  0  0  0  1.00  5               159 500
40364174 Dudas Jesse 0  0  0  0  0  0  0  0  0  0  0  0  0  0  0  0  0  0  0  0  0  0               150 000
23806498 Eronen Elmeri 5  1  1  2  0  0  0  0  0  13  2  0  1  4  0  27  0  0  0  0  6.20  31               246 500
24318448 Forsstrom Jani 6  0  1  1  0  0  0  0  0  14  4  0  0  3  -1  2  0  0  0  0  4.67  28               238 500
24381077 Heikkinen Ilkka 6  5  0  5  0  0  2  0  1  32  3  0  0  4  -3  2  0  0  0  4  15.17  91               536 500
27841653 Keskitalo Miro 6  0  0  0  0  0  0  0  0  13  2  0  0  4  -6  4  0  0  0  0  2.17  13               216 500
22064150 Kojo Markus 2  0  0  0  0  0  0  0  0  0  0  0  0  0  0  0  0  0  0  0  0.00  0               185 000
29948541 Reunanen Tarmo 0  0  0  0  0  0  0  0  0  0  0  0  0  0  0  0  0  0  0  0  0  0               230 000
27684548 Tallinder Henrik 6  0  1  1  0  0  0  0  0  23  3  0  0  5  -6  2  0  1  0  0  4.67  28               375 000
25454136 Tikkanen Harri 6  0  0  0  0  0  0  0  0  16  1  0  0  4  -2  2  0  0  0  0  3.33  20               336 500
Assat
24820363 Marttinen Jyri 7  1  1  2  0  0  0  1  0  24  4  0  0  5  -7  6  0  0  0  1  6.29  44               402 000
29786062 Makela Aleksi 5  0  0  0  0  0  0  0  0  4  1  0  0  0  0  0  0  0  0  0  0.60  3               201 500
22843711 Peltola Niko 7  0  1  1  0  1  0  0  0  18  4  0  0  4  -3  2  0  0  0  0  4.29  30               339 500
23241406 Seppala Jere 7  1  2  3  0  0  1  0  0  26  2  0  0  3  -4  0  0  1  0  0  6.00  42               331 500
23470251 Tommila Juho 7  1  0  1  0  0  0  0  0  19  0  0  0  2  -2  2  0  0  0  0  3.43  24               243 500
23561924 Vainonen Mikko 6  0  1  1  0  1  0  0  0  5  5  0  0  0  -2  2  0  0  0  0  2.17  13               230 000
23600607 Vehmanen Iiro 0  0  0  0  0  0  0  0  0  0  0  0  0  0  0  0  0  0  0  0  0  0               185 000
25334515 Viljanen Valtteri 4  0  0  0  0  0  0  0  0  5  1  0  0  0  -2  0  0  0  0  0  0.00  0               363 500
28504481 Vuorisalo Teemu 4  0  0  0  0  0  0  0  0  3  0  0  0  0  -1  2  0  0  0  0  0.50  2               156 500
29065479 Walli Juuso 2  0  0  0  0  0  0  0  0  0  0  0  0  0  -1  4  0  0  0  0  1.00  2               153 500
HIFK
ID Hyokkaaja O M S P AVM AVS VM TM JA L B ALV ALH + - JM OR X XX XXX LPP/O LPP Arvo
24242404 Aaltonen Juhamatti 6  3  2  5  0  0  1  0  0  33  0  0  0  5  -3  6  0  1  0  1  10.50  63           562 500
40314554 Elkins Corey 6  0  4  4  0  0  0  0  0  7  1  66  46  5  -3  0  0  0  0  0  5.83  35           453 500
27820360 Hintz Roope 0  0  0  0  0  0  0  0  0  0  0  0  0  0  0  0  0  0  0  0  0  0           464 000
30731093 Hamalainen Janne 0  0  0  0  0  0  0  0  0  0  0  0  0  0  0  0  0  0  0  0  0  0           150 000
24464062 Ikonen Jasse 6  0  1  1  0  0  0  0  0  13  0  0  1  6  -2  0  0  0  0  0  3.67  22           288 500
30345845 Jaaska Juha 1  0  1  1  0  0  0  0  0  2  0  0  0  1  0  0  0  0  0  0  7.00  7           192 000
22366599 Leino Robert 6  2  0  2  0  0  0  0  0  16  2  35  49  4  -1  6  0  0  0  1  5.67  34           325 000
24711621 Luttinen Arttu 0  0  0  0  0  0  0  0  0  0  0  0  0  0  0  0  0  0  0  0  0  0           402 000
24880895 Mieho Panu 5  1  0  1  0  0  0  0  0  1  0  5  11  1  0  2  0  0  0  0  1.80  9           204 000
22756329 Nykopp Thomas 4  2  1  3  0  0  2  0  0  3  3  20  24  4  0  0  0  0  1  0  8.50  34           319 000
22815419 Partanen Mika 6  1  0  1  0  0  0  0  0  18  0  1  0  2  -1  4  0  0  0  0  4.17  25           369 500
25012824 Petrell Lennart 6  1  1  2  0  0  0  0  0  22  3  5  2  2  -2  2  0  0  0  1  5.83  35           440 500
22953708 Puustinen Juuso 6  0  0  0  0  0  1  0  0  19  0  0  0  1  -2  2  0  0  0  0  2.50  15           388 000
23017821 Rask Joonas 1  0  0  0  0  0  0  0  0  0  0  0  0  1  -1  0  0  0  0  0  1.00  1           340 500
25618516 Saarelainen Miro-Pekka 6  1  0  1  0  0  0  0  0  12  0  0  0  3  -2  0  0  0  0  0  3.00  18           253 000
25500873 Tamminen Henri 2  0  0  0  0  0  0  0  0  2  0  0  0  0  0  0  0  0  0  0  0.50  1           201 000
23500545 Tuomisto Tomi 6  0  2  2  0  0  0  0  0  5  1  25  32  2  -3  2  0  0  0  0  1.83  11           282 500
23793763 Asten Micke-Max 6  0  0  0  0  0  0  0  0  6  3  0  0  2  -1  0  0  0  0  0  1.50  9           211 000
HPK
40432221 Cornet Philippe 5  3  0  3  0  0  0  0  0  13  1  1  3  3  -2  6  0  0  0  0  7.40  37           370 500
21521047 Harainen Tommi 0  0  0  0  0  0  0  0  0  0  0  0  0  0  0  0  0  0  0  0  0  0           150 000
24341444 Hopponen Waltteri 0  0  0  0  0  0  0  0  0  0  0  0  0  0  0  0  0  0  0  0  0  0           200 000
21870028 Kainulainen Harri 0  0  0  0  0  0  0  0  0  0  0  0  0  0  0  0  0  0  0  0  0  0           150 000
24678450 Kapanen Niko 5  0  1  1  0  0  0  0  0  13  0  48  41  4  -3  6  0  1  0  0  5.40  27           455 000
24555418 Keranen Juho 5  0  0  0  0  0  0  0  0  17  0  9  7  3  -2  2  0  0  0  0  3.40  17           303 500
24538367 Koivisto Juha 4  1  0  1  0  0  0  0  0  6  1  2  1  1  -1  0  0  0  0  0  3.50  14           284 000
24772275 Lahti Janne 5  0  2  2  0  0  0  0  0  20  1  0  0  1  -3  2  0  0  1  0  4.80  24           403 500
22511124 Manninen Sakari 5  1  2  3  0  0  0  0  0  18  2  2  2  3  -2  2  0  0  1  0  6.60  33           434 000
27752328 Paajanen Otto 5  1  1  2  0  0  0  0  0  15  0  43  41  3  -2  2  0  0  0  0  5.00  25           372 000
22805092 Palve Oula 5  1  0  1  0  0  1  0  0  20  1  33  22  2  -2  0  0  1  0  1  6.40  32           325 500
23097498 Ruokonen Miro 2  0  0  0  0  0  0  0  0  4  1  0  0  0  0  0  0  0  0  0  2.00  4           164 000
23264399 Sillanpaa Severi 5  0  0  0  0  0  0  0  0  4  1  23  20  0  -2  0  0  0  0  0  1.00  5           305 000
29985229 Somervuori Eero 3  0  0  0  0  0  0  0  0  9  1  0  0  0  0  0  0  0  0  0  2.33  7           307 000
23509177 Turtiainen Jaakko 3  0  0  0  0  0  0  0  0  5  1  1  0  0  -2  2  0  0  0  0  1.67  5           285 000
25506929 Turunen Teemu 5  1  1  2  0  0  0  0  0  17  2  1  1  3  0  0  0  0  0  0  5.80  29           203 000
23577387 Valtonen Julius 4  0  1  1  0  0  0  0  0  4  1  1  0  1  0  0  0  0  0  0  2.75  11           167 500
Ilves
24256597 Ahoniemi Niko 0  0  0  0  0  0  0  0  0  0  0  0  0  0  0  0  0  0  0  0  0  0           225 000
21431409 Flinck Markku 4  0  1  1  0  0  0  0  0  13  0  28  20  1  -4  27  0  0  0  0  1.50  6           369 500
24139944 Helenius Jere 0  0  0  0  0  0  0  0  0  0  0  0  0  0  0  0  0  0  0  0  0  0           195 000
24436809 Hintz Miiko 4  2  1  3  0  0  0  0  0  5  2  0  0  4  -3  0  0  0  1  0  7.00  28           239 000
21802135 Jokinen Markus 5  1  1  2  0  0  0  0  0  8  1  0  0  4  -3  4  0  0  0  0  5.20  26           266 000
28577104 Koivula Otto 6  2  1  3  0  0  0  0  1  13  1  0  2  1  -4  0  0  1  0  0  4.17  25           166 500
22244996 Laakso Tapio 6  2  3  5  0  0  1  0  0  13  2  67  77  4  -4  6  0  0  0  1  7.83  47           347 000
22441087 Liuksiala Juho 0  0  0  0  0  0  0  0  0  0  0  0  0  0  0  0  0  0  0  0  0  0           230 000
26590031 Meskanen Ville 6  3  2  5  0  0  2  0  0  17  0  0  0  3  -4  2  0  0  0  1  7.67  46           323 500
22598901 Mustonen Aleksi 6  2  4  6  0  0  0  0  0  11  1  0  3  8  -1  0  0  1  0  0  8.00  48           399 000
23029644 Rautiainen Teemu 6  3  4  7  0  0  0  0  0  21  0  0  0  7  0  6  0  1  0  0  11.33  68           473 000
23204825 Sandell Sami 6  3  4  7  0  0  0  0  0  25  0  52  49  7  -1  4  0  1  1  0  11.83  71           484 500
27745063 Seppanen Janne 0  0  0  0  0  0  0  0  0  0  0  0  0  0  0  0  0  0  0  0  0  0           250 000
23307832 Sointu Matias 5  1  0  1  0  0  0  0  0  10  0  23  41  2  -3  4  0  0  0  0  2.20  11           296 000
23351053 Suomi Eemeli 6  0  2  2  0  0  0  0  0  13  2  0  0  3  -4  0  0  0  0  0  3.50  21           247 500
25341223 Vihko Joonas 6  0  0  0  0  0  0  0  0  9  0  0  1  0  -4  2  0  0  0  0  0.67  4           354 000
40431993 Wahl Mitch 6  0  0  0  0  0  0  0  0  23  0  23  21  1  -3  8  0  0  0  0  3.50  21           324 000
Jukurit
21345676 Asplund Turo 5  0  1  1  0  0  0  0  0  9  0  50  59  3  -2  2  0  0  0  0  2.60  13           372 000
40435937 Budish Zach 5  1  2  3  0  0  0  0  0  19  1  31  31  4  0  2  0  0  0  0  7.00  35           336 500
21600081 Henritius Teemu 5  0  0  0  0  0  0  0  0  5  0  19  11  0  0  0  0  0  0  0  1.00  5           233 500
24351573 Hamalainen Ville 4  0  0  0  0  0  0  0  0  1  0  7  12  0  -1  0  0  0  0  0  -0.50  -2           278 000
21888612 Kalliola Joonas 5  1  0  1  0  0  0  0  0  12  0  0  2  1  -2  4  0  0  0  0  2.80  14           198 500
22049667 Koivisto Henrik 5  3  4  7  1  0  1  0  0  12  0  37  39  7  -2  0  0  0  0  2  12.80  64           393 000
22181127 Kumpulainen Janne 5  1  2  3  0  0  0  0  0  9  0  0  0  2  -1  2  0  1  0  1  5.80  29           317 000
24753799 Laakkonen Niko 0  0  0  0  0  0  0  0  0  0  0  0  0  0  0  0  0  0  0  0  0  0           175 000
24174051 Leskinen Ville 2  1  1  2  0  0  0  0  0  7  0  0  0  3  -1  0  0  0  0  0  9.50  19           259 500
22476117 Lahde Nestori 5  1  0  1  0  0  1  0  0  11  1  0  0  1  -1  0  0  0  0  0  3.40  17           295 500
22770952 Nattinen Topi 4  0  1  1  0  0  0  0  0  4  0  2  5  2  0  4  0  0  0  0  3.50  14           319 500
22895620 Piitulainen Jesper 5  0  2  2  0  0  0  0  0  16  3  0  0  3  -2  0  0  0  1  0  5.40  27           375 500
25116623 Ritamaki Janne 5  1  0  1  0  0  0  0  0  8  0  0  1  1  0  4  0  0  0  0  3.20  16           271 000
23075106 Roine Miika 5  2  0  2  0  0  0  0  0  11  6  3  1  3  -2  2  0  0  0  0  6.40  32           332 000
25612088 Sipilainen Olli 0  0  0  0  0  0  0  0  0  0  0  0  0  0  0  0  0  0  0  0  0  0           228 500
23394612 Tallberg Teemu 5  2  2  4  0  0  1  0  0  7  1  2  2  5  -2  0  0  0  0  0  7.20  36           327 500
JYP
21659838 Hotakainen Valtteri 5  0  0  0  0  0  0  0  0  7  1  31  25  0  0  4  0  0  0  0  2.40  12           302 000
24415613 Hytonen Juha-Pekka 6  2  2  4  0  0  0  0  0  18  1  63  49  3  -4  6  0  0  0  0  7.50  45           499 500
27775017 Kanninen Henri 6  1  1  2  0  0  0  0  0  16  6  22  17  1  -4  0  0  0  1  0  3.83  23           270 000
24638995 Kolehmainen Janne 6  0  1  1  0  0  0  0  0  19  1  0  0  2  -1  2  0  0  0  0  3.67  22           320 500
27775305 Likola Arttu 0  0  0  0  0  0  0  0  0  0  0  0  0  0  0  0  0  0  0  0  0  0           150 000
24811398 Louhivaara Ossi 2  0  0  0  0  0  0  0  0  3  3  0  0  0  0  0  0  0  0  0  2.00  4           339 500
22483058 Lofman Anssi 6  1  1  2  0  0  0  0  0  13  1  20  20  1  -4  0  0  1  0  0  2.83  17           332 500
22770842 Nattinen Joonas 2  0  1  1  0  0  0  0  0  12  0  2  3  0  -1  0  0  0  0  0  4.00  8           414 500
25014534 Pihlman Tuomas 6  3  1  4  0  0  1  0  0  14  0  1  3  2  -5  2  0  0  1  0  5.83  35           406 500
33373610 Rooba Robert 6  0  0  0  0  0  0  0  0  18  2  1  0  0  -2  2  0  0  0  0  2.00  12           176 500
23137280 Saari Micke 0  0  0  0  0  0  0  0  0  0  0  0  0  0  0  0  0  0  0  0  0  0           240 000
23181087 Salmio Mikko 6  0  0  0  0  0  0  0  0  13  1  0  1  0  0  2  0  0  0  0  1.83  11           328 000
25611050 Sund Joel 3  0  0  0  0  0  0  0  0  6  1  0  0  0  0  0  0  0  0  0  1.67  5           156 500
23349227 Suomela Antti 6  1  1  2  0  0  0  0  0  23  1  46  50  0  -1  27  0  0  1  0  2.83  17           281 000
23418213 Tavi Janne 6  1  0  1  0  0  0  0  0  18  1  1  1  0  -6  2  0  0  0  0  2.17  13           336 000
25492334 Tiainen Riku 0  0  0  0  0  0  0  0  0  0  0  0  0  0  0  0  0  0  0  0  0  0           150 000
23505155 Tuppurainen Jani 6  0  2  2  0  0  0  0  0  23  1  0  0  0  -3  2  0  0  0  0  3.50  21           448 500
KalPa
27826160 Hamalainen Aleksi 2  0  0  0  0  0  0  0  0  0  0  6  4  0  -2  2  0  0  0  0  0.00  0           210 000
21804861 Jokinen Tommi 6  0  1  1  0  0  0  0  0  12  1  5  2  0  -1  2  0  0  0  0  2.50  15           383 500
21817612 Junnila Jyri 6  2  3  5  1  0  0  0  0  24  4  0  1  5  -3  2  0  1  0  0  9.00  54           318 000
21983012 Keranen Janne 6  3  4  7  0  0  2  0  0  22  0  0  1  3  -3  2  0  0  0  1  9.67  58           461 500
28570745 Knuutinen Henri 0  0  0  0  0  0  0  0  0  0  0  0  0  0  0  0  0  0  0  0  0  0           190 000
27943137 Kokkola Tatu 1  0  0  0  0  0  0  0  0  0  0  0  0  0  0  0  0  0  0  0  0.00  0           150 000
22504856 Mankinen Jesse 6  2  0  2  1  0  0  0  0  26  0  0  0  2  -1  0  0  0  0  0  5.50  33           374 000
24871956 Mutanen Sami 6  0  1  1  0  0  0  0  0  12  4  2  5  3  -4  0  0  0  0  0  2.67  16           301 000
24849205 Myttynen Matias 3  0  2  2  0  0  0  0  0  2  0  11  21  2  -2  0  0  0  0  0  2.33  7           287 000
30475553 Nevalainen Juuso 0  0  0  0  0  0  0  0  0  0  0  0  0  0  0  0  0  0  0  0  0  0           205 000
22710462 Nikko Joni 6  0  2  2  0  0  0  0  0  17  0  0  0  2  -3  0  0  0  0  0  3.17  19           359 000
22750794 Nuutinen Mikko 6  2  1  3  0  0  1  0  0  21  1  2  1  2  -4  4  0  0  0  0  6.00  36           304 000
29859517 Piipponen Topi 5  0  0  0  0  0  0  0  0  7  0  0  0  0  0  0  0  0  0  0  1.00  5           255 000
25057054 Pitkanen Miikka 6  3  0  3  0  0  0  0  0  14  1  28  32  1  -1  2  0  1  0  1  5.33  32           294 500
23065792 Rissanen Jaakko 6  1  4  5  0  0  0  0  0  14  0  68  69  2  -3  2  0  0  1  0  6.00  36           361 500
25663901 Ruuttu Alexander 6  0  0  0  0  0  0  0  0  7  0  7  4  1  -3  0  0  0  0  0  1.17  7           340 500
34250949 Sebok Balazs 5  2  2  4  0  1  1  0  0  8  0  37  42  5  -3  4  0  0  0  1  8.20  41           338 000
23560365 Vainiola Ville-Vesa 1  0  0  0  0  0  0  0  0  0  1  9  6  0  0  0  0  0  0  0  2.00  2           150 000
KooKoo
24277893 Alikoski Mikko 6  0  0  0  0  0  0  0  0  4  1  0  0  1  -6  0  0  0  0  0  0.00  0           223 500
40431928 Broadhurst Terry 6  1  2  3  0  0  0  0  0  23  0  0  1  4  -6  2  0  0  1  0  5.33  32           312 000
21421215 Espo Jesse 0  0  0  0  0  0  0  0  0  0  0  0  0  0  0  0  0  0  0  0  0  0           150 000
40278116 Green Josh 6  3  2  5  0  0  0  0  0  13  2  65  71  3  -4  2  0  0  0  1  6.50  39           452 000
24451091 Haataja Juha-Pekka 6  2  6  8  0  0  0  0  1  17  1  0  1  3  -4  4  0  1  0  1  9.83  59           467 000
21499603 Hakulinen Anrei 6  0  0  0  0  0  0  0  0  11  0  0  0  1  -2  4  0  0  0  0  1.67  10           360 000
21700554 Hyvarinen Toni 6  0  1  1  0  0  0  0  0  11  1  0  1  2  -3  0  0  0  0  0  2.00  12           252 000
24466332 Immonen Jarkko 6  1  0  1  0  0  0  0  0  15  0  52  32  1  -5  4  0  0  0  0  4.00  24           328 500
24479303 Juutilainen Jan-Mikael 6  1  0  1  0  0  0  0  0  12  2  38  30  2  -5  2  0  0  0  0  3.17  19           259 000
28576383 Kantola Kai 6  2  2  4  0  0  0  1  0  19  0  1  3  1  -8  6  0  0  0  0  5.17  31           402 000
22051930 Koivisto Mika 4  0  0  0  0  0  0  0  0  3  2  2  0  0  -2  0  0  0  0  0  0.75  3           198 000
22120939 Koskelainen Pietari 0  0  0  0  0  0  0  0  0  0  0  0  0  0  0  0  0  0  0  0  0  0           150 000
22497989 Malinen Jarkko 1  0  1  1  0  0  0  0  0  2  0  3  7  1  -1  0  0  0  0  0  5.00  5           458 500
23222302 Savilahti Eero 6  0  0  0  0  0  0  0  0  12  1  3  1  0  -6  2  0  0  0  0  0.83  5           275 500
25494471 Tamminen Sami 5  0  0  0  0  0  0  0  0  4  0  22  24  1  -2  4  0  0  0  0  1.20  6           171 000
24206929 Virtanen Mikko 2  0  0  0  0  0  0  0  0  3  1  5  6  1  0  0  0  0  0  0  2.00  4           184 000
Karpat
40430539 Albert John 3  0  0  0  0  0  0  0  0  4  0  20  27  0  -1  2  0  0  0  0  0.33  1           435 000
21330445 Anttila Sami 3  0  0  0  0  0  0  0  0  2  1  0  0  0  -1  0  0  0  0  0  0.67  2           182 000
21673131 Humaloja Miska 6  1  0  1  0  0  0  0  0  5  4  29  35  1  -2  0  0  0  0  0  2.00  12           212 000
24641005 Kalapudas Antti 6  1  3  4  0  0  0  0  0  4  0  15  26  2  -6  0  0  0  0  0  2.67  16           274 500
27774063 Kestila Aku 4  0  0  0  0  0  0  0  0  5  0  5  7  0  -2  2  0  0  0  0  0.50  2           257 000
40245614 Koblizek Radek 1  0  0  0  0  0  0  0  0  0  0  0  0  0  -1  0  0  0  0  0  -1.00  -1           207 500
29551488 Kuiri Niko 1  0  0  0  0  0  0  0  0  1  0  0  0  0  -2  0  0  0  0  0  -1.00  -1           150 000
24680943 Kahkonen Toni 6  2  1  3  0  0  1  0  0  13  0  0  3  2  -2  2  0  0  0  1  5.00  30           388 500
22393300 Leskinen Ville 6  1  0  1  0  0  0  0  0  16  0  1  0  0  -5  0  0  0  0  0  2.00  12           294 000
24895372 Maenalanen Saku 1  0  0  0  0  0  0  0  0  2  0  0  0  1  0  0  0  0  0  0  3.00  3           243 000
40434461 Olausson Niklas 4  2  2  4  0  0  0  0  0  5  0  8  17  2  -1  10  0  0  0  0  4.50  18           431 000
25013577 Pyorala Mika 6  3  5  8  0  0  0  0  0  22  5  29  30  4  -2  2  0  0  0  1  10.83  65           503 500
25126574 Ruohomaa Mikael 6  1  1  2  0  0  1  0  0  25  0  42  44  2  -5  2  0  0  1  0  4.83  29           451 000
25630280 Saarinen Jesse 6  1  2  3  0  0  0  0  0  22  1  0  0  3  -1  0  0  0  1  0  5.67  34           350 500
25589140 Sailio Jari 6  0  0  0  0  0  0  0  0  8  2  2  1  0  -5  4  0  0  0  0  0.83  5           285 000
25345944 Vartiainen Tuomas 1  0  0  0  0  0  0  0  0  0  0  0  0  0  0  0  0  0  0  0  0.00  0           195 000
Lukko
29446865 Antonen Joose 4  1  0  1  0  0  0  0  0  6  0  1  0  1  -1  0  0  0  0  0  2.75  11           212 000
40313185 Claireaux Valentin 6  0  4  4  0  1  0  0  0  10  2  38  47  4  -3  2  0  0  0  0  4.67  28           218 000
40278115 Gagnon Aaron 6  0  4  4  0  0  0  0  0  18  0  70  60  5  -9  2  0  0  0  0  5.67  34           504 500
24546935 Koivisto Toni 6  1  2  3  0  0  0  0  0  13  0  0  0  4  -4  14  0  0  0  0  4.33  26           464 500
23889127 Koivistoinen Eetu 6  0  1  1  0  0  0  0  0  3  0  25  19  1  -1  4  0  0  0  0  2.33  14           199 000
22396653 Liedes Heikki 6  0  1  1  0  0  0  0  0  8  3  1  0  1  -3  8  0  0  0  0  3.33  20           241 500
22479185 Lahteenmaki Sami 6  0  0  0  0  0  0  0  0  18  2  9  13  1  -2  2  0  0  0  0  2.00  12           395 500
24219770 Niemela Joonas 0  0  0  0  0  0  0  0  0  0  0  0  0  0  0  0  0  0  0  0  0  0           185 000
22906739 Pitkanen Ilmari 6  2  1  3  1  0  0  0  0  6  0  3  1  5  -4  4  0  0  0  1  6.33  38           276 000
27023853 Saarela Aleksi 0  0  0  0  0  0  0  0  0  0  0  0  0  0  0  0  0  0  0  0  0  0           343 500
24153195 Suuronen Toni 6  1  1  2  0  0  0  0  0  9  1  1  1  4  -2  0  0  0  0  0  4.00  24           214 000
23441604 Tiivola Peter 6  4  1  5  0  0  0  0  0  10  0  52  50  3  -7  4  0  0  0  0  6.33  38           332 000
23483808 Tukonen Lauri 6  2  4  6  0  0  0  0  0  27  0  1  3  4  -11  4  0  0  0  0  6.83  41           483 500
25344657 Vahalahti Ville 6  2  5  7  1  0  0  1  0  27  1  1  0  5  -9  2  0  1  0  0  9.67  58           526 000
27854909 Vidgren Aaro 3  0  0  0  0  0  0  0  0  3  0  0  0  0  -1  0  0  0  0  0  0.33  1           152 500
23716863 Vayrynen Janne 0  0  0  0  0  0  0  0  0  0  0  0  0  0  0  0  0  0  0  0  0  0           250 000
Pelicans
24244606 Alanne Joonas 1  0  0  0  0  0  0  0  0  0  0  0  0  0  0  0  0  0  0  0  0.00  0           233 500
24290689 Bjorninen Hannes 6  2  0  2  0  0  0  0  0  8  0  28  34  3  -1  2  0  0  0  0  4.00  24           340 500
21399185 Elimaki Roope 2  0  0  0  0  0  0  0  0  1  0  1  2  0  0  0  0  0  0  0  0.00  0           220 000
21411429 Erkinjuntti Antti 6  0  4  4  0  0  0  0  0  21  1  1  1  5  -6  20  0  0  1  0  4.50  27           366 500
24383596 Heino Henri 6  1  0  1  0  0  1  0  0  7  1  38  35  1  -2  2  0  0  0  0  2.50  15           305 000
24650025 Kangasniemi Iikka 6  1  6  7  0  0  0  0  0  14  0  0  0  7  -1  0  0  0  0  2  9.50  57           399 500
22051338 Koivisto Kimi 5  2  2  4  0  0  0  0  0  16  1  1  3  6  0  2  0  0  1  0  8.80  44           340 500
27772764 Lahtinen Severi 0  0  0  0  0  0  0  0  0  0  0  0  0  0  0  0  0  0  0  0  0  0           150 000
40431480 Poulsen Morten 5  1  2  3  0  0  0  0  0  11  0  0  0  3  -1  0  0  0  0  0  5.20  26           327 500
23039812 Rekonen Aleksi 6  1  1  2  0  0  0  0  0  18  1  3  6  4  0  2  0  0  0  0  4.83  29           315 500
25139587 Repo Sebastian 6  0  1  1  0  0  0  0  0  27  0  2  3  2  -1  2  0  0  0  0  3.83  23           349 500
27355408 Siikonen Miska 6  2  3  5  0  0  0  0  0  10  0  41  32  6  0  2  0  1  1  0  8.50  51           342 500
23311954 Sopanen Vili 6  5  1  6  0  0  2  0  0  53  0  3  1  4  -6  0  0  0  0  1  12.33  74           449 000
27847136 Toivola Artturi 0  0  0  0  0  0  0  0  0  0  0  0  0  0  0  0  0  0  0  0  0  0           150 000
23521977 Tyrvainen Juhani 6  0  3  3  0  0  0  0  0  12  3  68  77  5  -6  4  0  0  0  0  4.17  25           418 500
25443752 Vartiainen Taavi 6  0  0  0  0  0  0  0  0  10  1  0  2  0  -1  20  0  0  0  0  1.50  9           209 000
SaiPa
40431857 Hamilton Curtis 6  7  1  8  0  0  0  1  0  20  0  0  1  6  -3  2  0  0  1  2  12.83  77           497 000
21851458 Jarvinen Matti 6  0  7  7  0  0  0  0  0  19  1  72  51  8  -3  4  0  1  0  0  10.83  65           416 000
28751548 Jaaskelainen Joona 6  0  0  0  0  0  0  0  0  11  0  0  0  2  -3  0  0  0  0  0  1.17  7           233 500
21878800 Kaksonen Elmeri 5  2  2  4  0  0  0  0  0  12  2  1  2  4  -2  0  0  0  0  0  7.00  35           302 500
27846357 Karjalainen Henry 0  0  0  0  0  0  0  0  0  0  0  0  0  0  0  0  0  0  0  0  0  0           150 000
21996203 Kettunen Janne 1  0  0  0  0  0  0  0  0  3  0  0  0  0  0  0  0  0  0  0  2.00  2           157 000
24666721 Koho Ville 0  0  0  0  0  0  0  0  0  0  0  0  0  0  0  0  0  0  0  0  0  0           300 000
24680176 Koski Eetu 6  0  1  1  0  0  0  0  0  9  1  40  34  2  -4  2  0  0  0  0  2.50  15           260 500
24618711 Koskiranta Tero 6  1  1  2  0  0  0  0  0  19  0  49  65  3  -5  0  0  0  0  0  2.50  15           399 500
27777125 Kuronen Mikael 5  3  1  4  0  0  0  0  0  13  2  0  5  4  -1  2  0  0  0  0  7.40  37           358 000
22372826 Leivo Tomi 6  0  0  0  0  0  0  0  0  12  0  1  2  2  -4  0  0  0  0  0  1.17  7           269 000
40431858 Mcfarland John 6  2  1  3  0  0  1  0  0  18  3  7  12  3  -5  0  0  0  0  0  4.83  29           381 500
24894616 Monkare Antton 0  0  0  0  0  0  0  0  0  0  0  0  0  0  0  0  0  0  0  0  0  0           150 000
23179141 Salminen Saku 6  1  0  1  0  0  0  0  0  8  0  25  31  1  -2  0  0  0  0  0  1.50  9           244 000
23330074 Stromberg Kim 6  0  2  2  0  0  0  0  0  13  3  0  0  2  -6  8  0  0  0  0  4.17  25           347 000
23555503 Vainikainen Ville 6  0  0  0  0  0  0  0  0  9  0  0  0  1  -2  2  0  0  0  0  1.50  9           170 500
23659810 Virkkunen Valtteri 1  0  0  0  0  0  0  0  0  1  1  0  0  0  0  0  0  0  0  0  2.00  2           212 000
Sport
21375264 Blomqvist Sami 5  0  1  1  0  0  0  0  0  18  0  0  0  1  -2  2  0  0  0  0  3.20  16           310 000
27411724 Brasken Carl-Axel 0  0  0  0  0  0  0  0  0  0  0  0  0  0  0  0  0  0  0  0  0  0           150 000
21940848 Karvinen Otto 0  0  0  0  0  0  0  0  0  0  0  0  0  0  0  0  0  0  0  0  0  0           225 000
27407152 Kiviranta Joel 5  2  0  2  0  0  0  0  0  15  0  0  1  2  -1  2  0  0  0  0  5.20  26           282 000
22064642 Kokkala Lassi 5  1  1  2  0  0  0  0  0  19  1  48  51  2  -1  0  0  0  0  0  4.60  23           330 500
22078939 Komulainen Joonas 5  0  4  4  0  0  0  0  0  10  0  38  28  3  -4  2  0  1  0  0  6.00  30           325 500
22237482 Korkko Tomi 5  1  0  1  0  0  0  0  0  11  1  0  0  3  0  0  0  0  0  0  3.80  19           247 500
22671530 Nenonen Markus 5  0  0  0  0  0  0  0  0  17  0  0  0  3  -1  4  0  0  0  0  4.00  20           406 000
25661505 Rantamaki Jesse 1  0  0  0  0  0  0  0  0  0  0  0  0  0  0  0  0  0  0  0  0.00  0           170 000
23064609 Riska Erik 2  0  0  0  0  0  0  0  0  1  0  0  0  0  0  0  0  0  0  0  0.50  1           259 500
25116157 Riska Filip 5  0  1  1  0  0  0  0  0  8  1  29  31  1  -3  4  0  0  0  0  2.40  12           292 500
25553671 Sundfors Niklas 0  0  0  0  0  0  0  0  0  0  0  0  0  0  0  0  0  0  0  0  0  0           150 000
28506900 Tikka Tommi 5  0  1  1  0  0  0  0  0  7  1  1  2  1  -2  2  0  0  0  0  2.00  10           214 500
33727088 Vaskivuo Mike 3  0  0  0  0  0  0  0  0  1  0  3  1  1  0  0  0  0  0  0  1.67  5           290 000
23597163 Vauhkonen Olavi 5  2  2  4  0  0  2  0  0  20  1  0  1  3  -3  0  0  0  0  1  8.20  41           390 500
25364666 Viitaluoma Ville-Veikko 5  1  2  3  0  0  0  1  0  21  0  33  32  1  0  2  0  0  0  0  5.80  29           425 000
29516740 Vahakangas Verneri 0  0  0  0  0  0  0  0  0  0  0  0  0  0  0  0  0  0  0  0  0  0           150 000
25441770 Vanttinen Tuomas 5  0  0  0  0  0  0  0  0  9  3  21  19  0  -2  4  0  0  0  0  2.20  11           412 000
23620470 Westermarck Felix 4  0  0  0  0  0  0  0  0  2  0  0  0  0  0  0  0  0  0  0  0.25  1           191 000
Tappara
21468906 Haapala Henrik 6  2  4  6  0  0  1  0  0  16  0  0  0  3  -2  2  0  1  0  1  8.17  49           469 500
21552647 Heikkila Miika 3  0  0  0  0  0  0  0  0  6  0  0  0  1  0  0  0  0  0  0  1.67  5           205 000
25658466 Honkanen Manu 3  0  0  0  0  0  0  0  0  0  0  0  0  1  -1  0  0  0  0  0  0.33  1           201 000
24463542 Ilomaki Arttu 6  0  3  3  0  0  0  0  0  12  0  55  40  4  0  4  0  0  0  0  6.00  36           405 000
21785090 Jasu Juhani 6  0  2  2  0  0  0  0  0  3  0  52  32  2  -5  4  0  0  0  0  3.33  20           302 500
21848539 Jarvinen Jan-Mikael 6  0  0  0  0  0  0  0  0  11  1  24  38  2  0  6  0  0  0  0  2.17  13           399 000
21924709 Karjalainen Jere 6  3  1  4  0  0  1  0  0  19  2  0  0  5  -1  2  0  0  0  0  8.00  48           474 500
22290364 Lajunen Jani 6  0  1  1  0  0  0  0  0  19  0  64  61  4  -2  0  0  0  0  0  3.83  23           459 000
28745305 Luoto Joona 0  0  0  0  0  0  0  0  0  0  0  0  0  0  0  0  0  0  0  0  0  0           185 000
24942005 Nurmi Teemu 6  3  2  5  0  0  1  0  0  22  1  1  1  3  -1  0  0  1  1  0  8.33  50           421 000
22842712 Peltola Jukka 6  0  2  2  0  0  0  0  0  18  7  0  0  3  0  2  0  0  0  0  5.00  30           463 500
25040634 Peltonen Tomi 0  0  0  0  0  0  0  0  0  0  0  0  0  0  0  0  0  0  0  0  0  0           220 000
25113804 Rauhala Otto 6  0  1  1  0  0  0  0  0  4  0  0  0  2  -2  2  0  0  0  0  1.83  11           239 500
40431860 RXymark Martin 6  1  1  2  0  0  0  0  0  20  2  1  1  2  -4  0  0  0  0  0  3.83  23           299 500
25541395 Savinainen Veli-Matti 6  5  3  8  0  0  0  0  0  36  2  1  1  5  -2  6  0  0  0  2  13.67  82           466 500
TPS
24272490 Ahtola Jerry 6  2  0  2  1  0  0  0  0  18  1  9  15  4  -2  0  0  0  0  0  5.50  33           345 000
28670140 Kallio Tomi 6  0  5  5  0  0  0  0  0  32  1  0  0  4  -3  2  0  0  0  0  7.67  46           523 000
29805082 Karvonen Elias 5  0  0  0  0  0  0  0  0  8  1  29  29  2  -2  4  0  0  0  0  2.40  12           247 500
40277188 Kumeliauskas Tadas 0  0  0  0  0  0  0  0  0  0  0  0  0  0  0  0  0  0  0  0  0  0           310 000
24808136 Lindsten Jasper 6  0  2  2  0  0  0  0  0  14  0  0  0  3  -1  0  0  0  0  0  3.67  22           248 000
29543836 Lamsa Teemu 0  0  0  0  0  0  0  0  0  0  0  0  0  0  0  0  0  0  0  0  0  0           205 000
24916798 Nieminen Otto 3  0  0  0  0  0  0  0  0  3  0  0  0  0  -2  0  0  1  0  0  0.33  1           201 000
29991637 Nurmi Markus 0  0  0  0  0  0  0  0  0  0  0  0  0  0  0  0  0  0  0  0  0  0           175 000
24977737 Perrin Eric 6  3  2  5  0  0  0  1  0  24  0  62  53  3  -4  4  0  0  0  0  8.50  51           524 000
25032105 Pikkarainen Ilkka 6  1  2  3  0  0  0  0  0  20  0  0  1  5  -1  4  0  0  0  0  6.17  37           357 000
25652103 Siiki Oskari 1  0  0  0  0  0  0  0  0  0  0  0  0  0  -1  0  0  0  0  0  -1.00  -1           209 000
40311090 Spina Dave 6  2  5  7  0  0  0  0  0  20  0  1  0  7  -2  2  0  0  0  1  10.17  61           511 000
25454547 Taavitsainen Topi 6  0  0  0  0  0  0  0  0  14  1  0  0  0  -2  0  0  0  0  0  1.33  8           209 500
40431403 Thorell Erik 6  2  2  4  0  0  1  1  0  16  1  0  2  6  -4  0  0  1  0  0  6.83  41           331 000
28262723 Virta Patrik 6  2  4  6  0  0  0  0  1  29  0  36  42  5  -1  4  0  1  1  0  10.00  60           339 000
23669075 Virtanen Jonne 6  0  1  1  0  0  0  0  0  6  1  39  34  0  -2  4  0  0  0  0  2.33  14           236 000
23702275 Vahatalo Julius 1  0  1  1  0  0  0  0  0  2  0  0  0  1  0  0  0  0  0  0  7.00  7           277 000
29837610 Vayrynen Teemu 2  0  0  0  0  0  0  0  0  2  0  0  0  0  0  0  0  0  0  0  1.00  2           197 000
Assat
34254136 Bertrand Charles 7  2  2  4  0  0  0  0  0  42  0  0  0  4  -4  6  0  2  0  0  7.71  54           479 500
29804384 Embrich Erik 3  0  0  0  0  0  0  0  0  2  0  0  0  0  0  0  0  0  0  0  0.67  2           170 500
24237406 Huovinen Joonas 0  0  0  0  0  0  0  0  0  0  0  0  0  0  0  0  0  0  0  0  0  0           220 000
21772427 Jaatinen Antti 7  0  0  0  0  0  0  0  0  21  0  0  0  0  -5  2  0  0  0  0  1.14  8           258 000
27852901 Juhola Jouka 4  0  0  0  0  0  0  0  0  6  0  0  0  0  0  2  0  0  0  0  1.50  6           154 500
21982576 Kerala Antti 0  0  0  0  0  0  0  0  0  0  0  0  0  0  0  0  0  0  0  0  0  0           300 000
21985272 Keskilohko Henri 0  0  0  0  0  0  0  0  0  0  0  0  0  0  0  0  0  0  0  0  0  0           170 000
24662929 Kiilholma Juha 7  0  1  1  0  0  0  0  0  12  1  40  41  0  -6  4  0  0  0  0  1.71  12           362 000
22101686 Korhonen Ville 7  0  2  2  0  0  0  0  0  26  0  3  0  3  -4  0  0  0  0  0  4.00  28           393 000
24608682 Kuparinen Matti 7  0  1  1  0  0  0  0  0  11  3  69  62  2  -4  4  0  0  0  0  2.57  18           364 000
22227780 Karki Jarno 4  1  2  3  0  0  0  1  0  20  0  7  8  2  -2  0  0  1  0  0  7.00  28           365 500
24881755 Makkonen Jussi 7  0  3  3  0  0  0  0  0  16  0  83  67  4  -3  2  0  0  0  0  5.00  35           382 500
22749608 Nuto Kasperi 0  0  0  0  0  0  0  0  0  0  0  0  0  0  0  0  0  0  0  0  0  0           185 000
23764585 Ojamaki Niko 7  1  0  1  0  0  0  0  0  26  0  0  0  2  -3  0  0  0  1  0  3.43  24           361 500
25153974 Ruotsalainen Arttu 5  0  0  0  0  0  0  0  0  12  1  6  3  0  -3  2  0  0  0  0  1.80  9           289 500
23155013 Saha Mikael 6  0  0  0  0  0  0  0  0  7  0  17  28  0  0  0  0  0  0  0  -0.33  -2           192 000
25651492 Suoranta Simon 7  4  1  5  1  0  0  0  2  22  1  2  4  4  -1  4  0  1  0  0  8.71  61           342 000
24177618 Varttinen Matias 6  0  0  0  0  0  0  0  0  10  2  0  0  0  0  2  0  0  0  0  1.67  10           206 500
