HIFK
ID Maalivahti O M S P V H TP TO PM NP JM OR X XX XXX LPP/O LPP Arvo
24288659 Backstrom Niklas 2  0  0  0  1  1  0  38  6  0  0  0  0  0  0  2.50  5               347 000
28890904 Halonen Niilo 0  0  0  0  0  0  0  0  0  0  0  0  0  0  0  0  0               190 000
24185189 Lankinen Kevin 11  0  0  0  4  6  0  267  26  0  0  0  0  0  1  5.45  60               388 500
24880772 Myllyniemi Jere 0  0  0  0  0  0  0  0  0  0  0  0  0  0  0  0  0               270 000
ID Puolustaja O M S P AVM AVS VM TM JA L B ALV ALH + - JM OR X XX XXX LPP/O LPP Arvo
21415137 Eronen Teemu 11  1  2  3  0  0  0  0  0  28  4  0  0  5  -10  2  0  0  0  0  3.36  37               368 000
40431556 Finley Joe 12  0  2  2  0  0  0  0  0  28  1  0  0  7  -7  55  0  0  0  0  3.75  45               277 000
40315931 Generous Matt 12  0  0  0  0  0  0  0  0  17  7  0  0  6  -7  36  0  0  0  0  1.17  14               208 000
40310923 Grillfors Daniel 6  0  1  1  0  0  0  0  0  9  2  0  0  8  -3  0  0  0  0  0  5.50  33               301 500
21555770 Heikkinen Eemeli 0  0  0  0  0  0  0  0  0  0  0  0  0  0  0  0  0  0  0  0  0  0               170 000
28843210 Heiskanen Miro 8  0  3  3  0  0  0  0  0  14  4  0  0  4  -5  0  0  1  0  0  4.13  33               324 500
24235673 Kaski Oliwer 10  1  0  1  0  0  1  0  0  26  3  0  0  8  -5  0  0  0  0  0  4.20  42               211 500
40310918 O'connor Ryan 9  2  1  3  0  0  0  0  0  26  3  0  0  6  -10  0  0  0  0  0  4.44  40               432 000
23167645 Salmela Saku 12  1  1  2  0  0  0  0  0  29  2  1  2  4  -3  2  0  0  0  0  3.50  42               289 000
23170797 Salmi Juuso 1  0  0  0  0  0  0  0  0  1  1  0  0  0  -2  0  0  0  0  0  -2.00  -2               213 000
29627956 Schnitt Oliver 0  0  0  0  0  0  0  0  0  0  0  0  0  0  0  0  0  0  0  0  0  0               155 000
23424825 Teppo Miihkali 1  0  0  0  0  0  0  0  0  0  1  0  0  0  0  0  0  0  0  0  1.00  1               187 500
ID Hyokkaaja O M S P AVM AVS VM TM JA L B ALV ALH + - JM OR X XX XXX LPP/O LPP Arvo
24242404 Aaltonen Juhamatti 11  0  4  4  0  0  0  0  0  39  0  0  0  3  -12  2  0  0  0  0  3.00  33           503 000
40314554 Elkins Corey 12  2  2  4  0  0  1  0  0  17  1  147  87  5  -6  8  0  0  0  1  5.58  67           419 000
27820360 Hintz Roope 12  3  9  12  0  0  0  0  0  33  4  77  69  12  -10  4  0  0  1  0  8.42  101           437 000
30731093 Hamalainen Janne 0  0  0  0  0  0  0  0  0  0  0  0  0  0  0  0  0  0  0  0  0  0           155 000
24464062 Ikonen Jasse 1  0  0  0  0  0  0  0  0  1  0  0  0  0  0  0  0  0  0  0  1.00  1           296 500
40455834 Johansson Mikael 4  0  1  1  0  0  0  0  0  6  0  0  2  1  -4  0  0  0  0  0  1.00  4           265 000
30345845 Jaaska Juha 8  1  0  1  0  0  0  0  0  9  0  11  12  3  -1  0  0  0  0  0  2.13  17           187 000
28576383 Kantola Kai 11  2  1  3  0  0  0  0  0  19  3  13  10  4  -5  8  0  1  0  0  3.82  42           392 000
22366599 Leino Robert 8  0  3  3  0  0  0  0  0  13  2  41  35  3  -6  2  0  0  0  0  3.38  27           269 500
24742742 Levanen Alex 0  0  0  0  0  0  0  0  0  0  0  0  0  0  0  0  0  0  0  0  0  0           155 000
24711621 Luttinen Arttu 8  0  0  0  0  0  0  0  0  13  2  0  0  4  -7  2  0  0  0  0  1.75  14           335 500
22497989 Malinen Jarkko 11  2  1  3  0  0  1  0  0  24  2  95  78  0  -9  4  0  0  0  1  3.55  39           420 500
22756329 Nykopp Thomas 0  0  0  0  0  0  0  0  0  0  0  0  0  0  0  0  0  0  0  0  0  0           275 000
22815419 Partanen Mika 7  2  1  3  0  0  1  0  0  20  0  1  2  4  -2  2  0  0  0  1  5.71  40           337 000
25012824 Petrell Lennart 12  2  3  5  0  0  0  0  0  18  5  2  1  4  -6  6  0  0  1  0  4.17  50           395 500
22953708 Puustinen Juuso 11  5  5  10  0  0  0  1  0  34  1  0  0  12  -6  2  0  1  1  0  8.64  95           362 000
23017821 Rask Joonas 11  3  5  8  0  0  1  0  0  18  2  9  12  11  -6  4  0  0  1  1  7.27  80           383 500
25500873 Tamminen Henri 3  0  0  0  0  0  0  0  0  5  1  0  0  1  -2  6  0  0  0  0  3.67  11           201 000
23500545 Tuomisto Tomi 5  0  1  1  0  0  0  0  0  4  0  3  2  0  -3  0  0  0  0  0  0.60  3           197 000
23793763 Asten Micke-Max 11  2  1  3  0  0  0  0  0  16  4  4  3  4  -6  12  0  1  0  0  4.36  48           284 500
JYP
ID Maalivahti O M S P V H TP TO PM NP JM OR X XX XXX LPP/O LPP Arvo
24158200 Olkinuora Juho 13  0  0  0  8  5  0  305  27  2  12  0  2  0  2  8.23  107               480 000
29857823 Ruusu Markus 0  0  0  0  0  0  0  0  0  0  0  0  0  0  0  0  0               285 000
23487192 Tuokkola Pekka 3  0  0  0  0  2  0  67  6  0  0  0  1  0  0  3.67  11               350 000
ID Puolustaja O M S P AVM AVS VM TM JA L B ALV ALH + - JM OR X XX XXX LPP/O LPP Arvo
21295959 Aitola Olli 0  0  0  0  0  0  0  0  0  0  0  0  0  0  0  0  0  0  0  0  0  0               153 000
24300210 Erving Joona 0  0  0  0  0  0  0  0  0  0  0  0  0  0  0  0  0  0  0  0  0  0               151 500
23837234 Friman Niklas 15  1  3  4  0  0  0  0  0  32  5  0  0  7  -11  4  0  0  0  0  3.53  53               300 000
21799484 Jokinen Jaakko 0  0  0  0  0  0  0  0  0  0  0  0  0  0  0  0  0  0  0  0  0  0               170 000
21892307 Kalteva Mikko 12  1  4  5  0  0  1  0  0  42  2  0  0  6  -6  8  0  1  0  0  6.42  77               467 500
24535632 Kuukka Mikko 13  2  3  5  0  0  1  0  0  30  5  0  0  7  -11  12  0  0  0  1  5.77  75               328 500
22339759 Lehtinen Kai 0  0  0  0  0  0  0  0  0  0  0  0  0  0  0  0  0  0  0  0  0  0               155 000
24715452 Lindroos Alex 0  0  0  0  0  0  0  0  0  0  0  0  0  0  0  0  0  0  0  0  0  0               153 000
22711526 Niku Sami 15  1  5  6  0  0  0  0  0  59  1  0  0  9  -10  2  0  2  0  1  5.87  88               435 500
22937737 Pulli Juuso 8  0  1  1  0  0  0  0  0  25  3  0  0  3  -4  8  0  0  0  0  4.00  32               283 500
25323173 Uotila Juha 2  0  1  1  0  0  0  0  0  3  1  0  0  1  -3  2  0  0  0  0  4.00  8               188 000
30487321 Vaakanainen Urho 14  0  3  3  0  0  0  0  0  37  0  1  1  6  -5  2  0  0  0  0  3.57  50               316 000
23557763 Vainio Juuso 12  0  0  0  0  0  0  0  0  18  1  0  0  2  -4  4  0  0  0  0  1.17  14               265 500
40371299 Yonkman Nolan 13  0  3  3  0  0  0  0  0  17  3  0  0  7  -8  0  0  0  0  0  2.77  36               248 500
ID Hyokkaaja O M S P AVM AVS VM TM JA L B ALV ALH + - JM OR X XX XXX LPP/O LPP Arvo
21659838 Hotakainen Valtteri 5  0  0  0  0  0  0  0  0  6  1  23  16  0  -2  0  0  0  0  0  0.80  4           194 000
24415613 Hytonen Juha-Pekka 15  5  3  8  0  0  1  1  0  48  2  171  158  9  -6  8  0  1  1  0  7.00  105           551 000
27775017 Kanninen Henri 8  1  0  1  0  0  0  0  0  16  1  15  17  4  -6  2  0  0  0  0  2.63  21           232 000
24638995 Kolehmainen Janne 15  0  1  1  0  0  0  0  0  23  6  19  22  4  -10  8  0  0  0  0  1.93  29           317 000
27775305 Likola Arttu 7  0  0  0  0  0  0  0  0  10  2  0  1  1  -3  2  0  0  0  0  1.00  7           177 500
24811398 Louhivaara Ossi 5  0  0  0  0  0  0  0  0  11  1  0  2  0  0  0  0  0  0  0  1.00  5           283 500
22483058 Lofman Anssi 15  3  5  8  0  0  1  0  0  44  1  138  174  8  -12  2  0  0  0  1  4.27  64           378 000
40463604 Miklik Michel 15  6  3  9  0  0  2  0  0  74  0  1  0  10  -12  16  0  1  1  1  7.20  108           504 000
22770842 Nattinen Joonas 15  3  4  7  0  0  1  0  0  48  3  50  37  5  -6  6  0  0  0  0  5.47  82           389 500
25014534 Pihlman Tuomas 11  1  2  3  0  0  0  0  0  14  1  0  2  1  -9  8  0  0  0  0  2.27  25           291 500
33373610 Rooba Robert 6  0  2  2  0  0  0  0  0  11  2  0  0  1  0  0  0  0  1  0  3.50  21           224 000
23137280 Saari Micke 3  0  0  0  0  0  0  0  0  8  1  0  1  0  0  0  0  0  0  0  1.67  5           220 000
23181087 Salmio Mikko 5  0  0  0  0  0  0  0  0  3  1  0  0  1  -3  0  0  0  0  0  0.60  3           206 000
25611050 Sund Joel 3  0  0  0  0  0  0  0  0  8  0  0  0  1  -2  2  0  0  0  0  2.33  7           175 000
23349227 Suomela Antti 15  4  2  6  0  0  1  1  0  68  0  102  95  6  -6  0  0  0  1  2  5.87  88           488 500
23418213 Tavi Janne 15  1  8  9  0  0  0  0  0  63  2  1  0  10  -9  8  0  0  0  0  6.27  94           439 500
25492334 Tiainen Riku 0  0  0  0  0  0  0  0  0  0  0  0  0  0  0  0  0  0  0  0  0  0           151 500
23505155 Tuppurainen Jani 15  1  5  6  0  0  0  0  0  48  1  0  2  10  -12  8  0  0  1  0  4.80  72           492 000
27647886 Turkulainen Jerry 8  1  0  1  0  0  0  0  0  11  2  1  1  3  -3  4  0  0  0  0  2.75  22           227 000
KalPa
ID Maalivahti O M S P V H TP TO PM NP JM OR X XX XXX LPP/O LPP Arvo
40385084 Godla Denis 4  0  0  0  2  1  0  87  6  0  0  0  1  1  0  8.00  32               337 000
24555926 Kilpelainen Eero 14  0  0  0  8  6  0  338  22  4  0  0  0  0  5  11.64  163               631 500
28976734 Kinnunen Severi 0  0  0  0  0  0  0  0  0  0  0  0  0  0  0  0  0               190 000
ID Puolustaja O M S P AVM AVS VM TM JA L B ALV ALH + - JM OR X XX XXX LPP/O LPP Arvo
24333193 Halonen Antti 0  0  0  0  0  0  0  0  0  0  0  0  0  0  0  0  0  0  0  0  0  0               154 500
22086523 Koponen Janne 4  0  0  0  0  0  0  0  0  6  0  0  0  0  -1  0  0  0  0  0  0.50  2               176 500
24174048 Leskinen Otto 13  1  0  1  0  0  1  0  0  7  0  0  0  2  -1  2  0  0  0  0  1.69  22               285 500
22452814 Lukka Santeri 17  0  5  5  0  0  0  0  0  66  1  0  0  15  -8  18  0  0  0  0  6.76  115               509 500
22474067 Lyytinen Joonas 17  2  4  6  0  0  0  0  0  71  1  0  0  7  -5  16  0  2  0  1  5.88  100               458 000
24890199 Mikkola Niko 9  1  2  3  0  0  1  0  0  17  0  0  0  7  -7  4  0  0  1  0  5.22  47               397 500
25108217 Riikola Juuso 17  1  6  7  0  0  0  0  0  66  6  0  0  15  -8  4  0  1  1  0  7.29  124               513 500
30730256 Ruuskanen Waltteri 0  0  0  0  0  0  0  0  0  0  0  0  0  0  0  0  0  0  0  0  0  0               156 500
23242492 Seppala Mikael 17  2  0  2  0  0  1  0  0  24  4  0  0  5  -5  6  0  0  0  0  2.94  50               305 000
25611403 Sopanen Eetu 0  0  0  0  0  0  0  0  0  0  0  0  0  0  0  0  0  0  0  0  0  0               200 000
25517031 Timonen Jussi 17  0  4  4  0  0  0  0  0  29  1  0  1  9  -7  8  0  0  0  0  3.65  62               386 000
ID Hyokkaaja O M S P AVM AVS VM TM JA L B ALV ALH + - JM OR X XX XXX LPP/O LPP Arvo
27826160 Hamalainen Aleksi 0  0  0  0  0  0  0  0  0  0  0  0  0  0  0  0  0  0  0  0  0  0           153 000
24463542 Ilomaki Arttu 17  2  6  8  0  0  1  0  0  44  0  93  84  7  -7  2  0  1  0  0  4.65  79           418 500
21804861 Jokinen Tommi 17  5  0  5  0  0  2  1  0  41  5  0  8  5  -5  12  0  0  2  0  4.59  78           448 500
21817612 Junnila Jyri 17  4  2  6  0  0  0  0  0  34  4  2  7  8  -4  6  0  1  0  1  4.47  76           386 000
21983012 Keranen Janne 17  6  6  12  0  0  3  0  0  46  1  0  0  14  -6  4  0  0  2  1  7.47  127           590 500
28570745 Knuutinen Henri 4  0  0  0  0  0  0  0  0  0  0  0  0  0  0  0  0  0  0  0  0.00  0           174 000
27943137 Kokkola Tatu 0  0  0  0  0  0  0  0  0  0  0  0  0  0  0  0  0  0  0  0  0  0           153 000
22464239 Luostarinen Eetu 16  0  2  2  0  0  0  0  0  16  3  37  48  3  -3  14  0  0  0  0  1.13  18           228 500
22504856 Mankinen Jesse 17  5  6  11  0  0  1  0  0  68  5  1  11  11  -6  27  0  1  0  0  5.94  101           542 000
24871956 Mutanen Sami 17  1  2  3  0  0  0  0  0  32  5  10  15  4  -4  27  0  1  0  0  2.24  38           330 500
24849205 Myttynen Matias 17  3  5  8  0  0  0  0  0  48  0  129  114  9  -5  6  0  0  1  0  5.24  89           475 000
30475553 Nevalainen Juuso 0  0  0  0  0  0  0  0  0  0  0  0  0  0  0  0  0  0  0  0  0  0           153 000
22750794 Nuutinen Mikko 17  1  3  4  0  0  0  0  0  62  2  1  4  8  -6  14  0  0  0  0  3.53  60           391 500
29859517 Piipponen Topi 0  0  0  0  0  0  0  0  0  0  0  0  0  0  0  0  0  0  0  0  0  0           200 000
25057054 Pitkanen Miikka 16  2  1  3  0  0  0  0  0  27  2  0  3  4  -5  2  0  0  0  0  2.31  37           278 500
23065792 Rissanen Jaakko 17  4  4  8  0  0  0  0  0  36  2  182  194  12  -4  10  0  0  0  1  5.41  92           527 500
25663901 Ruuttu Alexander 8  1  3  4  0  0  0  0  0  21  0  16  6  5  -4  4  0  0  1  0  5.75  46           336 000
34250949 Sebok Balazs 15  0  7  7  0  0  0  0  0  28  3  58  69  8  -4  4  0  0  0  0  4.13  62           363 000
23560365 Vainiola Ville-Vesa 0  0  0  0  0  0  0  0  0  0  0  0  0  0  0  0  0  0  0  0  0  0           155 000
Tappara
ID Maalivahti O M S P V H TP TO PM NP JM OR X XX XXX LPP/O LPP Arvo
21589720 Heljanko Christian 0  0  0  0  0  0  0  0  0  0  0  0  0  0  0  0  0               189 500
40035616 Hrachovina Dominik 17  0  2  2  11  5  0  382  26  4  2  0  3  3  2  11.71  199               681 500
24793076 Lassila Teemu 2  0  0  0  0  1  0  13  4  0  0  0  0  0  0  -2.50  -5               292 500
ID Puolustaja O M S P AVM AVS VM TM JA L B ALV ALH + - JM OR X XX XXX LPP/O LPP Arvo
40372872 Bodak Martin 0  0  0  0  0  0  0  0  0  0  0  0  0  0  0  0  0  0  0  0  0  0               158 000
40339220 Bonsaksen Alexander 16  0  2  2  0  0  0  0  0  31  4  0  0  14  -7  8  0  0  0  0  4.44  71               400 000
21403877 Elorinne Aleksi 17  0  5  5  0  0  0  0  0  37  12  0  0  10  -9  6  0  0  0  0  4.53  77               434 500
21974869 Kemilainen Valtteri 17  3  8  11  0  0  0  0  0  55  5  0  0  12  -8  10  0  0  1  0  8.41  143               508 500
40471633 Parlett Blake 17  3  3  6  0  0  2  0  0  56  2  0  0  8  -7  18  0  0  1  0  5.76  98               422 000
23000702 Rantakari Otso 17  2  6  8  0  0  1  0  0  47  3  0  0  7  -3  16  0  0  0  1  6.18  105               510 500
24127529 Rouhiainen Jere 0  0  0  0  0  0  0  0  0  0  0  0  0  0  0  0  0  0  0  0  0  0               169 500
24190598 Salonen Aleksi 17  0  5  5  0  0  0  0  0  43  2  0  2  13  -6  2  0  0  0  0  5.00  85               431 500
25581559 Sammalkangas Tapio 1  0  0  0  0  0  0  0  0  0  0  0  0  0  0  0  0  0  0  0  0.00  0               203 000
25573664 Saravo Pekka 17  0  2  2  0  0  0  0  0  10  5  0  0  2  -6  2  0  0  0  0  1.12  19               282 500
30738423 Utunen Toni 0  0  0  0  0  0  0  0  0  0  0  0  0  0  0  0  0  0  0  0  0  0               156 000
ID Hyokkaaja O M S P AVM AVS VM TM JA L B ALV ALH + - JM OR X XX XXX LPP/O LPP Arvo
21303401 Alanen Jere-Matias 0  0  0  0  0  0  0  0  0  0  0  0  0  0  0  0  0  0  0  0  0  0           155 000
21468906 Haapala Henrik 16  2  7  9  0  0  1  0  0  26  3  2  3  7  -6  6  0  0  1  2  5.25  84           583 500
21552647 Heikkila Miika 0  0  0  0  0  0  0  0  0  0  0  0  0  0  0  0  0  0  0  0  0  0           175 000
25658466 Honkanen Manu 1  0  0  0  0  0  0  0  0  2  1  0  0  1  0  0  0  0  0  0  4.00  4           175 000
21785090 Jasu Juhani 14  1  1  2  0  0  0  0  0  20  5  115  93  2  -9  4  0  0  0  0  2.29  32           329 000
21848539 Jarvinen Jan-Mikael 17  1  5  6  0  0  1  0  0  32  1  106  126  12  -6  6  0  0  0  0  4.00  68           424 500
21924709 Karjalainen Jere 12  3  0  3  0  0  1  0  0  19  0  1  1  4  -3  0  0  0  1  0  3.33  40           469 000
24622477 Kuusela Kristian 17  5  4  9  0  0  1  0  0  47  3  1  2  14  -5  6  0  2  2  0  6.59  112           616 500
22290364 Lajunen Jani 17  2  7  9  0  0  1  0  0  33  2  200  179  12  -6  8  0  2  1  1  6.18  105           586 500
27746619 Levtchi Anton 0  0  0  0  0  0  0  0  0  0  0  0  0  0  0  0  0  0  0  0  0  0           156 500
28745305 Luoto Joona 9  1  0  1  0  0  0  0  0  17  1  0  0  4  -1  2  0  0  0  0  2.89  26           244 000
40432084 Nestrasil Viktor 0  0  0  0  0  0  0  0  0  0  0  0  0  0  0  0  0  0  0  0  0  0           153 000
24942005 Nurmi Teemu 17  4  2  6  0  0  1  0  0  56  0  2  4  3  -10  2  0  1  0  0  3.76  64           423 500
22842712 Peltola Jukka 17  4  5  9  0  0  0  1  0  50  6  13  16  9  -7  0  0  0  0  2  5.53  94           551 000
25040634 Peltonen Tomi 0  0  0  0  0  0  0  0  0  0  0  0  0  0  0  0  0  0  0  0  0  0           153 000
25113804 Rauhala Otto 17  0  4  4  0  0  0  0  0  17  1  86  72  7  -2  2  0  0  1  0  3.06  52           342 000
25139587 Repo Sebastian 17  6  1  7  0  0  2  0  0  57  1  2  2  9  -5  16  0  1  1  2  5.82  99           517 000
40431860 RXymark Martin 17  1  1  2  0  0  0  0  0  30  0  0  0  2  -7  2  0  0  0  0  1.65  28           287 500
25541395 Savinainen Veli-Matti 16  5  6  11  0  0  0  0  0  63  2  3  4  14  -8  30  0  0  1  0  7.31  117           634 500
23299830 Smedberg Rasmus 0  0  0  0  0  0  0  0  0  0  0  0  0  0  0  0  0  0  0  0  0  0           155 000
