HIFK
ID Maalivahti O M S P V H TP TO PM NP JM OR X XX XXX LPP/O LPP Arvo
24288659 Backstrom Niklas 4  0  0  0  2  1  1  99  9  0  0  0  1  0  1  7.50  30               345 000
28890904 Halonen Niilo 1  0  0  0  0  1  0  24  3  0  0  0  1  0  0  2.00  2               155 000
24185189 Lankinen Kevin 6  0  0  0  4  2  0  171  7  3  0  0  1  1  2  17.00  102               350 000
24880772 Myllyniemi Jere 0  0  0  0  0  0  0  0  0  0  0  0  0  0  0  0  0               270 000
ID Puolustaja O M S P AVM AVS VM TM JA L B ALV ALH + - JM OR X XX XXX LPP/O LPP Arvo
40310918 '"O''connor Ryan"' 10  1  1  2  0  0  1  0  0  38  0  0  0  7  -6  2  0  1  0  0  5.10  51               395 000
21415137 Eronen Teemu 10  1  3  4  0  0  0  0  0  35  2  0  0  10  -5  0  0  0  0  0  6.90  69               350 000
40431556 Finley Joe 11  2  2  4  0  1  0  0  0  26  3  0  0  7  -4  10  0  1  0  0  7.00  77               250 000
40315931 Generous Matt 10  1  4  5  0  1  0  0  0  21  3  0  0  10  -4  10  0  0  0  0  8.20  82               240 000
40310923 Grillfors Daniel 8  0  2  2  0  0  0  0  0  19  3  0  0  3  -3  2  0  0  0  0  3.75  30               270 000
21555770 Heikkinen Eemeli 0  0  0  0  0  0  0  0  0  0  0  0  0  0  0  0  0  0  0  0  0  0               170 000
28843210 Heiskanen Miro 6  0  0  0  0  0  0  0  0  8  0  0  0  2  -3  0  0  0  0  0  0.83  5               290 000
24235673 Kaski Oliwer 7  0  0  0  0  0  0  0  0  10  1  0  0  5  -3  0  0  0  0  0  2.43  17               180 000
23167645 Salmela Saku 10  0  3  3  0  0  0  0  0  12  4  19  20  7  -1  0  0  1  0  0  5.00  50               250 000
23170797 Salmi Juuso 4  0  1  1  0  0  0  0  0  9  2  0  0  1  -2  0  0  0  0  0  3.25  13               215 000
29627956 Schnitt Oliver 0  0  0  0  0  0  0  0  0  0  0  0  0  0  0  0  0  0  0  0  0  0               155 000
23424825 Teppo Miihkali 5  0  1  1  0  0  0  0  0  3  0  0  0  2  -3  0  0  0  0  0  1.80  9               185 000
ID Hyokkaaja O M S P AVM AVS VM TM JA L B ALV ALH + - JM OR X XX XXX LPP/O LPP Arvo
24242404 Aaltonen Juhamatti 10  2  3  5  0  0  0  0  0  30  0  0  1  5  -8  0  0  0  0  0  4.10  41           470 000
40314554 Elkins Corey 1  0  0  0  0  0  0  0  0  2  0  13  5  0  0  0  0  0  0  0  3.00  3           365 000
27820360 Hintz Roope 10  8  3  11  0  0  2  0  0  45  0  54  62  12  -6  2  0  1  0  3  11.50  115           385 000
30731093 Hamalainen Janne 0  0  0  0  0  0  0  0  0  0  0  0  0  0  0  0  0  0  0  0  0  0           155 000
24464062 Ikonen Jasse 6  0  1  1  0  0  0  0  0  14  0  0  0  2  -4  0  0  0  0  0  2.00  12           300 000
40455834 Johansson Mikael 4  2  1  3  0  0  1  0  0  16  0  4  10  3  -1  2  0  0  0  0  8.25  33           280 000
30345845 Jaaska Juha 1  0  0  0  0  0  0  0  0  1  0  0  1  0  0  2  0  0  0  0  2.00  2           165 000
28576383 Kantola Kai 10  1  2  3  0  0  0  0  0  24  0  11  7  4  -6  4  0  1  0  0  3.60  36           350 000
22366599 Leino Robert 11  0  6  6  0  0  0  0  0  10  1  81  67  6  -3  10  0  0  0  0  5.18  57           250 000
24742742 Levanen Alex 0  0  0  0  0  0  0  0  0  0  0  0  0  0  0  0  0  0  0  0  0  0           155 000
24711621 Luttinen Arttu 11  1  1  2  0  0  1  0  0  23  1  1  0  7  0  6  0  0  0  0  4.36  48           320 000
22497989 Malinen Jarkko 10  0  2  2  0  0  0  0  0  17  0  89  83  5  -9  0  0  0  0  0  2.10  21           380 000
22756329 Nykopp Thomas 0  0  0  0  0  0  0  0  0  0  0  0  0  0  0  0  0  0  0  0  0  0           275 000
22815419 Partanen Mika 4  1  0  1  0  0  0  0  0  8  0  0  0  2  -1  0  0  0  0  0  3.50  14           300 000
25012824 Petrell Lennart 10  2  1  3  1  0  0  0  0  20  5  3  4  3  -4  2  0  0  0  0  3.90  39           350 000
22953708 Puustinen Juuso 11  3  4  7  0  0  1  0  0  39  1  0  0  10  -5  4  0  0  0  0  7.18  79           295 000
23017821 Rask Joonas 11  1  8  9  0  0  0  0  0  18  1  17  18  11  -4  0  0  0  1  0  6.36  70           325 000
25500873 Tamminen Henri 5  1  1  2  0  0  0  0  0  5  0  0  0  2  -1  10  0  0  0  0  2.20  11           190 000
23500545 Tuomisto Tomi 4  1  0  1  0  0  0  1  0  5  0  20  17  0  0  2  0  0  0  1  4.00  16           200 000
23793763 Asten Micke-Max 9  1  0  1  0  0  0  0  0  6  2  1  1  2  -2  4  0  0  0  0  2.11  19           235 000
HPK
ID Maalivahti O M S P V H TP TO PM NP JM OR X XX XXX LPP/O LPP Arvo
40429481 GrXnstrand Fredrik 0  0  0  0  0  0  0  0  0  0  0  0  0  0  0  0  0               150 000
28944258 Karjalainen Antti 5  0  0  0  1  2  1  84  7  0  0  0  0  2  0  3.60  18               300 000
27828252 Larmi Emil 8  0  0  0  3  4  0  155  18  1  2  0  1  2  1  5.88  47               355 000
29652963 Luukkonen Ukko-Pekka 0  0  0  0  0  0  0  0  0  0  0  0  0  0  0  0  0               225 000
ID Puolustaja O M S P AVM AVS VM TM JA L B ALV ALH + - JM OR X XX XXX LPP/O LPP Arvo
40465926 '"O''brien Shane"' 11  1  2  3  0  0  0  0  0  17  1  1  0  3  -6  14  0  1  0  0  4.27  47               250 000
29780877 Almari Niclas 2  0  0  0  0  0  0  0  0  3  0  0  0  0  -2  0  0  0  0  0  -1.00  -2               235 000
21433957 Forsberg Henrik 9  0  0  0  0  0  0  0  0  32  1  0  0  2  -2  12  0  0  0  0  2.00  18               250 000
24155339 Haaranen Matias 0  0  0  0  0  0  0  0  0  0  0  0  0  0  0  0  0  0  0  0  0  0               150 000
24229715 Jalonen Jimi 0  0  0  0  0  0  0  0  0  0  0  0  0  0  0  0  0  0  0  0  0  0               150 000
22346140 Lehtivuori Joonas 10  1  2  3  0  0  1  0  0  44  4  0  0  3  -6  6  0  0  0  0  5.40  54               370 000
22510552 Manninen Oskari 11  1  1  2  0  0  0  0  0  41  1  0  0  7  -4  6  0  1  0  0  5.45  60               375 000
22709389 Nikkila Petteri 11  0  3  3  0  0  0  0  0  44  2  0  0  5  -5  4  0  0  0  0  4.91  54               340 000
23775707 Olkkonen Joel 0  0  0  0  0  0  0  0  0  0  0  0  0  0  0  0  0  0  0  0  0  0               155 000
40457166 Porseland Mathias 9  0  5  5  0  0  0  0  0  39  0  0  0  3  -7  2  0  0  0  0  5.44  49               405 000
25662148 Salmela Eetu 0  0  0  0  0  0  0  0  0  0  0  0  0  0  0  0  0  0  0  0  0  0               150 000
23517198 Tuulola Joni 11  0  0  0  0  0  0  0  0  26  4  0  0  5  -2  6  0  0  0  0  3.36  37               275 000
ID Hyokkaaja O M S P AVM AVS VM TM JA L B ALV ALH + - JM OR X XX XXX LPP/O LPP Arvo
40432221 Cornet Philippe 0  0  0  0  0  0  0  0  0  0  0  0  0  0  0  0  0  0  0  0  0  0           225 000
24348942 Hagman Niklas 10  4  4  8  0  0  1  1  0  25  0  0  0  8  -5  25  0  0  0  2  6.70  67           340 000
21521047 Harainen Tommi 0  0  0  0  0  0  0  0  0  0  0  0  0  0  0  0  0  0  0  0  0  0           150 000
24341444 Hopponen Waltteri 0  0  0  0  0  0  0  0  0  0  0  0  0  0  0  0  0  0  0  0  0  0           165 000
29690417 Innala Jere 11  0  0  0  0  0  0  0  0  24  0  0  0  1  -6  0  0  0  0  0  0.91  10           170 000
21870028 Kainulainen Harri 8  2  0  2  0  0  0  0  0  16  0  15  8  1  0  2  0  0  1  0  4.00  32           175 000
24678450 Kapanen Niko 2  0  1  1  0  0  0  0  0  2  0  17  20  0  -1  2  0  0  0  0  2.50  5           400 000
24555418 Keranen Juho 11  1  1  2  0  0  1  0  0  25  2  27  23  2  -8  6  0  0  0  0  2.82  31           310 000
24538367 Koivisto Juha 10  1  0  1  0  0  0  0  0  17  0  1  1  2  -1  0  0  0  1  0  2.10  21           280 000
24772275 Lahti Janne 9  3  2  5  0  0  0  0  0  53  1  0  0  1  -6  0  0  0  0  1  6.00  54           340 000
22511124 Manninen Sakari 10  4  6  10  0  0  2  0  0  33  1  63  63  10  -4  2  0  1  1  0  9.30  93           435 000
27752328 Paajanen Otto 11  2  3  5  0  0  0  0  0  30  2  110  77  6  -4  0  0  1  0  0  5.64  62           300 000
22805092 Palve Oula 11  0  5  5  0  0  0  0  0  44  0  74  72  0  -9  10  0  0  0  0  4.09  45           310 000
23097498 Ruokonen Miro 3  0  0  0  0  0  0  0  0  7  1  0  0  0  -1  0  0  0  0  0  1.33  4           170 000
23264399 Sillanpaa Severi 11  0  0  0  0  0  0  0  0  13  2  54  65  0  -1  6  0  0  0  0  1.09  12           220 000
29985229 Somervuori Eero 10  1  1  2  0  0  0  0  0  29  0  0  0  1  -6  0  0  0  0  0  2.30  23           285 000
23509177 Turtiainen Jaakko 0  0  0  0  0  0  0  0  0  0  0  0  0  0  0  0  0  0  0  0  0  0           195 000
25506929 Turunen Teemu 11  1  3  4  0  0  0  0  0  28  0  2  1  8  -3  0  0  0  0  0  4.27  47           345 000
23577387 Valtonen Julius 5  0  0  0  0  0  0  0  0  3  0  1  0  2  -2  2  0  0  0  0  1.40  7           165 000
Ilves
ID Maalivahti O M S P V H TP TO PM NP JM OR X XX XXX LPP/O LPP Arvo
22353515 Lehtonen Antti 10  0  0  0  8  1  1  232  14  3  0  0  2  2  2  13.10  131               335 000
28558916 Saari Mikael 0  0  0  0  0  0  0  0  0  0  0  0  0  0  0  0  0               175 000
25491526 Toivonen Hannu 1  0  0  0  0  1  0  30  2  0  0  0  0  0  0  7.00  7               315 000
30049772 Urpolahti Waltteri 0  0  0  0  0  0  0  0  0  0  0  0  0  0  0  0  0               185 000
ID Puolustaja O M S P AVM AVS VM TM JA L B ALV ALH + - JM OR X XX XXX LPP/O LPP Arvo
24279752 Aalto Teemu 11  2  3  5  0  0  0  0  0  45  2  0  0  9  -4  10  0  0  1  0  8.55  94               375 000
21423970 Fagerudd Marcus 11  1  3  4  0  0  0  0  0  26  4  0  0  7  -4  6  0  0  0  0  6.00  66               215 000
27828414 Ilomaki Valtteri 0  0  0  0  0  0  0  0  0  0  0  0  0  0  0  0  0  0  0  0  0  0               180 000
27839788 Jarvinen Ville 11  0  1  1  0  0  0  0  0  20  0  0  0  3  -3  2  0  0  0  0  2.18  24               210 000
22183921 Kunnas Joona 1  0  0  0  0  0  0  0  0  0  0  0  0  0  0  0  0  0  0  0  0.00  0               155 000
24786410 Laatikainen Arto 1  0  0  0  0  0  0  0  0  2  0  0  0  0  -1  0  0  0  0  0  -1.00  -1               285 000
27362239 Mantyla Henry 0  0  0  0  0  0  0  0  0  0  0  0  0  0  0  0  0  0  0  0  0  0               150 000
22684873 Niemi Jyri 0  0  0  0  0  0  0  0  0  0  0  0  0  0  0  0  0  0  0  0  0  0               230 000
28905831 Parikka Jarkko 11  1  3  4  0  0  0  0  0  27  2  0  0  11  -4  8  0  0  0  0  7.18  79               270 000
25381270 Vainio Olli 11  1  5  6  0  0  0  0  0  25  1  0  0  11  -7  0  0  1  0  0  6.82  75               285 000
23680559 Vittasmaki Veli-Matti 11  0  4  4  0  0  0  0  0  35  0  0  0  11  -6  2  0  0  0  0  6.09  67               230 000
ID Hyokkaaja O M S P AVM AVS VM TM JA L B ALV ALH + - JM OR X XX XXX LPP/O LPP Arvo
40453125 '"D''amigo Jerry"' 11  3  8  11  1  1  0  0  0  24  1  2  3  11  -6  2  0  1  0  1  8.36  92           300 000
24256597 Ahoniemi Niko 11  0  1  1  0  0  0  0  0  22  0  0  0  1  -1  25  0  0  0  0  0.91  10           180 000
21431409 Flinck Markku 11  1  1  2  1  0  1  0  0  28  2  75  66  3  -1  2  0  1  0  0  4.27  47           300 000
29870486 Haapanen Topias 0  0  0  0  0  0  0  0  0  0  0  0  0  0  0  0  0  0  0  0  0  0           180 000
24139944 Helenius Jere 0  0  0  0  0  0  0  0  0  0  0  0  0  0  0  0  0  0  0  0  0  0           170 000
24436809 Hintz Miiko 0  0  0  0  0  0  0  0  0  0  0  0  0  0  0  0  0  0  0  0  0  0           200 000
29028513 Ikonen Joona 0  0  0  0  0  0  0  0  0  0  0  0  0  0  0  0  0  0  0  0  0  0           155 000
21802135 Jokinen Markus 0  0  0  0  0  0  0  0  0  0  0  0  0  0  0  0  0  0  0  0  0  0           200 000
21983740 Keranen Michael 10  2  2  4  0  0  0  0  0  34  0  43  51  5  -6  0  0  0  0  1  4.40  44           390 000
28577104 Koivula Otto 11  3  4  7  0  0  2  0  0  25  1  3  9  7  -6  0  0  0  1  2  6.00  66           275 000
22244996 Laakso Tapio 11  1  7  8  1  0  0  0  0  21  5  134  100  10  -5  4  0  0  1  0  8.09  89           350 000
22441087 Liuksiala Juho 11  5  2  7  0  0  2  0  0  39  0  0  1  8  -2  0  0  1  1  1  7.55  83           200 000
26590031 Meskanen Ville 10  1  0  1  0  0  1  0  0  17  0  0  0  1  0  2  0  0  0  0  2.30  23           275 000
22598901 Mustonen Aleksi 11  4  2  6  0  1  1  0  0  24  2  16  18  8  -7  2  0  0  0  0  5.55  61           285 000
23029644 Rautiainen Teemu 11  5  3  8  0  0  0  0  0  51  0  1  0  6  -2  4  0  1  2  0  8.27  91           320 000
23204825 Sandell Sami 0  0  0  0  0  0  0  0  0  0  0  0  0  0  0  0  0  0  0  0  0  0           250 000
27745063 Seppanen Janne 0  0  0  0  0  0  0  0  0  0  0  0  0  0  0  0  0  0  0  0  0  0           150 000
23307832 Sointu Matias 8  0  0  0  0  0  0  0  0  7  0  7  1  1  -1  2  0  0  0  0  1.25  10           260 000
23351053 Suomi Eemeli 11  0  2  2  0  0  0  0  0  12  4  0  1  7  -3  2  0  0  0  0  2.73  30           250 000
25329384 Vuoti Santeri 11  2  4  6  0  0  1  0  0  25  2  59  60  7  -4  2  0  0  0  1  5.73  63           170 000
JYP
ID Maalivahti O M S P V H TP TO PM NP JM OR X XX XXX LPP/O LPP Arvo
24158200 Olkinuora Juho 5  0  1  1  3  1  1  120  12  0  0  0  2  0  0  8.40  42               350 000
29857823 Ruusu Markus 1  0  0  0  1  0  0  20  2  0  0  0  0  1  0  10.00  10               285 000
23487192 Tuokkola Pekka 5  0  0  0  2  0  3  140  8  0  0  0  0  0  1  10.80  54               365 000
ID Puolustaja O M S P AVM AVS VM TM JA L B ALV ALH + - JM OR X XX XXX LPP/O LPP Arvo
21295959 Aitola Olli 0  0  0  0  0  0  0  0  0  0  0  0  0  0  0  0  0  0  0  0  0  0               150 000
24300210 Erving Joona 0  0  0  0  0  0  0  0  0  0  0  0  0  0  0  0  0  0  0  0  0  0               150 000
23837234 Friman Niklas 11  0  3  3  0  0  0  0  0  20  0  0  0  7  -3  2  0  0  0  0  4.27  47               240 000
21799484 Jokinen Jaakko 1  0  0  0  0  0  0  0  0  2  0  0  0  0  0  0  0  0  0  0  1.00  1               170 000
21892307 Kalteva Mikko 11  1  3  4  0  0  0  0  0  21  1  0  0  7  -4  0  0  1  0  0  5.18  57               395 000
24535632 Kuukka Mikko 11  0  0  0  0  0  0  0  0  10  5  0  0  6  -5  10  0  0  0  0  2.64  29               240 000
22339759 Lehtinen Kai 0  0  0  0  0  0  0  0  0  0  0  0  0  0  0  0  0  0  0  0  0  0               155 000
24715452 Lindroos Alex 0  0  0  0  0  0  0  0  0  0  0  0  0  0  0  0  0  0  0  0  0  0               150 000
22711526 Niku Sami 11  0  5  5  0  0  0  0  0  30  0  0  0  8  -4  4  0  1  1  0  6.36  70               350 000
22937737 Pulli Juuso 3  0  1  1  0  0  0  0  0  4  1  0  0  1  -2  2  0  0  0  0  3.33  10               250 000
25323173 Uotila Juha 3  1  0  1  0  0  0  0  0  4  0  0  0  2  0  0  0  0  1  0  6.33  19               180 000
30487321 Vaakanainen Urho 8  0  3  3  0  0  0  0  0  15  2  0  0  8  -2  0  0  0  0  0  6.13  49               265 000
23557763 Vainio Juuso 7  1  0  1  0  0  0  0  0  12  0  0  0  2  -3  2  0  0  0  0  2.71  19               250 000
40371299 Yonkman Nolan 11  0  2  2  0  0  0  0  0  18  2  0  0  8  -4  10  0  1  0  0  4.73  52               220 000
ID Hyokkaaja O M S P AVM AVS VM TM JA L B ALV ALH + - JM OR X XX XXX LPP/O LPP Arvo
21659838 Hotakainen Valtteri 3  0  0  0  0  0  0  0  0  5  1  9  20  0  -2  0  0  0  0  0  0.00  0           190 000
24415613 Hytonen Juha-Pekka 10  4  2  6  0  0  0  1  1  41  1  119  78  9  -4  2  0  0  0  1  9.30  93           450 000
27775017 Kanninen Henri 1  0  0  0  0  0  0  0  0  0  0  2  1  0  0  0  0  0  0  0  1.00  1           205 000
24638995 Kolehmainen Janne 11  1  0  1  0  0  0  0  0  12  5  15  36  2  -3  4  0  0  0  0  1.45  16           285 000
27775305 Likola Arttu 8  2  1  3  0  0  0  0  0  11  0  0  0  5  -3  0  0  0  0  0  3.75  30           170 000
24811398 Louhivaara Ossi 10  6  2  8  1  0  1  0  0  34  2  1  0  10  -2  2  0  0  2  1  10.10  101           335 000
22483058 Lofman Anssi 11  2  5  7  0  1  1  0  0  25  1  111  91  6  -6  0  0  0  0  0  6.00  66           300 000
40463604 Miklik Michel 5  2  1  3  0  0  1  0  0  15  0  0  1  3  -2  2  0  0  0  0  6.40  32           385 000
22770842 Nattinen Joonas 10  3  6  9  0  0  3  0  0  32  1  22  22  6  -2  6  0  2  0  1  8.80  88           320 000
25014534 Pihlman Tuomas 6  0  2  2  0  0  0  0  0  10  1  0  0  3  0  0  0  0  0  1  4.00  24           265 000
33373610 Rooba Robert 4  1  0  1  0  0  1  0  0  11  0  0  0  1  -1  4  0  0  0  0  5.00  20           200 000
23137280 Saari Micke 3  0  0  0  0  0  0  0  0  2  0  8  15  0  -1  0  0  0  0  0  -0.67  -2           215 000
23181087 Salmio Mikko 5  0  0  0  0  0  0  0  0  3  0  0  0  0  -2  0  0  0  0  0  0.20  1           200 000
25611050 Sund Joel 1  0  1  1  0  0  0  0  0  0  0  0  0  1  0  0  0  0  0  0  6.00  6           165 000
23349227 Suomela Antti 11  2  7  9  0  0  0  0  0  41  0  76  75  8  -2  2  0  1  1  0  7.45  82           400 000
23418213 Tavi Janne 11  4  2  6  0  0  1  0  0  37  1  0  0  6  -4  2  0  0  0  0  6.00  66           340 000
25492334 Tiainen Riku 0  0  0  0  0  0  0  0  0  0  0  0  0  0  0  0  0  0  0  0  0  0           150 000
23505155 Tuppurainen Jani 11  1  5  6  0  0  0  0  0  26  0  2  0  6  -5  8  0  0  1  0  5.55  61           420 000
27647886 Turkulainen Jerry 11  3  3  6  0  0  0  0  0  25  3  0  3  7  -2  2  0  0  0  2  6.00  66           220 000
KalPa
ID Maalivahti O M S P V H TP TO PM NP JM OR X XX XXX LPP/O LPP Arvo
40385084 Godla Denis 5  0  0  0  3  1  1  81  12  1  0  0  0  0  0  5.40  27               305 000
24555926 Kilpelainen Eero 7  0  0  0  2  4  0  103  18  1  0  0  0  0  1  2.14  15               400 000
28976734 Kinnunen Severi 0  0  0  0  0  0  0  0  0  0  0  0  0  0  0  0  0               175 000
ID Puolustaja O M S P AVM AVS VM TM JA L B ALV ALH + - JM OR X XX XXX LPP/O LPP Arvo
24333193 Halonen Antti 0  0  0  0  0  0  0  0  0  0  0  0  0  0  0  0  0  0  0  0  0  0               150 000
22086523 Koponen Janne 4  0  0  0  0  0  0  0  0  0  0  0  0  0  0  0  0  0  0  0  0.00  0               155 000
24174048 Leskinen Otto 9  0  2  2  0  0  0  0  0  13  1  0  0  3  -4  2  0  0  0  0  2.78  25               250 000
22452814 Lukka Santeri 11  0  1  1  0  0  0  0  0  43  1  0  0  2  -8  6  0  0  0  0  2.55  28               375 000
22474067 Lyytinen Joonas 11  3  5  8  0  0  0  1  0  67  4  0  0  13  -10  6  0  0  1  0  11.36  125               355 000
24890199 Mikkola Niko 11  0  2  2  0  0  0  0  0  21  0  0  0  3  -6  4  0  0  0  0  2.45  27               325 000
25108217 Riikola Juuso 11  2  6  8  0  0  0  0  0  61  1  0  0  8  -8  0  0  1  0  2  9.45  104               365 000
30730256 Ruuskanen Waltteri 0  0  0  0  0  0  0  0  0  0  0  0  0  0  0  0  0  0  0  0  0  0               155 000
23242492 Seppala Mikael 11  1  2  3  0  0  0  0  0  21  6  0  0  9  -11  2  0  0  0  0  4.18  46               185 000
25611403 Sopanen Eetu 0  0  0  0  0  0  0  0  0  0  0  0  0  0  0  0  0  0  0  0  0  0               200 000
25517031 Timonen Jussi 6  0  3  3  0  0  0  0  0  7  0  0  0  6  -3  0  0  0  0  0  5.83  35               300 000
ID Hyokkaaja O M S P AVM AVS VM TM JA L B ALV ALH + - JM OR X XX XXX LPP/O LPP Arvo
27826160 Hamalainen Aleksi 0  0  0  0  0  0  0  0  0  0  0  0  0  0  0  0  0  0  0  0  0  0           150 000
24463542 Ilomaki Arttu 11  3  5  8  0  0  1  0  0  47  0  87  80  9  -8  2  0  1  1  0  7.64  84           305 000
21804861 Jokinen Tommi 11  1  5  6  0  0  0  0  0  31  2  6  10  5  -9  6  0  0  0  0  4.64  51           335 000
21817612 Junnila Jyri 6  1  2  3  0  0  0  0  0  13  3  0  0  5  -3  2  0  0  0  0  5.67  34           265 000
21983012 Keranen Janne 11  6  3  9  0  0  1  0  0  61  0  1  3  7  -7  0  0  1  0  1  8.36  92           415 000
28570745 Knuutinen Henri 6  0  0  0  0  0  0  0  0  6  0  0  0  0  -1  0  0  0  0  0  0.67  4           165 000
27943137 Kokkola Tatu 1  0  0  0  0  0  0  0  0  0  0  0  0  0  -1  0  0  0  0  0  -1.00  -1           150 000
22464239 Luostarinen Eetu 9  0  2  2  0  0  0  0  0  23  1  43  48  6  -3  0  0  1  0  0  3.78  34           180 000
22504856 Mankinen Jesse 11  5  4  9  0  0  0  0  0  58  1  3  2  8  -8  2  0  0  1  1  8.55  94           410 000
24871956 Mutanen Sami 5  0  1  1  0  0  0  0  0  11  2  0  0  2  -3  4  0  0  0  0  3.60  18           285 000
24849205 Myttynen Matias 11  2  4  6  0  0  1  0  0  40  0  81  78  8  -9  2  0  0  1  0  5.45  60           335 000
30475553 Nevalainen Juuso 1  0  0  0  0  0  0  0  0  0  0  0  0  0  -1  0  0  0  0  0  -1.00  -1           150 000
22750794 Nuutinen Mikko 11  2  2  4  0  0  1  0  0  59  2  1  1  3  -5  12  0  0  1  0  5.18  57           315 000
29859517 Piipponen Topi 0  0  0  0  0  0  0  0  0  0  0  0  0  0  0  0  0  0  0  0  0  0           200 000
25057054 Pitkanen Miikka 11  2  1  3  0  0  0  0  1  27  0  7  6  6  -2  0  0  0  0  0  4.27  47           195 000
23065792 Rissanen Jaakko 11  0  7  7  0  0  0  0  0  35  1  68  77  3  -5  0  0  2  1  0  4.64  51           400 000
25663901 Ruuttu Alexander 11  5  2  7  0  0  1  0  0  42  0  27  36  4  -6  2  0  0  0  0  6.09  67           285 000
34250949 Sebok Balazs 8  0  2  2  0  0  0  0  0  13  0  11  23  3  -4  2  0  0  0  0  2.13  17           275 000
23560365 Vainiola Ville-Vesa 0  0  0  0  0  0  0  0  0  0  0  0  0  0  0  0  0  0  0  0  0  0           155 000
Pelicans
ID Maalivahti O M S P V H TP TO PM NP JM OR X XX XXX LPP/O LPP Arvo
24193980 Juvonen Janne 3  0  0  0  1  1  1  56  5  0  0  0  0  0  0  4.33  13               330 000
29693100 Miettinen Verneri 0  0  0  0  0  0  0  0  0  0  0  0  0  0  0  0  0               150 000
23118759 Ramo Karri 7  0  1  1  1  1  5  193  17  0  2  0  1  0  2  9.43  66               365 000
30136517 Suni Sami 0  0  0  0  0  0  0  0  0  0  0  0  0  0  0  0  0               150 000
23684063 Voutilainen Joona 1  0  0  0  0  0  0  26  3  0  0  0  0  0  0  5.00  5               200 000
ID Puolustaja O M S P AVM AVS VM TM JA L B ALV ALH + - JM OR X XX XXX LPP/O LPP Arvo
27780772 Ahonen Jesse 0  0  0  0  0  0  0  0  0  0  0  0  0  0  0  0  0  0  0  0  0  0               150 000
40371281 Blood Ben 8  0  0  0  0  0  0  0  0  8  2  0  0  4  -3  26  0  0  0  0  3.13  25               280 000
21662236 Hovinen Miro 2  0  0  0  0  0  0  0  0  1  0  0  0  0  0  0  0  0  0  0  0.50  1               190 000
22148966 Kousa Mikko 5  1  1  2  0  0  0  0  0  22  0  0  0  4  -3  0  0  0  0  0  6.40  32               365 000
40371282 Lassen Stefan 5  0  1  1  0  0  0  0  0  8  1  0  0  2  -3  2  0  0  0  0  2.80  14               290 000
24806743 Leimu Juha 10  3  1  4  0  0  1  1  0  53  2  0  0  4  -4  4  0  1  0  0  7.60  76               390 000
22504610 Manelius Nico 7  0  0  0  0  0  0  0  0  12  1  1  0  1  -3  0  0  0  0  0  1.14  8               230 000
23768293 Okker Matti 0  0  0  0  0  0  0  0  0  0  0  0  0  0  0  0  0  0  0  0  0  0               150 000
22808510 Parikka Valtteri 0  0  0  0  0  0  0  0  0  0  0  0  0  0  0  0  0  0  0  0  0  0               200 000
22882468 Pietila Juha-Pekka 0  0  0  0  0  0  0  0  0  0  0  0  0  0  0  0  0  0  0  0  0  0               175 000
25024184 Puistola Pasi 10  0  0  0  0  0  0  0  0  5  4  0  0  0  -5  10  0  0  0  0  0.70  7               255 000
22973270 Poyhonen Marko 10  1  2  3  0  0  0  0  0  14  4  6  7  9  -3  4  0  0  1  0  6.10  61               340 000
23092192 Rukajarvi Roni 9  1  2  3  0  0  1  0  0  9  1  0  0  5  -5  4  0  0  0  0  4.33  39               190 000
ID Hyokkaaja O M S P AVM AVS VM TM JA L B ALV ALH + - JM OR X XX XXX LPP/O LPP Arvo
24244606 Alanne Joonas 7  1  0  1  0  0  0  0  0  19  2  0  0  1  -2  2  0  0  0  0  3.00  21           185 000
24290689 Bjorninen Hannes 10  1  2  3  0  0  0  1  0  17  4  70  56  3  -8  2  0  0  1  1  3.80  38           270 000
21399185 Elimaki Roope 6  1  0  1  0  0  0  0  0  9  0  9  15  1  -4  10  0  0  0  0  0.17  1           210 000
21411429 Erkinjuntti Antti 10  0  4  4  0  0  0  0  0  41  3  2  3  5  -5  2  0  1  0  0  5.30  53           400 000
24345974 Heikkinen Arttu 9  0  1  1  0  0  0  0  0  10  3  1  2  1  -2  2  0  0  0  0  1.67  15           175 000
24383596 Heino Henri 10  0  1  1  0  0  0  0  0  11  0  28  33  3  -4  4  0  0  0  0  1.50  15           280 000
40451425 Hodgman Justin 6  1  1  2  0  0  0  0  1  18  1  32  41  4  -6  30  0  1  0  0  1.83  11           410 000
24650025 Kangasniemi Iikka 10  0  3  3  0  0  0  0  0  14  1  0  0  5  -6  6  0  1  1  0  3.70  37           395 000
22024624 Kivela Niko 0  0  0  0  0  0  0  0  0  0  0  0  0  0  0  0  0  0  0  0  0  0           175 000
22051338 Koivisto Kimi 7  0  1  1  0  0  0  0  0  5  1  0  5  1  -1  2  0  0  0  0  1.29  9           220 000
24536330 Koponen Ville-Matti 0  0  0  0  0  0  0  0  0  0  0  0  0  0  0  0  0  0  0  0  0  0           150 000
27772764 Lahtinen Severi 0  0  0  0  0  0  0  0  0  0  0  0  0  0  0  0  0  0  0  0  0  0           175 000
28552909 Makitalo Roope 0  0  0  0  0  0  0  0  0  0  0  0  0  0  0  0  0  0  0  0  0  0           150 000
40431480 Poulsen Morten 9  2  0  2  0  0  0  0  0  12  1  1  0  2  -3  0  0  0  0  0  2.56  23           275 000
23039812 Rekonen Aleksi 9  1  0  1  0  0  0  0  0  22  1  2  1  1  -5  2  0  0  0  0  2.22  20           260 000
27355408 Siikonen Miska 4  1  0  1  0  0  0  0  0  12  0  22  26  1  0  0  0  0  0  0  3.25  13           265 000
23311954 Sopanen Vili 9  1  6  7  1  0  0  0  0  59  0  0  0  7  -4  0  0  0  1  0  8.67  78           435 000
27847136 Toivola Artturi 0  0  0  0  0  0  0  0  0  0  0  0  0  0  0  0  0  0  0  0  0  0           175 000
23521841 Tyrvainen Antti 7  1  0  1  0  0  1  0  0  12  0  8  6  4  -2  0  0  0  0  0  3.29  23           255 000
23521977 Tyrvainen Juhani 10  4  5  9  0  0  0  0  0  28  2  111  94  9  -4  8  0  1  0  1  9.50  95           400 000
25443752 Vartiainen Taavi 1  0  0  0  0  0  0  0  0  1  0  0  0  0  0  2  0  0  0  0  3.00  3           205 000
Tappara
ID Maalivahti O M S P V H TP TO PM NP JM OR X XX XXX LPP/O LPP Arvo
21589720 Heljanko Christian 0  0  0  0  0  0  0  0  0  0  0  0  0  0  0  0  0               185 000
40035616 Hrachovina Dominik 7  0  0  0  3  1  3  206  15  0  0  0  2  1  1  10.43  73               410 000
24793076 Lassila Teemu 4  0  0  0  2  0  2  81  4  1  0  0  0  0  1  11.25  45               320 000
ID Puolustaja O M S P AVM AVS VM TM JA L B ALV ALH + - JM OR X XX XXX LPP/O LPP Arvo
40372872 Bodak Martin 0  0  0  0  0  0  0  0  0  0  0  0  0  0  0  0  0  0  0  0  0  0               155 000
40339220 Bonsaksen Alexander 10  0  2  2  0  0  0  0  0  19  5  0  0  5  -3  14  0  0  0  0  5.00  50               320 000
21403877 Elorinne Aleksi 11  1  0  1  0  0  0  0  0  34  13  0  0  5  -5  4  0  0  0  0  4.09  45               350 000
21974869 Kemilainen Valtteri 11  3  4  7  0  0  1  1  1  38  1  0  0  7  -3  16  0  0  0  1  9.00  99               350 000
40471633 Parlett Blake 10  0  0  0  0  0  0  0  0  26  6  0  0  0  -1  2  0  0  0  0  2.10  21               270 000
23000702 Rantakari Otso 11  3  2  5  0  0  2  0  0  40  2  0  0  10  -2  12  0  0  0  1  8.55  94               400 000
24127529 Rouhiainen Jere 2  0  0  0  0  0  0  0  0  6  0  0  0  1  0  0  0  0  0  0  3.50  7               165 000
24190598 Salonen Aleksi 11  0  1  1  0  0  0  0  0  19  5  2  8  4  -5  0  0  0  0  0  1.91  21               330 000
25581559 Sammalkangas Tapio 3  0  1  1  0  0  0  0  0  2  2  0  0  1  0  2  0  0  0  0  5.00  15               200 000
25573664 Saravo Pekka 10  0  0  0  0  0  0  0  0  22  1  0  0  1  -3  4  0  1  0  0  1.60  16               230 000
30738423 Utunen Toni 0  0  0  0  0  0  0  0  0  0  0  0  0  0  0  0  0  0  0  0  0  0               150 000
ID Hyokkaaja O M S P AVM AVS VM TM JA L B ALV ALH + - JM OR X XX XXX LPP/O LPP Arvo
21303401 Alanen Jere-Matias 2  0  0  0  0  0  0  0  0  1  0  1  2  0  0  0  0  0  0  0  0.00  0           155 000
21468906 Haapala Henrik 8  2  7  9  0  0  1  2  0  18  0  0  0  4  -3  2  0  0  3  1  8.88  71           485 000
21552647 Heikkila Miika 0  0  0  0  0  0  0  0  0  0  0  0  0  0  0  0  0  0  0  0  0  0           175 000
25658466 Honkanen Manu 2  0  0  0  0  0  0  0  0  1  2  0  2  0  -1  0  0  0  0  0  -0.50  -1           165 000
21785090 Jasu Juhani 11  1  1  2  0  0  0  0  0  17  1  92  73  2  -3  4  0  0  0  0  3.00  33           270 000
21848539 Jarvinen Jan-Mikael 11  0  8  8  0  0  0  0  0  15  0  76  87  10  -1  0  0  1  0  0  5.36  59           325 000
21924709 Karjalainen Jere 1  0  0  0  0  0  0  0  0  4  0  0  0  0  0  0  0  0  0  0  2.00  2           420 000
24622477 Kuusela Kristian 10  1  3  4  0  0  0  1  0  21  0  0  0  3  -6  0  0  0  0  0  3.20  32           475 000
22290364 Lajunen Jani 11  4  5  9  0  0  1  0  0  23  2  127  105  3  -7  6  0  0  0  0  6.82  75           455 000
27746619 Levtchi Anton 5  0  0  0  0  0  0  0  0  5  0  0  2  0  0  0  0  0  0  0  0.60  3           155 000
28745305 Luoto Joona 8  0  0  0  0  0  0  0  0  15  2  0  0  1  0  2  0  0  0  0  2.00  16           200 000
40432084 Nestrasil Viktor 1  0  0  0  0  0  0  0  0  0  0  0  0  0  0  0  0  0  0  0  0.00  0           150 000
24942005 Nurmi Teemu 11  5  4  9  0  0  0  0  0  43  0  1  2  9  -4  2  0  1  1  1  8.18  90           365 000
22842712 Peltola Jukka 3  1  0  1  0  0  0  0  0  3  1  0  0  1  0  2  0  0  0  0  4.33  13           435 000
25040634 Peltonen Tomi 0  0  0  0  0  0  0  0  0  0  0  0  0  0  0  0  0  0  0  0  0  0           150 000
25113804 Rauhala Otto 11  1  1  2  0  0  0  0  0  13  2  41  28  5  0  0  0  0  0  0  3.18  35           250 000
25139587 Repo Sebastian 10  1  4  5  0  0  1  0  0  40  2  3  0  5  -2  45  0  0  0  0  5.80  58           375 000
40431860 RXymark Martin 10  1  2  3  0  0  0  0  0  26  1  0  0  3  -4  2  0  0  0  0  3.50  35           225 000
25541395 Savinainen Veli-Matti 9  2  6  8  0  0  0  0  1  54  1  0  1  5  -1  24  0  0  0  2  8.78  79           500 000
23299830 Smedberg Rasmus 3  1  0  1  0  0  0  0  0  5  0  0  0  1  -1  0  0  0  0  0  3.67  11           155 000
TPS
ID Maalivahti O M S P V H TP TO PM NP JM OR X XX XXX LPP/O LPP Arvo
40310431 Georgiev Aleksandar 3  0  0  0  0  3  0  83  7  0  0  0  0  0  0  4.33  13               340 000
28628202 Kaarlehto Karolus 0  0  0  0  0  0  0  0  0  0  0  0  0  0  0  0  0               175 000
23249408 Setanen Oskari 7  0  0  0  4  0  3  178  15  0  2  0  0  0  1  8.71  61               380 000
ID Puolustaja O M S P AVM AVS VM TM JA L B ALV ALH + - JM OR X XX XXX LPP/O LPP Arvo
29587960 Berger Martin 10  0  1  1  0  0  0  0  0  22  0  0  0  3  -3  29  0  0  0  0  1.70  17               170 000
40364174 Dudas Jesse 0  0  0  0  0  0  0  0  0  0  0  0  0  0  0  0  0  0  0  0  0  0               150 000
23806498 Eronen Elmeri 10  1  2  3  0  0  0  0  0  20  2  0  0  6  -8  0  0  0  0  0  3.70  37               285 000
24318448 Forsstrom Jani 3  0  0  0  0  0  0  0  0  6  1  0  0  2  -1  0  0  0  0  0  3.00  9               330 000
24381077 Heikkinen Ilkka 8  1  0  1  0  0  0  0  0  39  4  0  0  7  -2  0  0  0  0  0  6.25  50               440 000
27841653 Keskitalo Miro 7  0  0  0  0  0  0  0  0  8  1  0  0  0  -2  0  0  0  0  0  0.29  2               225 000
29948541 Reunanen Tarmo 2  0  0  0  0  0  0  0  0  0  0  0  0  0  0  0  0  0  0  0  0.00  0               180 000
40036128 Savilahti Nagander Per 10  0  0  0  0  0  0  0  0  31  3  0  0  4  -3  6  0  0  0  0  3.10  31               250 000
27684548 Tallinder Henrik 10  3  3  6  0  1  0  0  0  43  2  0  1  8  -9  10  0  2  1  0  9.20  92               410 000
25454136 Tikkanen Harri 10  0  4  4  0  0  0  0  0  41  6  0  2  9  -5  2  0  0  0  0  7.10  71               305 000
ID Hyokkaaja O M S P AVM AVS VM TM JA L B ALV ALH + - JM OR X XX XXX LPP/O LPP Arvo
24272490 Ahtola Jerry 10  0  2  2  0  1  0  0  0  23  2  59  61  7  -6  2  0  0  0  0  3.60  36           295 000
40431857 Hamilton Curtis 3  1  1  2  0  0  0  0  0  15  0  0  0  1  -1  0  0  0  0  0  6.33  19           375 000
28670140 Kallio Tomi 10  3  8  11  0  0  2  0  0  46  3  2  4  10  -7  4  0  0  0  2  10.50  105           490 000
29805082 Karvonen Elias 5  0  0  0  0  0  0  0  0  13  0  31  26  0  -3  0  0  0  0  0  1.40  7           200 000
40277188 Kumeliauskas Tadas 0  0  0  0  0  0  0  0  0  0  0  0  0  0  0  0  0  0  0  0  0  0           200 000
22266806 Lahtinen Timi 10  2  0  2  1  0  0  0  0  15  1  0  0  4  -1  4  0  0  0  0  3.80  38           165 000
24808136 Lindsten Jasper 10  2  3  5  0  0  0  0  0  42  2  0  0  9  -5  4  0  0  1  0  6.80  68           310 000
24916798 Nieminen Otto 9  1  0  1  0  0  0  0  0  26  0  0  0  1  -1  2  0  0  0  0  2.78  25           205 000
29991637 Nurmi Markus 2  0  0  0  0  0  0  0  0  8  0  0  0  0  0  0  0  0  0  0  2.50  5           155 000
24977737 Perrin Eric 10  3  5  8  0  0  1  0  0  48  1  114  108  10  -6  6  0  0  2  0  9.30  93           420 000
25032105 Pikkarainen Ilkka 0  0  0  0  0  0  0  0  0  0  0  0  0  0  0  0  0  0  0  0  0  0           200 000
25652103 Siiki Oskari 0  0  0  0  0  0  0  0  0  0  0  0  0  0  0  0  0  0  0  0  0  0           185 000
40311090 Spina Dave 1  0  1  1  0  0  0  0  0  5  0  2  2  0  -2  0  0  0  0  0  5.00  5           425 000
25454547 Taavitsainen Topi 9  0  1  1  0  0  0  0  0  17  1  1  0  2  -2  2  0  0  0  0  2.33  21           210 000
40431403 Thorell Erik 6  4  4  8  0  0  1  0  0  36  0  0  0  6  -5  0  0  0  1  0  11.83  71           450 000
28262723 Virta Patrik 8  3  2  5  0  0  1  0  0  48  0  47  49  8  -6  2  0  0  1  0  8.13  65           300 000
23669075 Virtanen Jonne 9  0  1  1  0  0  0  0  0  9  5  42  43  1  -3  2  0  0  0  1  2.11  19           240 000
23702275 Vahatalo Julius 9  0  1  1  0  0  0  0  0  13  0  29  15  1  -2  2  0  0  0  0  2.11  19           210 000
29837610 Vayrynen Teemu 10  0  1  1  0  0  0  0  0  17  0  0  2  1  -3  2  0  0  0  0  1.50  15           170 000
