HIFK
ID Maalivahti O M S P V H TP TO PM NP JM OR X XX XXX LPP/O LPP Arvo
24288659 Backstrom Niklas 0  0  0  0  0  0  0  0  0  0  0  0  0  0  0  0  0               305 000
21406421 Engren Atte 5  0  0  0  1  1  3  120  8  1  0  0  0  0  0  10.00  50               335 000
28890904 Halonen Niilo 0  0  0  0  0  0  0  0  0  0  0  0  0  0  0  0  0               170 000
24185189 Lankinen Kevin 7  0  0  0  4  2  1  172  10  1  0  0  0  4  1  11.29  79               345 000
ID Puolustaja O M S P AVM AVS VM TM JA L B ALV ALH + - JM OR X XX XXX LPP/O LPP Arvo
21415137 Eronen Teemu 8  1  3  4  0  0  0  0  0  16  0  0  0  8  -2  4  0  0  0  1  8.00  64               375 000
40431556 Finley Joe 1  0  0  0  0  0  0  0  0  1  0  0  0  1  -1  0  0  0  0  0  2.00  2               230 000
28843210 Heiskanen Miro 7  0  5  5  0  0  0  0  0  31  1  0  0  6  -2  2  0  0  0  0  9.00  63               430 000
24555256 Kankaanpera Markus 12  0  1  1  0  0  0  0  0  10  4  0  0  9  -5  24  0  0  0  0  3.58  43               245 000
24235673 Kaski Oliwer 4  0  2  2  0  0  0  0  0  19  1  0  0  1  -1  2  0  0  0  0  6.50  26               290 000
40310918 O'connor Ryan 10  1  3  4  0  0  0  1  0  55  2  0  0  9  -2  4  0  0  0  0  8.60  86               330 000
23167645 Salmela Saku 10  2  0  2  0  0  0  0  0  16  2  0  1  4  -3  14  0  0  0  0  3.50  35               255 000
23170797 Salmi Juuso 9  1  0  1  0  0  1  0  0  19  4  0  0  4  -1  2  0  1  0  0  4.22  38               235 000
23424825 Teppo Miihkali 5  2  1  3  0  0  0  0  1  8  2  0  0  2  0  2  0  0  0  1  9.00  45               270 000
30692420 Ulander Elias 6  0  0  0  0  0  0  0  0  7  0  0  0  0  -1  12  0  0  0  0  -0.17  -1               215 000
25357521 Varakas Ville 11  0  7  7  0  0  0  0  0  24  5  0  0  11  -3  12  0  0  0  0  9.09  100               300 000
30482177 Winberg Tobias 0  0  0  0  0  0  0  0  0  0  0  0  0  0  0  0  0  0  0  0  0  0               200 000
ID Hyokkaaja O M S P AVM AVS VM TM JA L B ALV ALH + - JM OR X XX XXX LPP/O LPP Arvo
24272490 Ahtola Jerry 7  1  0  1  0  0  0  0  0  8  2  3  15  1  -1  0  0  0  0  0  1.57  11           230 000
100026105 Carlsson Patrik 10  1  4  5  0  0  0  0  0  28  1  41  51  6  -2  4  0  0  0  1  5.60  56           335 000
29695519 Engberg Teemu 7  1  1  2  0  0  0  0  0  6  1  0  0  3  -2  2  0  0  0  0  3.00  21           220 000
24451091 Haataja Juha-Pekka 9  3  2  5  0  0  0  0  0  20  1  0  1  5  -2  0  0  0  0  1  5.56  50           350 000
30731093 Hamalainen Janne 2  2  0  2  0  0  0  0  0  4  1  1  0  2  -1  0  0  1  0  0  10.50  21           205 000
30345845 Jaaska Juha 8  1  2  3  0  0  0  0  0  12  0  0  3  3  -1  4  0  0  0  0  3.38  27           225 000
31639314 Kulmala Lauri 0  0  0  0  0  0  0  0  0  0  0  0  0  0  0  0  0  0  0  0  0  0           165 000
22497989 Malinen Jarkko 10  3  6  9  0  0  0  0  0  22  0  84  75  7  -1  0  0  0  0  0  7.30  73           325 000
24880895 Mieho Panu 7  0  0  0  0  0  0  0  0  10  1  30  32  1  -1  2  0  0  0  0  1.57  11           215 000
29615777 Nordgren Niklas 0  0  0  0  0  0  0  0  0  0  0  0  0  0  0  0  0  0  0  0  0  0           210 000
22756329 Nykopp Thomas 8  2  0  2  0  0  1  0  1  23  2  56  62  4  -3  12  0  0  0  1  4.50  36           305 000
25012824 Petrell Lennart 11  3  2  5  0  0  0  0  0  36  3  18  31  7  -3  2  0  1  0  0  5.45  60           310 000
23017821 Rask Joonas 12  4  3  7  0  0  0  1  0  25  1  3  4  8  -2  0  0  1  2  0  6.00  72           355 000
23311954 Sopanen Vili 12  2  7  9  0  1  0  0  0  56  2  4  0  10  -4  8  0  1  0  0  8.58  103           415 000
23394612 Tallberg Teemu 12  2  5  7  0  0  1  0  0  27  4  19  26  9  -3  0  0  1  0  1  5.83  70           320 000
25500873 Tamminen Henri 3  0  0  0  0  0  0  0  0  5  1  1  0  0  -1  0  0  0  0  0  1.33  4           200 000
40431403 Thorell Erik 12  5  4  9  0  0  1  0  1  43  0  4  7  7  -3  2  0  2  1  0  7.42  89           400 000
23521977 Tyrvainen Juhani 6  1  5  6  1  0  1  0  0  12  1  42  35  6  -2  45  0  0  0  0  8.17  49           365 000
23793763 Asten Micke-Max 8  0  2  2  0  0  0  0  0  10  3  18  20  4  -1  8  0  0  0  0  4.00  32           235 000
JYP
ID Maalivahti O M S P V H TP TO PM NP JM OR X XX XXX LPP/O LPP Arvo
31471585 Heiskanen Aleksanteri 0  0  0  0  0  0  0  0  0  0  0  0  0  0  0  0  0               200 000
22322342 Laurikainen Eetu 5  0  0  0  3  2  0  103  11  1  0  0  0  0  1  7.60  38               300 000
24158200 Olkinuora Juho 9  0  0  0  4  3  1  205  24  1  0  0  1  2  0  6.22  56               350 000
ID Puolustaja O M S P AVM AVS VM TM JA L B ALV ALH + - JM OR X XX XXX LPP/O LPP Arvo
21295959 Aitola Olli 1  0  0  0  0  0  0  0  0  0  0  0  0  0  0  25  0  0  0  0  -8.00  -8               170 000
24182470 AllXn Roni 2  0  0  0  0  0  0  0  0  3  0  0  0  1  -1  0  0  0  0  0  1.50  3               190 000
24300210 Erving Joona 1  0  0  0  0  0  0  0  0  0  0  0  0  0  0  2  0  0  0  0  2.00  2               180 000
28705727 Honka Anttoni 4  0  0  0  0  0  0  0  0  4  0  0  0  1  0  0  0  0  0  0  1.50  6               240 000
24459695 Ikonen Ossi 12  1  0  1  0  0  0  0  0  25  3  0  1  5  -8  4  0  0  0  0  2.58  31               255 000
21799484 Jokinen Jaakko 7  0  1  1  0  0  0  0  0  11  0  0  0  4  -4  0  0  0  0  0  2.43  17               245 000
21892307 Kalteva Mikko 12  2  3  5  0  0  0  0  0  34  2  0  0  12  -7  4  0  0  0  0  6.92  83               385 000
24535632 Kuukka Mikko 11  0  0  0  0  0  0  0  0  14  5  0  0  7  -10  4  0  0  0  0  1.73  19               235 000
24715452 Lindroos Alex 1  0  0  0  0  0  0  0  0  1  0  0  0  0  0  2  0  0  0  0  3.00  3               215 000
24868147 Maenpaa Mikko 8  0  4  4  0  0  0  0  0  37  0  0  0  5  -6  6  0  0  0  0  6.63  53               375 000
40371409 Newton Jake 14  2  3  5  0  0  0  0  0  70  1  0  0  8  -10  10  0  0  1  0  6.50  91               360 000
23168071 Salmela Tuomas 1  0  0  0  0  0  0  0  0  1  0  0  0  0  0  0  0  0  0  0  1.00  1               205 000
23557763 Vainio Juuso 12  0  7  7  0  0  0  0  0  27  1  0  0  13  -7  4  0  0  0  0  7.42  89               295 000
32645093 Viinikainen Olli-Petteri 1  0  0  0  0  0  0  0  0  2  0  0  0  0  0  0  0  0  0  0  1.00  1               175 000
40371299 Yonkman Nolan 10  0  0  0  0  0  0  0  0  10  5  0  0  2  -4  16  0  0  0  0  2.40  24               230 000
ID Hyokkaaja O M S P AVM AVS VM TM JA L B ALV ALH + - JM OR X XX XXX LPP/O LPP Arvo
24415613 Hytonen Juha-Pekka 11  2  3  5  0  0  1  0  0  26  0  89  58  5  -6  8  0  0  0  0  5.55  61           340 000
24466950 Immonen Jarkko 12  4  5  9  0  0  0  1  0  51  0  151  80  7  -9  2  0  0  1  1  9.00  108           440 000
21802135 Jokinen Markus 0  0  0  0  0  0  0  0  0  0  0  0  0  0  0  0  0  0  0  0  0  0           175 000
27775017 Kanninen Henri 10  4  3  7  0  0  1  0  0  33  2  41  49  2  -5  12  0  0  0  1  5.50  55           265 000
24638995 Kolehmainen Janne 11  0  1  1  0  0  0  0  0  29  9  2  3  3  -5  6  0  0  0  0  3.18  35           240 000
22260051 Lahti Miika 0  0  0  0  0  0  0  0  0  0  0  0  0  0  0  0  0  0  0  0  0  0           300 000
24811398 Louhivaara Ossi 11  3  0  3  0  0  1  0  0  32  1  2  3  3  -5  0  0  0  1  0  3.82  42           285 000
28558149 Mikkonen Justus 1  0  0  0  0  0  0  0  0  0  1  0  0  0  -1  0  0  0  0  0  0.00  0           165 000
28674489 Mustonen Matias 1  0  0  0  0  0  0  0  0  2  0  5  3  0  0  0  0  0  0  0  2.00  2           190 000
22770842 Nattinen Joonas 12  3  6  9  0  0  1  0  0  44  1  15  13  9  -8  27  0  0  1  0  6.42  77           385 000
22770868 Nattinen Jussi 7  0  0  0  0  0  0  0  0  15  0  39  37  0  -3  0  0  0  0  0  1.00  7           210 000
22953708 Puustinen Juuso 12  8  6  14  0  0  2  0  0  67  2  1  1  12  -8  16  0  1  0  0  11.08  133           470 000
28967947 Ratinen Samuli 2  0  0  0  0  0  0  0  0  1  0  1  3  0  -1  0  0  0  0  0  -0.50  -1           170 000
33373610 Rooba Robert 13  2  1  3  0  0  2  0  0  49  4  0  2  2  -6  2  0  0  0  0  3.92  51           255 000
23137280 Saari Micke 6  0  2  2  0  0  0  0  0  9  0  19  17  2  -3  0  0  0  0  0  2.50  15           225 000
23896217 Saramaki Kalle 1  0  0  0  0  0  0  0  0  0  0  0  0  0  0  0  0  0  0  0  0.00  0           185 000
27717554 Sihvonen Riku 1  0  0  0  0  0  0  0  0  2  0  0  1  0  0  0  0  0  0  0  0.00  0           180 000
28948856 Straka Anton 5  0  1  1  0  0  0  0  0  6  1  9  14  2  -3  6  0  0  0  0  3.00  15           215 000
25611050 Sund Joel 1  0  0  0  0  0  0  0  0  2  0  0  2  0  0  0  0  0  0  0  0.00  0           205 000
23349227 Suomela Antti 12  4  13  17  0  0  0  0  0  51  1  80  82  12  -7  0  0  1  2  2  10.92  131           455 000
25492334 Tiainen Riku 1  0  0  0  0  0  0  0  0  1  0  0  0  0  0  2  0  0  0  0  3.00  3           175 000
23505155 Tuppurainen Jani 11  3  9  12  0  0  0  0  0  43  0  0  1  9  -5  2  0  0  1  0  8.55  94           410 000
27647886 Turkulainen Jerry 11  4  8  12  0  0  0  0  0  28  0  3  4  8  -8  4  0  0  0  3  8.36  92           350 000
100032746 Verlic Miha 3  1  1  2  0  0  0  0  0  4  0  0  0  3  -1  2  0  0  0  0  6.67  20           280 000
KalPa
ID Maalivahti O M S P V H TP TO PM NP JM OR X XX XXX LPP/O LPP Arvo
40385084 Godla Denis 8  0  0  0  6  0  2  193  10  2  0  0  0  1  1  12.75  102               340 000
24390673 Hovinen Niko 5  0  0  0  2  3  0  109  12  0  0  0  1  0  0  4.20  21               330 000
29784747 Metsavainio Elmeri 0  0  0  0  0  0  0  0  0  0  0  0  0  0  0  0  0               225 000
32372777 Ruotsalainen Arttu 0  0  0  0  0  0  0  0  0  0  0  0  0  0  0  0  0               185 000
ID Puolustaja O M S P AVM AVS VM TM JA L B ALV ALH + - JM OR X XX XXX LPP/O LPP Arvo
24530970 Kinnunen Saku 0  0  0  0  0  0  0  0  0  0  0  0  0  0  0  0  0  0  0  0  0  0               185 000
24174048 Leskinen Otto 9  0  0  0  0  0  0  0  0  25  0  0  0  2  -4  2  0  0  0  0  1.67  15               235 000
22452814 Lukka Santeri 13  1  1  2  0  0  0  0  0  39  1  0  0  4  -5  4  0  0  0  0  3.38  44               285 000
100025311 Maione Mathew 13  8  6  14  0  0  1  1  0  81  0  0  0  16  -3  12  0  0  2  5  17.54  228               430 000
23824108 Makinen Konsta 13  1  0  1  0  0  0  0  0  17  1  0  0  4  -4  14  0  0  0  0  1.92  25               215 000
22808510 Parikka Valtteri 0  0  0  0  0  0  0  0  0  0  0  0  0  0  0  0  0  0  0  0  0  0               230 000
30951530 Riekkinen Joona 0  0  0  0  0  0  0  0  0  0  0  0  0  0  0  0  0  0  0  0  0  0               175 000
25108217 Riikola Juuso 13  2  6  8  0  0  1  0  0  44  7  0  0  8  -8  4  0  1  1  0  7.85  102               335 000
23242492 Seppala Mikael 12  0  2  2  0  0  0  0  0  23  1  0  0  7  -8  4  0  0  1  0  3.25  39               265 000
100030506 Wilson Ryan 13  0  6  6  0  0  0  0  0  28  4  0  0  11  -6  27  0  0  0  0  5.38  70               315 000
ID Hyokkaaja O M S P AVM AVS VM TM JA L B ALV ALH + - JM OR X XX XXX LPP/O LPP Arvo
40291921 Aaltonen Leevi 0  0  0  0  0  0  0  0  0  0  0  0  0  0  0  0  0  0  0  0  0  0           150 000
27416017 Ahtonen Tuomas 0  0  0  0  0  0  0  0  0  0  0  0  0  0  0  0  0  0  0  0  0  0           155 000
40453125 D'amigo Jerry 11  4  2  6  0  0  2  0  0  25  0  3  5  9  -2  0  0  0  0  2  6.55  72           320 000
25646106 Gymer Frank 11  1  0  1  0  0  0  0  0  16  0  0  0  1  -1  2  0  0  0  0  1.73  19           225 000
29554508 Ikonen Joni 13  1  4  5  0  0  0  0  0  24  3  74  62  5  -7  2  0  0  0  0  3.85  50           250 000
21804861 Jokinen Tommi 13  2  2  4  0  0  1  0  0  14  3  0  2  4  -5  4  0  0  0  0  3.08  40           260 000
30010662 Juusola Mikko 0  0  0  0  0  0  0  0  0  0  0  0  0  0  0  0  0  0  0  0  0  0           195 000
28576383 Kantola Kai 13  1  3  4  0  0  1  0  0  34  1  12  17  8  -1  14  0  0  0  0  5.31  69           320 000
27471447 Klemetti Aleksi 1  0  0  0  0  0  0  0  0  0  0  0  0  0  0  0  0  0  0  0  0.00  0           185 000
28570745 Knuutinen Henri 1  0  0  0  0  0  0  0  0  0  0  0  0  0  0  0  0  0  0  0  0.00  0           200 000
27943137 Kokkola Tatu 0  0  0  0  0  0  0  0  0  0  0  0  0  0  0  0  0  0  0  0  0  0           175 000
24226640 Kononen Juuso 0  0  0  0  0  0  0  0  0  0  0  0  0  0  0  0  0  0  0  0  0  0           195 000
22464239 Luostarinen Eetu 9  1  3  4  0  0  0  0  0  24  0  39  64  5  -4  6  0  1  1  0  4.56  41           265 000
24871956 Mutanen Sami 13  0  4  4  0  0  0  0  0  16  2  2  11  4  -2  4  0  0  0  0  2.69  35           230 000
30475553 Nevalainen Juuso 0  0  0  0  0  0  0  0  0  0  0  0  0  0  0  0  0  0  0  0  0  0           160 000
22750794 Nuutinen Mikko 13  3  6  9  0  0  0  0  0  48  2  10  9  8  -10  12  0  0  0  0  6.92  90           325 000
29859517 Piipponen Topi 1  0  0  0  0  0  0  0  0  0  0  0  0  0  0  0  0  0  0  0  0.00  0           215 000
25663901 Ruuttu Alexander 10  3  3  6  0  0  0  0  0  29  1  29  31  5  -6  4  0  1  1  0  5.80  58           330 000
34250949 Sebok Balazs 13  1  6  7  0  0  0  0  0  22  0  67  69  6  -4  8  0  2  0  0  4.77  62           315 000
23418213 Tavi Janne 13  3  5  8  0  0  0  0  1  41  3  1  0  10  -8  4  0  0  0  0  6.46  84           310 000
100025912 Texier Alexandre 13  4  4  8  0  0  2  0  0  37  0  12  16  8  -5  8  0  2  1  0  6.85  89           275 000
23560365 Vainiola Ville-Vesa 13  0  4  4  0  0  0  0  0  19  0  111  64  8  -3  0  0  0  0  0  4.54  59           245 000
Karpat
ID Maalivahti O M S P V H TP TO PM NP JM OR X XX XXX LPP/O LPP Arvo
32498965 Annunen Justus 1  0  0  0  0  1  0  33  4  0  0  0  0  0  0  3.00  3               200 000
30040247 Heikkinen Vilho 0  0  0  0  0  0  0  0  0  0  0  0  0  0  0  0  0               215 000
23109412 Rynnas Jussi 6  0  0  0  3  1  2  143  17  1  0  0  0  0  1  7.67  46               365 000
29924154 Vehvilainen Veini 5  0  0  0  2  1  2  128  13  0  0  0  0  0  0  6.40  32               355 000
ID Puolustaja O M S P AVM AVS VM TM JA L B ALV ALH + - JM OR X XX XXX LPP/O LPP Arvo
21494006 Hakanpaa Jani 12  1  5  6  0  0  0  0  0  42  3  0  0  11  -5  18  0  0  1  0  7.75  93               330 000
40428666 Heshka Shaun 11  1  1  2  0  0  0  0  0  41  1  0  0  5  -8  16  0  1  0  0  3.64  40               385 000
24353539 Huttula Joona 5  1  1  2  0  0  0  0  0  9  0  0  0  3  -2  2  0  0  1  0  5.80  29               200 000
100026177 Kivihalme Teemu 6  1  1  2  0  0  1  0  0  15  1  0  0  2  -3  4  0  0  1  0  5.33  32               320 000
22051859 Koivisto Miika 8  1  4  5  0  0  0  0  0  36  0  0  0  6  -5  2  0  0  0  0  8.00  64               435 000
30379468 Korhonen Juho 3  0  0  0  0  0  0  0  0  4  0  0  0  0  -1  0  0  0  0  0  0.00  0               185 000
40312846 Kukkonen Lasse 8  0  2  2  0  0  0  0  0  15  0  0  0  4  -2  2  0  0  0  0  4.13  33               255 000
24825038 Makela Aleksi 4  1  0  1  0  0  0  0  0  3  1  0  0  2  0  0  0  0  0  0  4.50  18               235 000
22679723 Niemela Mikko 8  0  4  4  0  0  0  0  0  5  1  0  1  6  -6  4  0  0  0  0  4.63  37               240 000
29679441 Ronkainen Taneli 12  0  4  4  0  0  0  0  0  17  1  0  0  6  -8  4  0  0  0  0  3.67  44               245 000
23255023 Siikaluoma Taneli 5  0  0  0  0  0  0  0  0  7  1  0  0  1  -5  0  0  0  0  0  -0.20  -1               205 000
25499434 Tanhua Samuli 2  0  1  1  0  0  0  0  0  5  0  0  0  2  -2  0  0  0  0  0  5.50  11               190 000
ID Hyokkaaja O M S P AVM AVS VM TM JA L B ALV ALH + - JM OR X XX XXX LPP/O LPP Arvo
21330445 Anttila Sami 8  0  1  1  0  0  0  0  0  9  3  3  2  2  -5  2  0  0  0  0  1.88  15           220 000
34254136 Bertrand Charles 12  5  2  7  0  0  1  0  0  66  0  1  3  8  -4  2  0  0  0  1  7.50  90           480 000
24406130 Hermonen Julius 0  0  0  0  0  0  0  0  0  0  0  0  0  0  0  0  0  0  0  0  0  0           190 000
21673131 Humaloja Miska 12  2  0  2  0  0  0  0  0  16  1  68  62  3  -6  6  0  0  0  0  2.75  33           240 000
24464062 Ikonen Jasse 6  0  1  1  0  0  0  0  0  11  2  9  14  6  -2  0  0  0  0  0  3.33  20           230 000
21817612 Junnila Jyri 9  1  1  2  0  0  1  0  0  16  4  2  8  3  -5  4  0  0  0  0  3.11  28           225 000
21819267 Junttila Julius 7  1  1  2  0  0  0  0  0  16  1  2  3  3  -3  0  0  0  0  0  3.43  24           455 000
23891364 Kangas Kristian 0  0  0  0  0  0  0  0  0  0  0  0  0  0  0  0  0  0  0  0  0  0           185 000
21940848 Karvinen Otto 12  1  2  3  0  0  0  0  0  26  0  3  3  4  -5  18  0  0  0  0  2.92  35           245 000
40245614 Koblizek Radek 1  0  0  0  0  0  0  0  0  1  0  0  0  0  0  0  0  0  0  0  1.00  1           200 000
24538367 Koivisto Juha 4  0  1  1  0  0  0  0  0  1  0  2  1  2  -1  0  0  0  0  0  2.25  9           205 000
28727446 Koskenkorva Jesse 1  0  0  0  0  0  0  0  0  0  0  5  6  0  0  0  0  0  0  0  -1.00  -1           195 000
29551488 Kuiri Niko 0  0  0  0  0  0  0  0  0  0  0  0  0  0  0  0  0  0  0  0  0  0           165 000
31635185 Kupari Rasmus 12  1  5  6  0  0  0  1  0  24  0  60  62  5  -7  6  0  0  0  0  4.00  48           255 000
100026171 Lasu Nicklas 12  5  3  8  0  0  2  0  0  35  0  95  98  8  -6  4  0  1  0  3  7.42  89           345 000
22393300 Leskinen Ville 11  4  2  6  0  0  0  0  0  55  1  0  0  8  -7  4  0  0  0  0  6.82  75           440 000
24895372 Maenalanen Saku 11  1  7  8  0  0  0  0  0  36  1  6  17  7  -8  2  0  0  1  0  5.36  59           355 000
25126574 Ruohomaa Mikael 10  2  4  6  0  0  0  0  0  39  1  91  98  8  -5  29  0  0  0  0  5.70  57           465 000
25589140 Sailio Jari 10  0  1  1  0  0  0  0  0  18  0  0  2  2  -4  8  0  0  0  0  2.10  21           235 000
29885743 Vesalainen Kristian 13  7  3  10  0  0  1  0  0  46  0  0  2  7  -6  2  0  1  0  2  7.46  97           375 000
Lukko
ID Maalivahti O M S P V H TP TO PM NP JM OR X XX XXX LPP/O LPP Arvo
27471104 Kahkonen Kaapo 11  0  0  0  2  5  4  259  30  1  0  0  2  1  1  5.91  65               330 000
27682964 Lehtinen Lassi 3  0  0  0  0  2  0  51  11  0  0  0  0  0  0  -1.67  -5               275 000
ID Puolustaja O M S P AVM AVS VM TM JA L B ALV ALH + - JM OR X XX XXX LPP/O LPP Arvo
24260583 Ahonen Rony 13  0  1  1  0  0  0  0  0  42  6  0  0  4  -9  6  0  0  0  0  2.77  36               310 000
24820363 Marttinen Jyri 10  1  0  1  0  0  0  0  0  27  2  0  0  5  -6  24  0  0  0  1  2.70  27               285 000
29389786 Mesikammen Konsta 3  0  0  0  0  0  0  0  0  0  0  0  0  0  -1  0  0  0  0  0  -0.67  -2               190 000
100025878 Motin Johan 13  0  2  2  0  0  0  0  0  41  4  0  0  5  -11  0  0  0  0  0  2.62  34               270 000
24229184 Makinen Atte 8  0  1  1  0  0  0  0  0  14  6  0  0  4  -5  12  0  0  0  0  4.00  32               235 000
24939759 Niskala Janne 7  1  4  5  0  0  1  0  0  26  0  0  0  6  -5  2  0  0  0  0  8.57  60               360 000
29948541 Reunanen Tarmo 6  0  1  1  0  0  0  0  0  3  2  0  0  2  -4  0  0  0  0  0  1.33  8               205 000
25091997 Riikola Simo-Pekka 12  1  1  2  0  0  0  0  0  23  2  0  0  6  -10  10  0  0  0  0  3.25  39               260 000
24177003 Sevanen Roni 11  0  0  0  0  0  0  0  0  15  3  2  0  4  -8  14  0  0  0  0  0.82  9               245 000
27683510 Suistio Santeri 0  0  0  0  0  0  0  0  0  0  0  0  0  0  0  0  0  0  0  0  0  0               170 000
100031355 Wrenn William 13  1  2  3  0  0  0  0  0  20  3  0  0  3  -14  33  0  1  0  1  1.77  23               265 000
ID Hyokkaaja O M S P AVM AVS VM TM JA L B ALV ALH + - JM OR X XX XXX LPP/O LPP Arvo
29446865 Antonen Joose 7  2  0  2  0  0  0  0  0  12  1  0  0  2  -3  2  0  0  0  0  3.43  24           220 000
40313185 Claireaux Valentin 9  0  1  1  0  0  0  0  0  9  0  1  5  1  -1  8  0  0  0  0  1.89  17           215 000
21440937 Friberg Jere 13  0  0  0  0  0  0  0  0  10  1  59  38  2  -4  4  0  0  0  0  1.46  19           230 000
29946679 Huhdanpaa Lauri 0  0  0  0  0  0  0  0  0  0  0  0  0  0  0  0  0  0  0  0  0  0           160 000
24463542 Ilomaki Arttu 13  6  8  14  1  0  0  0  0  52  1  147  125  11  -5  10  0  2  0  0  10.77  140           390 000
21983012 Keranen Janne 13  2  3  5  0  0  0  1  0  41  2  0  4  10  -9  4  0  0  1  0  5.08  66           345 000
24555418 Keranen Juho 12  1  0  1  0  0  0  1  0  16  8  12  12  4  -5  16  0  0  0  0  2.42  29           235 000
24546935 Koivisto Toni 13  1  1  2  0  0  1  0  0  28  2  0  0  2  -9  2  0  0  0  0  2.23  29           330 000
23889127 Koivistoinen Eetu 10  1  1  2  0  0  0  0  0  23  0  2  1  2  -4  4  0  0  0  0  2.90  29           245 000
22396653 Liedes Heikki 13  1  0  1  0  0  0  0  0  39  5  1  16  4  -6  4  0  1  0  0  2.31  30           260 000
24219770 Niemela Joonas 1  0  0  0  0  0  0  0  0  2  1  0  0  0  0  0  0  0  0  0  2.00  2           200 000
28557276 Pelamo Jesse 0  0  0  0  0  0  0  0  0  0  0  0  0  0  0  0  0  0  0  0  0  0           185 000
22994754 Ramstedt Teemu 13  3  3  6  0  0  0  0  1  37  6  115  114  4  -11  4  0  0  1  1  5.15  67           340 000
30687613 Saarela Antti 0  0  0  0  0  0  0  0  0  0  0  0  0  0  0  0  0  0  0  0  0  0           195 000
25618516 Saarelainen Miro-Pekka 0  0  0  0  0  0  0  0  0  0  0  0  0  0  0  0  0  0  0  0  0  0           190 000
23251373 Siekkinen Jani 0  0  0  0  0  0  0  0  0  0  0  0  0  0  0  0  0  0  0  0  0  0           170 000
23299830 Smedberg Rasmus 0  0  0  0  0  0  0  0  0  0  0  0  0  0  0  0  0  0  0  0  0  0           195 000
24153195 Suuronen Toni 13  1  0  1  0  0  0  1  0  26  1  0  0  2  -5  4  0  0  1  0  2.31  30           225 000
23441604 Tiivola Peter 13  1  3  4  0  0  0  0  0  18  1  90  77  3  -11  4  0  0  0  0  2.92  38           265 000
23483808 Tukonen Lauri 1  0  0  0  0  0  0  0  0  1  1  0  0  0  0  0  0  0  0  0  2.00  2           310 000
25344657 Vahalahti Ville 10  3  3  6  0  1  0  0  0  23  4  3  2  9  -3  0  0  0  0  1  6.70  67           350 000
100031422 Vandevelde Chris 9  0  2  2  0  0  0  0  0  21  5  5  2  2  -6  6  0  0  0  0  3.33  30           320 000
27854909 Vidgren Aaro 0  0  0  0  0  0  0  0  0  0  0  0  0  0  0  0  0  0  0  0  0  0           190 000
23716863 Vayrynen Janne 4  0  1  1  0  0  0  0  0  5  0  0  1  1  -3  0  0  0  0  0  1.25  5           205 000
Pelicans
ID Maalivahti O M S P V H TP TO PM NP JM OR X XX XXX LPP/O LPP Arvo
29933666 Harald Joonas 0  0  0  0  0  0  0  0  0  0  0  0  0  0  0  0  0               190 000
24193980 Juvonen Janne 10  0  0  0  3  6  0  237  26  0  0  0  1  0  1  4.70  47               315 000
30136517 Suni Sami 0  0  0  0  0  0  0  0  0  0  0  0  0  0  0  0  0               200 000
23684063 Voutilainen Joona 5  0  0  0  1  1  2  78  10  0  0  0  1  0  0  3.20  16               290 000
ID Puolustaja O M S P AVM AVS VM TM JA L B ALV ALH + - JM OR X XX XXX LPP/O LPP Arvo
30136368 Ek Aleksi 0  0  0  0  0  0  0  0  0  0  0  0  0  0  0  0  0  0  0  0  0  0               205 000
24430148 Hannukkala Toni 0  0  0  0  0  0  0  0  0  0  0  0  0  0  0  0  0  0  0  0  0  0               185 000
24509817 Jurgens Casimir 13  2  1  3  0  0  0  0  0  46  4  0  0  5  -10  4  0  0  0  0  4.00  52               290 000
22148966 Kousa Mikko 11  3  4  7  0  0  1  0  0  55  2  0  0  10  -10  4  0  2  1  0  9.27  102               380 000
40371282 Lassen Stefan 13  0  2  2  0  0  0  0  0  28  1  0  0  6  -7  10  0  0  0  0  3.38  44               250 000
24806743 Leimu Juha 10  1  2  3  0  0  0  0  0  39  0  0  0  2  -5  12  0  0  0  0  5.10  51               285 000
22504610 Manelius Nico 10  0  1  1  0  0  0  0  0  10  1  0  0  3  -4  4  0  0  0  0  1.80  18               235 000
28949855 Pynnonen Jarkko 0  0  0  0  0  0  0  0  0  0  0  0  0  0  0  0  0  0  0  0  0  0               190 000
100027207 Rowley Jordan 13  0  1  1  0  0  0  0  0  33  2  0  0  8  -8  14  0  0  0  0  3.92  51               265 000
23092192 Rukajarvi Roni 4  0  2  2  0  0  0  0  0  6  0  0  0  2  -1  4  0  0  0  0  6.00  24               210 000
30730256 Ruuskanen Waltteri 0  0  0  0  0  0  0  0  0  0  0  0  0  0  0  0  0  0  0  0  0  0               195 000
100029872 Sulak Libor 13  2  7  9  0  0  2  0  0  111  2  0  1  10  -8  36  0  0  1  2  11.69  152               425 000
ID Hyokkaaja O M S P AVM AVS VM TM JA L B ALV ALH + - JM OR X XX XXX LPP/O LPP Arvo
24244606 Alanne Joonas 13  1  0  1  0  0  0  0  0  33  3  0  0  4  -4  8  0  0  1  0  3.31  43           235 000
24290689 Bjorninen Hannes 6  2  1  3  0  0  0  0  0  11  2  24  18  4  -3  2  0  0  0  0  5.67  34           275 000
21399185 Elimaki Roope 12  2  1  3  0  0  0  0  0  17  1  93  85  5  -4  0  0  0  0  0  3.08  37           225 000
24199052 Haveri Petteri 0  0  0  0  0  0  0  0  0  0  0  0  0  0  0  0  0  0  0  0  0  0           190 000
24345974 Heikkinen Arttu 1  0  0  0  0  0  0  0  0  3  1  2  2  0  0  0  0  0  0  0  3.00  3           185 000
28777551 Jantunen Jonne 3  0  0  0  0  0  0  0  0  4  1  0  0  0  0  0  0  0  0  0  1.33  4           240 000
24650025 Kangasniemi Iikka 11  0  1  1  0  0  0  0  0  11  3  1  2  1  -5  0  0  0  0  0  0.82  9           325 000
27774063 Kestila Aku 12  3  3  6  0  0  0  0  0  34  2  63  76  4  -8  0  0  0  0  0  3.92  47           235 000
22024624 Kivela Niko 0  0  0  0  0  0  0  0  0  0  0  0  0  0  0  0  0  0  0  0  0  0           200 000
22051338 Koivisto Kimi 13  1  2  3  0  0  0  0  0  28  1  5  7  4  -7  0  0  1  0  0  2.38  31           245 000
24536330 Koponen Ville-Matti 0  0  0  0  0  0  0  0  0  0  0  0  0  0  0  0  0  0  0  0  0  0           180 000
27772764 Lahtinen Severi 5  0  1  1  0  0  0  0  0  4  1  1  1  2  -2  2  0  0  0  0  2.60  13           230 000
27845730 Lipiainen Valtteri 0  0  0  0  0  0  0  0  0  0  0  0  0  0  0  0  0  0  0  0  0  0           205 000
22504856 Mankinen Jesse 13  6  4  10  0  0  1  0  0  46  5  3  6  10  -11  0  0  1  1  2  7.54  98           340 000
28208428 Moisio Kalle 0  0  0  0  0  0  0  0  0  0  0  0  0  0  0  0  0  0  0  0  0  0           165 000
22598901 Mustonen Aleksi 13  5  6  11  0  0  1  0  0  26  6  109  121  6  -7  2  0  0  1  1  6.77  88           295 000
32462030 Mustonen Joel 0  0  0  0  0  0  0  0  0  0  0  0  0  0  0  0  0  0  0  0  0  0           270 000
28552909 Makitalo Roope 0  0  0  0  0  0  0  0  0  0  0  0  0  0  0  0  0  0  0  0  0  0           170 000
23039812 Rekonen Aleksi 13  1  2  3  0  0  0  0  0  24  2  18  20  3  -5  6  0  0  0  0  2.85  37           260 000
25630280 Saarinen Jesse 10  2  5  7  0  0  0  0  0  29  2  1  2  10  -6  6  0  1  1  0  7.30  73           335 000
23197615 Salonen Samuel 0  0  0  0  0  0  0  0  0  0  0  0  0  0  0  0  0  0  0  0  0  0           195 000
27355408 Siikonen Miska 5  0  0  0  0  0  0  0  0  13  0  28  22  1  -5  2  0  0  0  0  1.80  9           280 000
30628504 Tiihonen Miika 0  0  0  0  0  0  0  0  0  0  0  0  0  0  0  0  0  0  0  0  0  0           160 000
27847136 Toivola Artturi 7  0  1  1  0  0  0  0  0  10  1  14  8  2  -1  2  0  0  0  0  2.86  20           220 000
23521841 Tyrvainen Antti 12  0  4  4  0  0  0  0  0  19  0  74  77  6  -7  4  0  0  0  0  3.25  39           265 000
25443752 Vartiainen Taavi 13  1  4  5  0  0  0  0  0  31  11  3  8  7  -4  4  0  1  0  0  5.08  66           240 000
SaiPa
ID Maalivahti O M S P V H TP TO PM NP JM OR X XX XXX LPP/O LPP Arvo
24838627 Markkanen Jussi 1  0  0  0  0  0  1  22  2  0  0  0  0  0  1  9.00  9               300 000
29969180 Tamminen Kristian 0  0  0  0  0  0  0  0  0  0  0  0  0  0  0  0  0               195 000
23486067 Tuohimaa Frans 10  0  1  1  6  3  1  250  24  1  0  0  1  0  4  9.90  99               335 000
27843800 Westerholm Niclas 2  0  0  0  0  1  1  55  7  0  0  0  0  0  0  3.50  7               255 000
ID Puolustaja O M S P AVM AVS VM TM JA L B ALV ALH + - JM OR X XX XXX LPP/O LPP Arvo
40372124 Carson Brett 13  1  2  3  0  1  0  0  0  20  4  0  0  10  -8  35  0  0  0  0  4.38  57               250 000
100032656 Denisov Vladimir 7  0  3  3  0  0  0  0  0  10  5  0  0  5  -2  16  0  0  1  0  6.14  43               305 000
22064150 Kojo Markus 0  0  0  0  0  0  0  0  0  0  0  0  0  0  0  0  0  0  0  0  0  0               215 000
28515629 Koponen Santeri 0  0  0  0  0  0  0  0  0  0  0  0  0  0  0  0  0  0  0  0  0  0               180 000
24725109 Lappalainen Lasse 10  0  1  1  0  0  1  0  0  33  4  0  0  5  -8  2  0  0  0  0  3.10  31               270 000
22487436 Maalahti Kalle 13  0  2  2  0  0  0  0  0  46  5  0  1  6  -8  2  0  0  0  0  3.46  45               310 000
30127296 Maarnela Henry 6  0  0  0  0  0  0  0  0  3  0  0  0  1  -1  4  0  0  0  0  1.17  7               200 000
40036128 Savilahti Nagander Per 3  0  0  0  0  0  0  0  0  8  0  0  0  0  0  2  0  0  0  0  2.33  7               240 000
25543115 Sneck Jere 12  0  2  2  0  0  0  0  0  16  2  0  0  7  -7  2  0  0  0  0  2.92  35               225 000
23387739 Taipalus Lauri 9  0  3  3  0  0  0  0  0  15  2  0  0  9  -10  18  0  0  0  0  4.44  40               255 000
30033458 Torikka Kasperi 0  0  0  0  0  0  0  0  0  0  0  0  0  0  0  0  0  0  0  0  0  0               175 000
30487321 Vaakanainen Urho 13  2  3  5  0  0  0  0  0  35  0  0  0  11  -7  12  0  0  0  0  5.62  73               300 000
ID Hyokkaaja O M S P AVM AVS VM TM JA L B ALV ALH + - JM OR X XX XXX LPP/O LPP Arvo
100025916 Goodwin David 13  3  5  8  0  0  2  0  0  33  1  57  83  6  -8  10  0  1  0  0  5.54  72           270 000
40431857 Hamilton Curtis 13  2  2  4  0  0  1  0  0  42  3  0  0  6  -3  6  0  0  1  0  5.15  67           330 000
27776919 Iso-Mustajarvi Tomi 0  0  0  0  0  0  0  0  0  0  0  0  0  0  0  0  0  0  0  0  0  0           195 000
21878800 Kaksonen Elmeri 11  3  3  6  0  0  1  0  0  30  4  5  4  8  -4  6  0  1  1  0  6.91  76           325 000
21996203 Kettunen Janne 0  0  0  0  0  0  0  0  0  0  0  0  0  0  0  0  0  0  0  0  0  0           200 000
24666721 Koho Ville 13  4  3  7  0  0  0  0  0  18  6  93  104  8  -7  6  0  0  0  0  4.92  64           265 000
24680176 Koski Eetu 0  0  0  0  0  0  0  0  0  0  0  0  0  0  0  0  0  0  0  0  0  0           225 000
100027950 Kunyk Cody 12  2  4  6  0  1  0  0  0  34  4  134  97  7  -4  4  0  0  0  1  6.50  78           340 000
27775305 Likola Arttu 4  1  0  1  0  0  0  0  0  4  0  0  0  2  0  0  0  0  0  0  3.25  13           215 000
22483058 Lofman Anssi 0  0  0  0  0  0  0  0  0  0  0  0  0  0  0  0  0  0  0  0  0  0           310 000
40174442 Maia Bastien 0  0  0  0  0  0  0  0  0  0  0  0  0  0  0  0  0  0  0  0  0  0           205 000
24894616 Monkare Antton 0  0  0  0  0  0  0  0  0  0  0  0  0  0  0  0  0  0  0  0  0  0           160 000
22710462 Nikko Joni 12  3  2  5  0  0  1  0  0  26  1  0  0  3  -5  0  0  1  0  0  4.00  48           255 000
22770952 Nattinen Topi 13  5  5  10  0  0  0  1  0  42  1  38  48  6  -7  10  0  1  1  1  7.08  92           335 000
23770029 Oksanen Ahti 13  5  2  7  2  0  0  0  0  49  5  2  3  7  -6  14  0  0  0  1  6.77  88           345 000
29818817 Piironen Lauri 0  0  0  0  0  0  0  0  0  0  0  0  0  0  0  0  0  0  0  0  0  0           160 000
100026800 Radke Roy 4  2  0  2  0  0  0  0  0  6  2  0  0  2  -5  0  0  1  0  0  4.50  18           260 000
23179141 Salminen Saku 13  1  3  4  0  0  1  0  0  18  3  69  72  6  -8  2  0  0  1  0  3.15  41           225 000
40005264 Sjoholm Sebastian 2  0  0  0  0  0  0  0  0  1  0  0  0  0  0  0  0  0  0  0  0.50  1           190 000
23330074 Stromberg Kim 12  2  6  8  0  0  0  0  0  28  4  1  0  8  -9  14  0  1  0  0  5.33  64           250 000
25458802 Tanus Jonatan 11  1  7  8  0  0  0  0  0  38  3  1  0  6  -5  25  0  0  0  0  5.27  58           315 000
23659810 Virkkunen Valtteri 13  0  3  3  0  0  0  0  0  19  2  5  6  5  -5  0  0  0  0  0  2.23  29           220 000
25329384 Vuoti Santeri 0  0  0  0  0  0  0  0  0  0  0  0  0  0  0  0  0  0  0  0  0  0           210 000
Tappara
ID Maalivahti O M S P V H TP TO PM NP JM OR X XX XXX LPP/O LPP Arvo
21589720 Heljanko Christian 1  0  0  0  0  0  1  21  3  0  0  0  0  0  0  4.00  4               310 000
40035616 Hrachovina Dominik 11  0  1  1  5  2  4  269  20  1  10  0  3  0  0  9.00  99               380 000
30582802 Rautiainen Kimmo 0  0  0  0  0  0  0  0  0  0  0  0  0  0  0  0  0               215 000
ID Puolustaja O M S P AVM AVS VM TM JA L B ALV ALH + - JM OR X XX XXX LPP/O LPP Arvo
21403877 Elorinne Aleksi 12  0  1  1  0  0  0  0  0  24  3  0  0  6  -6  4  0  0  0  0  2.83  34               245 000
21974869 Kemilainen Valtteri 12  2  2  4  0  0  0  0  0  50  3  0  0  5  -4  8  0  0  1  0  6.42  77               325 000
22358280 Lehtonen Mikko 9  3  3  6  0  0  0  1  1  42  0  0  0  8  -6  2  0  0  0  0  9.67  87               415 000
24890199 Mikkola Niko 12  0  1  1  0  0  0  0  0  29  3  0  0  7  -7  10  0  0  1  0  3.67  44               300 000
23000702 Rantakari Otso 1  0  1  1  0  0  0  0  0  3  0  0  0  1  -1  0  0  0  0  0  9.00  9               395 000
24127529 Rouhiainen Jere 10  0  1  1  0  0  0  0  0  12  0  0  0  2  0  0  0  0  0  0  2.00  20               205 000
24190598 Salonen Aleksi 12  0  1  1  0  0  0  0  0  26  0  1  2  5  -5  10  0  0  0  0  3.08  37               265 000
30738423 Utunen Toni 3  0  0  0  0  0  0  0  0  0  0  0  0  0  0  0  0  0  0  0  0.00  0               165 000
23680559 Vittasmaki Veli-Matti 12  1  1  2  0  0  0  1  0  18  1  0  0  6  -6  2  0  0  1  0  3.33  40               285 000
ID Hyokkaaja O M S P AVM AVS VM TM JA L B ALV ALH + - JM OR X XX XXX LPP/O LPP Arvo
21468906 Haapala Henrik 5  2  5  7  0  0  1  0  0  11  0  0  1  3  -1  0  0  1  1  0  9.60  48           380 000
21785090 Jasu Juhani 6  0  0  0  0  0  0  0  0  10  0  47  44  1  -3  2  0  0  0  0  1.33  8           260 000
21848539 Jarvinen Jan-Mikael 12  2  5  7  0  0  0  1  0  15  0  72  74  5  -6  2  0  1  0  0  4.08  49           325 000
21851458 Jarvinen Matti 12  3  5  8  0  0  4  0  0  31  1  143  91  9  -6  2  0  0  0  3  8.83  106           370 000
21924709 Karjalainen Jere 10  3  0  3  0  0  0  0  0  28  4  0  1  3  -2  4  0  0  0  0  4.40  44           300 000
24622477 Kuusela Kristian 12  4  8  12  0  0  2  0  1  39  1  6  7  10  -6  2  0  0  1  3  9.50  114           405 000
27746619 Levtchi Anton 4  0  0  0  0  0  0  0  0  5  0  0  2  0  0  4  0  0  0  0  1.50  6           190 000
28745305 Luoto Joona 10  0  3  3  0  0  0  0  0  14  2  0  0  3  -3  2  0  0  0  0  2.80  28           245 000
24064653 Makinen Otto 3  0  0  0  0  0  0  0  0  2  0  14  7  0  -2  2  0  0  0  0  1.33  4           205 000
22671530 Nenonen Markus 9  2  2  4  0  0  0  0  0  52  3  2  2  3  -7  0  0  0  0  0  5.56  50           345 000
24942005 Nurmi Teemu 6  0  0  0  0  0  0  0  0  9  2  8  10  0  -1  2  0  0  0  0  1.33  8           235 000
23764585 Ojamaki Niko 12  2  0  2  0  0  0  0  0  22  3  3  2  2  -2  4  0  1  0  0  3.17  38           280 000
22842712 Peltola Jukka 9  1  6  7  0  0  0  0  0  21  7  3  6  5  -4  6  0  0  1  1  6.78  61           385 000
25113804 Rauhala Otto 12  1  2  3  0  0  0  0  0  20  2  97  64  5  -2  0  0  0  0  0  3.67  44           275 000
25139587 Repo Sebastian 12  3  3  6  0  0  0  0  1  43  1  18  7  5  -9  27  0  0  0  0  4.92  59           365 000
40315414 Zaborsky Tomas 12  3  3  6  0  0  0  0  0  32  0  4  0  8  -4  2  0  0  1  1  5.83  70           360 000
TPS
ID Maalivahti O M S P V H TP TO PM NP JM OR X XX XXX LPP/O LPP Arvo
28628202 Kaarlehto Karolus 0  0  0  0  0  0  0  0  0  0  0  0  0  0  0  0  0               220 000
23249408 Setanen Oskari 9  0  2  2  5  1  3  248  22  0  0  0  1  0  1  10.44  94               360 000
23451584 Tirronen Rasmus 3  0  1  1  1  1  1  61  9  0  0  0  1  0  0  6.67  20               310 000
ID Puolustaja O M S P AVM AVS VM TM JA L B ALV ALH + - JM OR X XX XXX LPP/O LPP Arvo
29587960 Berger Martin 10  1  1  2  0  0  0  0  0  28  1  0  0  5  -5  2  0  0  0  1  4.20  42               235 000
100026486 Ekestahl-Jonson Lucas 12  2  4  6  0  0  1  1  0  42  1  0  0  10  -5  6  0  0  0  0  8.08  97               345 000
23806498 Eronen Elmeri 12  0  3  3  0  0  0  0  0  36  5  0  0  7  -5  0  0  0  0  0  4.50  54               270 000
24318448 Forsstrom Jani 10  0  1  1  0  0  0  0  0  14  6  0  0  4  -3  8  0  0  0  0  3.40  34               240 000
100031231 Fraser Mark 8  0  1  1  0  0  0  0  0  19  3  0  0  8  -3  24  0  0  0  0  4.13  33               255 000
24381077 Heikkinen Ilkka 8  3  1  4  0  0  0  0  0  40  5  0  0  6  -5  18  0  0  0  0  8.50  68               410 000
24479743 Juolevi Olli 12  1  1  2  0  0  0  0  0  45  3  0  0  9  -9  2  0  0  0  0  4.58  55               360 000
31765398 Kaskinen Olli 3  0  0  0  0  0  0  0  0  1  0  0  0  0  -2  0  0  0  0  0  -1.00  -3               185 000
29620597 Pylkkanen Eetu 0  0  0  0  0  0  0  0  0  0  0  0  0  0  0  0  0  0  0  0  0  0               165 000
27684548 Tallinder Henrik 11  0  6  6  0  0  0  0  0  42  4  0  0  10  -8  16  0  0  1  0  7.36  81               370 000
ID Hyokkaaja O M S P AVM AVS VM TM JA L B ALV ALH + - JM OR X XX XXX LPP/O LPP Arvo
40435937 Budish Zach 13  7  3  10  0  0  4  0  1  60  6  40  50  10  -16  2  0  1  0  1  8.46  110           400 000
24315179 Filppula Ilari 4  0  4  4  0  0  0  0  0  4  0  34  24  5  -2  2  0  0  1  1  9.50  38           435 000
40005898 Kakko Kaapo 0  0  0  0  0  0  0  0  0  0  0  0  0  0  0  0  0  0  0  0  0  0           220 000
28670140 Kallio Tomi 10  1  10  11  0  0  1  0  0  40  1  0  4  8  -10  0  0  1  2  0  7.80  78           440 000
29805082 Karvonen Elias 0  0  0  0  0  0  0  0  0  0  0  0  0  0  0  0  0  0  0  0  0  0           315 000
23837263 Kuru Hannu 12  1  1  2  0  0  0  0  0  16  2  70  66  2  -3  0  0  0  1  0  2.42  29           225 000
22266806 Lahtinen Timi 0  0  0  0  0  0  0  0  0  0  0  0  0  0  0  0  0  0  0  0  0  0           185 000
24808136 Lindsten Jasper 5  1  3  4  0  0  0  0  0  12  0  0  1  4  -3  4  0  0  1  0  7.00  35           335 000
24916798 Nieminen Otto 9  0  1  1  0  0  0  0  0  16  1  1  2  1  -2  2  0  0  0  0  1.78  16           215 000
29991637 Nurmi Markus 12  4  6  10  0  0  0  0  0  22  0  0  7  11  -2  6  0  0  1  0  6.92  83           255 000
40005897 Pajuniemi Lauri 11  2  2  4  0  0  1  1  0  24  0  0  1  5  -4  2  0  1  2  0  4.55  50           235 000
27900714 Palmu Petrus 12  4  5  9  0  0  0  0  0  50  1  4  8  8  -4  14  0  0  0  0  6.75  81           350 000
22805092 Palve Oula 13  2  8  10  0  0  1  0  1  42  1  104  75  8  -11  8  0  0  1  2  8.08  105           415 000
24977737 Perrin Eric 11  6  8  14  0  1  0  1  0  35  1  95  95  12  -10  4  0  0  0  2  10.55  116           445 000
25032105 Pikkarainen Ilkka 6  0  1  1  0  0  0  0  0  5  1  1  6  1  -1  6  0  0  0  0  2.00  12           250 000
25652103 Siiki Oskari 7  1  0  1  0  0  0  0  0  17  0  0  1  0  -2  2  0  0  0  0  2.43  17           220 000
28262723 Virta Patrik 12  5  6  11  0  0  1  0  0  44  2  75  82  9  -7  14  0  0  0  1  7.67  92           345 000
23669075 Virtanen Jonne 7  0  0  0  0  0  0  0  0  0  6  36  28  1  -3  6  0  0  0  0  1.71  12           210 000
29837610 Vayrynen Teemu 12  5  1  6  1  0  0  0  0  16  1  8  19  7  -2  6  0  0  0  0  5.17  62           240 000
Assat
ID Maalivahti O M S P V H TP TO PM NP JM OR X XX XXX LPP/O LPP Arvo
34282069 Bernard Andreas 12  0  0  0  7  4  1  304  29  1  2  0  1  2  2  8.08  97               330 000
25655472 Kiviaho Henri 1  0  0  0  0  0  0  7  2  0  0  0  0  0  0  -1.00  -1               280 000
29849488 Kiviluoma Kalle 0  0  0  0  0  0  0  0  0  0  0  0  0  0  0  0  0               210 000
ID Puolustaja O M S P AVM AVS VM TM JA L B ALV ALH + - JM OR X XX XXX LPP/O LPP Arvo
40371281 Blood Ben 12  0  4  4  0  0  0  0  0  25  4  0  0  17  -8  12  0  0  0  0  7.50  90               260 000
24311021 Ervasti Niko 0  0  0  0  0  0  0  0  0  0  0  0  0  0  0  0  0  0  0  0  0  0               160 000
40470643 Matushkin Maksim 12  2  8  10  0  0  1  0  0  47  2  0  0  10  -7  32  0  2  1  1  10.42  125               415 000
29786062 Makela Aleksi 0  0  0  0  0  0  0  0  0  0  0  0  0  0  0  0  0  0  0  0  0  0               200 000
22843711 Peltola Niko 12  1  1  2  0  0  0  0  0  31  6  0  0  9  -7  2  0  0  0  0  4.42  53               265 000
23241406 Seppala Jere 12  1  2  3  0  0  0  0  0  20  2  0  0  9  -7  6  0  0  0  0  4.58  55               300 000
23384884 Taimi Tommi 12  1  6  7  0  0  0  0  0  44  5  0  0  14  -9  6  0  0  1  0  8.83  106               360 000
23470251 Tommila Juho 12  1  4  5  0  0  0  0  0  27  2  0  0  9  -3  8  0  0  0  0  6.67  80               290 000
23485961 Tuohilampi Kristian 12  0  0  0  0  0  0  0  0  2  1  0  0  2  0  2  0  0  0  0  0.92  11               220 000
28504481 Vuorisalo Teemu 0  0  0  0  0  0  0  0  0  0  0  0  0  0  0  0  0  0  0  0  0  0               230 000
29065479 Walli Juuso 0  0  0  0  0  0  0  0  0  0  0  0  0  0  0  0  0  0  0  0  0  0               195 000
ID Hyokkaaja O M S P AVM AVS VM TM JA L B ALV ALH + - JM OR X XX XXX LPP/O LPP Arvo
24271404 Appelgren Niklas 11  3  1  4  0  0  1  0  0  26  1  34  51  6  -3  4  0  0  0  0  4.64  51           230 000
21667257 Huhtanen Tuomas 8  0  1  1  0  0  0  0  0  9  1  0  1  2  -3  4  0  0  0  0  1.75  14           220 000
100025459 Insam Marco 11  0  3  3  0  0  0  0  0  14  1  1  1  4  -2  0  0  0  0  0  2.55  28           250 000
27852901 Juhola Jouka 1  0  0  0  0  0  0  0  0  0  0  0  0  0  0  0  0  0  0  0  0.00  0           200 000
21829260 Juusela Aki 0  0  0  0  0  0  0  0  0  0  0  0  0  0  0  0  0  0  0  0  0  0           195 000
22101686 Korhonen Ville 12  5  6  11  0  0  0  0  0  35  0  6  12  9  -9  2  0  0  0  0  6.67  80           305 000
28976718 Kotkaniemi Jesperi 10  2  4  6  0  0  1  0  0  25  2  8  4  7  -6  6  0  0  0  0  6.30  63           285 000
24608682 Kuparinen Matti 11  1  8  9  0  1  0  0  0  10  6  125  91  13  -3  4  0  1  1  0  8.27  91           315 000
22227780 Karki Jarno 12  4  8  12  0  0  1  0  0  42  1  40  48  11  -4  25  0  0  0  2  8.08  97           340 000
100027457 Laganiere Antoine 12  5  4  9  0  0  1  1  0  47  0  2  7  11  -6  14  0  1  1  0  7.50  90           345 000
24719953 Lamberg Matti 11  1  1  2  0  0  0  0  0  12  1  1  0  4  -3  33  0  0  0  0  2.27  25           215 000
22479185 Lahteenmaki Sami 1  0  0  0  0  0  0  0  0  2  0  2  1  0  -1  0  0  0  0  0  1.00  1           280 000
24881755 Makkonen Jussi 12  6  3  9  1  0  0  0  0  39  5  136  131  10  -10  2  0  0  2  0  8.00  96           335 000
40266650 Mcrae Philip 6  0  0  0  0  0  0  0  0  21  0  30  32  1  -4  2  0  0  0  0  2.00  12           300 000
23155013 Saha Mikael 1  0  0  0  0  0  0  0  0  0  0  2  7  0  0  0  0  0  0  0  -2.00  -2           210 000
23179112 Salminen Sakari 11  5  9  14  0  0  2  0  0  32  0  0  0  14  -8  16  0  2  0  1  10.45  115           380 000
23181087 Salmio Mikko 0  0  0  0  0  0  0  0  0  0  0  0  0  0  0  0  0  0  0  0  0  0           270 000
25651492 Suoranta Simon 12  6  4  10  2  0  0  0  0  40  5  0  0  9  -9  4  0  1  0  1  8.75  105           360 000
23398634 Tammi Valtteri 0  0  0  0  0  0  0  0  0  0  0  0  0  0  0  0  0  0  0  0  0  0           185 000
24177618 Varttinen Matias 2  0  0  0  0  0  0  0  0  2  0  0  0  0  0  0  0  0  0  0  1.00  2           210 000
