HIFK
ID Maalivahti O M S P V H TP TO PM NP JM OR X XX XXX LPP/O LPP Arvo
24288659 Backstrom Niklas 0  0  0  0  0  0  0  0  0  0  0  0  0  0  0  0  0               305 000
21406421 Engren Atte 2  0  0  0  1  1  0  57  7  0  0  0  0  0  0  5.50  11               340 000
28890904 Halonen Niilo 0  0  0  0  0  0  0  0  0  0  0  0  0  0  0  0  0               203 000
24185189 Lankinen Kevin 13  0  0  0  7  5  0  363  25  0  0  0  0  5  3  10.08  131               500 000
Karpat
32498965 Annunen Justus 0  0  0  0  0  0  0  0  0  0  0  0  0  0  0  0  0               210 500
30040247 Heikkinen Vilho 0  0  0  0  0  0  0  0  0  0  0  0  0  0  0  0  0               215 000
23109412 Rynnas Jussi 2  0  0  0  1  1  0  28  4  0  0  0  0  1  0  3.00  6               348 500
29924154 Vehvilainen Veini 15  0  0  0  10  4  0  331  23  2  0  0  4  1  1  8.67  130               566 500
Tappara
21589720 Heljanko Christian 0  0  0  0  0  0  0  0  0  0  0  0  0  0  0  0  0               310 000
40035616 Hrachovina Dominik 14  0  1  1  9  5  0  382  30  3  0  0  1  2  1  11.64  163               578 500
30582802 Rautiainen Kimmo 0  0  0  0  0  0  0  0  0  0  0  0  0  0  0  0  0               215 000
TPS
28628202 Kaarlehto Karolus 0  0  0  0  0  0  0  0  0  0  0  0  0  0  0  0  0               220 000
23249408 Setanen Oskari 8  0  0  0  2  4  0  181  22  0  0  0  0  1  0  3.50  28               347 500
23451584 Tirronen Rasmus 5  0  0  0  2  3  0  102  7  1  0  0  1  0  0  7.20  36               343 000
HIFK
ID Puolustaja O M S P AVM AVS VM TM JA L B ALV ALH + - JM OR X XX XXX LPP/O LPP Arvo
21415137 Eronen Teemu 14  3  3  6  0  0  2  0  0  42  5  0  0  10  -7  12  0  0  0  1  7.79  109               495 500
40431556 Finley Joe 1  0  0  0  0  0  0  0  0  1  2  0  0  1  0  25  0  0  0  0  -3.00  -3               228 500
28843210 Heiskanen Miro 14  3  6  9  0  0  0  0  0  67  2  0  0  17  -11  18  0  1  0  1  9.79  137               577 000
24555256 Kankaanpera Markus 12  1  0  1  0  0  0  0  0  9  4  0  0  4  -4  8  0  1  0  0  2.67  32               280 000
24235673 Kaski Oliwer 13  3  4  7  0  0  0  1  0  44  0  0  0  9  -7  0  0  0  2  0  7.31  95               401 000
40310918 O'connor Ryan 14  1  2  3  0  0  0  0  0  35  2  0  0  11  -7  2  0  0  0  0  4.71  66               395 000
23167645 Salmela Saku 4  0  1  1  0  0  0  0  0  4  0  0  0  2  0  2  0  0  0  0  4.25  17               273 500
23170797 Salmi Juuso 2  0  0  0  0  0  0  0  0  2  2  0  0  0  0  0  0  0  0  0  1.00  2               238 500
23424825 Teppo Miihkali 10  0  0  0  0  0  0  0  0  10  1  0  0  3  -6  0  0  0  0  0  0.50  5               270 500
30692420 Ulander Elias 0  0  0  0  0  0  0  0  0  0  0  0  0  0  0  0  0  0  0  0  0  0               215 000
25357521 Varakas Ville 14  0  2  2  0  1  0  0  0  25  8  0  0  7  -6  10  0  0  0  0  4.00  56               336 500
30482177 Winberg Tobias 0  0  0  0  0  0  0  0  0  0  0  0  0  0  0  0  0  0  0  0  0  0               200 000
Karpat
21494006 Hakanpaa Jani 16  3  4  7  0  0  0  0  0  58  6  0  0  13  -6  18  0  0  1  3  9.06  145               514 500
40428666 Heshka Shaun 16  4  5  9  0  0  2  0  0  69  1  1  0  14  -8  8  0  1  1  0  9.25  148               573 500
24353539 Huttula Joona 3  0  0  0  0  0  0  0  0  1  1  0  0  0  0  0  0  0  0  0  0.67  2               202 000
100026177 Kivihalme Teemu 16  0  0  0  0  0  0  0  0  45  3  0  1  9  -8  8  0  0  0  0  2.94  47               376 000
22051859 Koivisto Miika 13  2  3  5  0  0  0  0  0  59  4  0  0  11  -8  6  0  1  0  0  7.23  94               537 500
30379468 Korhonen Juho 0  0  0  0  0  0  0  0  0  0  0  0  0  0  0  0  0  0  0  0  0  0               185 000
40312846 Kukkonen Lasse 16  3  2  5  0  0  0  0  0  25  7  0  0  10  -12  10  0  0  0  0  4.75  76               383 000
24825038 Makela Aleksi 0  0  0  0  0  0  0  0  0  0  0  0  0  0  0  0  0  0  0  0  0  0               235 000
22679723 Niemela Mikko 0  0  0  0  0  0  0  0  0  0  0  0  0  0  0  0  0  0  0  0  0  0               240 000
29679441 Ronkainen Taneli 16  0  4  4  0  0  0  0  0  23  1  0  0  11  -11  8  0  0  0  0  3.75  60               345 000
23255023 Siikaluoma Taneli 2  0  0  0  0  0  0  0  0  1  0  0  0  0  0  0  0  0  0  0  0.50  1               207 500
25499434 Tanhua Samuli 0  0  0  0  0  0  0  0  0  0  0  0  0  0  0  0  0  0  0  0  0  0               190 000
Tappara
21403877 Elorinne Aleksi 14  0  3  3  0  0  0  0  0  20  7  0  0  6  -8  2  0  0  0  0  2.93  41               321 500
21974869 Kemilainen Valtteri 14  1  0  1  0  0  0  0  0  35  2  0  1  5  -5  12  0  0  0  0  3.29  46               361 500
22358280 Lehtonen Mikko 14  1  2  3  0  0  0  0  0  45  3  0  0  7  -8  10  0  0  0  0  4.57  64               494 000
24890199 Mikkola Niko 14  0  1  1  0  0  0  0  0  29  3  0  0  14  -6  10  0  0  0  0  4.71  66               399 000
23000702 Rantakari Otso 13  2  6  8  0  0  0  1  0  63  4  0  0  7  -6  34  0  0  1  0  8.31  108               544 000
24127529 Rouhiainen Jere 0  0  0  0  0  0  0  0  0  0  0  0  0  0  0  0  0  0  0  0  0  0               203 500
24190598 Salonen Aleksi 14  2  0  2  0  0  1  0  0  20  5  0  0  5  -4  2  0  0  2  0  3.57  50               336 000
30738423 Utunen Toni 0  0  0  0  0  0  0  0  0  0  0  0  0  0  0  0  0  0  0  0  0  0               175 500
23680559 Vittasmaki Veli-Matti 14  0  3  3  0  0  0  0  0  29  3  0  0  9  -7  2  0  0  0  0  3.71  52               365 000
TPS
29587960 Berger Martin 6  0  1  1  0  0  0  0  0  20  1  0  0  1  -1  0  0  0  0  0  3.17  19               245 000
100026486 Ekestahl-Jonson Lucas 11  1  1  2  0  0  0  0  0  29  2  0  0  3  -4  0  0  0  0  0  2.91  32               337 000
23806498 Eronen Elmeri 10  1  2  3  0  0  0  0  0  13  2  0  0  7  -4  6  0  0  0  0  5.10  51               297 000
24318448 Forsstrom Jani 11  1  1  2  0  0  0  0  0  12  3  0  0  3  -5  8  0  0  0  0  3.00  33               273 000
100031231 Fraser Mark 11  0  0  0  0  0  0  0  0  26  6  0  0  4  -7  8  0  0  0  0  2.64  29               277 000
24381077 Heikkinen Ilkka 11  0  5  5  0  0  0  0  0  57  9  0  0  8  -8  4  0  0  0  0  7.18  79               466 500
24479743 Juolevi Olli 11  2  5  7  0  0  0  0  0  46  4  0  0  11  -6  0  0  1  0  0  9.18  101               443 000
31765398 Kaskinen Olli 1  0  0  0  0  0  0  0  0  1  0  0  0  0  0  0  0  0  0  0  1.00  1               187 500
29620597 Pylkkanen Eetu 0  0  0  0  0  0  0  0  0  0  0  0  0  0  0  0  0  0  0  0  0  0               172 500
27684548 Tallinder Henrik 5  0  3  3  0  0  0  0  0  13  2  0  0  4  -5  16  0  0  0  0  6.20  31               381 000
HIFK
ID Hyokkaaja O M S P AVM AVS VM TM JA L B ALV ALH + - JM OR X XX XXX LPP/O LPP Arvo
24272490 Ahtola Jerry 4  0  0  0  0  0  0  0  0  1  1  7  17  0  -3  2  0  0  0  0  -0.75  -3           225 500
100026105 Carlsson Patrik 14  5  5  10  0  0  1  0  0  44  3  63  99  12  -10  2  0  0  0  2  6.29  88           426 500
29695519 Engberg Teemu 5  0  2  2  0  0  0  0  0  4  1  0  0  3  -1  2  0  0  0  0  3.60  18           238 500
24451091 Haataja Juha-Pekka 14  4  6  10  0  0  1  2  0  47  0  0  1  12  -3  2  0  0  0  0  7.21  101           464 500
30731093 Hamalainen Janne 0  0  0  0  0  0  0  0  0  0  0  0  0  0  0  0  0  0  0  0  0  0           203 500
30345845 Jaaska Juha 13  2  0  2  0  0  0  0  0  16  1  3  2  3  -8  2  0  0  0  0  1.85  24           255 000
31639314 Kulmala Lauri 0  0  0  0  0  0  0  0  0  0  0  0  0  0  0  0  0  0  0  0  0  0           172 500
22497989 Malinen Jarkko 13  3  7  10  0  0  1  0  0  26  3  108  104  10  -3  4  0  0  0  0  6.92  90           424 000
24880895 Mieho Panu 12  1  1  2  0  0  0  0  0  19  5  42  72  6  -3  18  0  0  1  0  2.33  28           249 000
29615777 Nordgren Niklas 0  0  0  0  0  0  0  0  0  0  0  0  0  0  0  0  0  0  0  0  0  0           210 000
22756329 Nykopp Thomas 1  0  0  0  0  0  0  0  0  0  0  1  13  0  0  2  0  0  0  0  -1.00  -1           304 000
25012824 Petrell Lennart 14  2  2  4  0  0  1  0  0  51  14  3  23  7  -5  6  0  1  0  1  5.00  70           395 000
23017821 Rask Joonas 14  2  7  9  0  0  0  0  0  29  1  3  8  8  -9  6  0  0  0  1  5.00  70           424 000
23311954 Sopanen Vili 11  1  3  4  0  0  1  0  0  41  1  2  6  6  -4  14  0  0  0  0  4.36  48           460 000
23394612 Tallberg Teemu 14  3  6  9  1  0  0  0  0  28  4  8  12  9  -4  0  0  0  1  0  5.79  81           405 500
25500873 Tamminen Henri 1  0  0  0  0  0  0  0  0  2  0  0  0  0  0  0  0  0  0  0  1.00  1           204 000
40431403 Thorell Erik 13  3  6  9  0  0  1  0  0  46  0  0  1  12  -10  0  0  1  1  0  6.69  87           486 500
23521977 Tyrvainen Juhani 11  2  4  6  0  1  0  1  0  23  3  155  116  5  -4  2  0  0  0  0  6.09  67           446 000
23793763 Asten Micke-Max 14  0  2  2  0  0  0  0  0  14  11  13  19  4  -5  16  0  0  0  0  3.21  45           291 500
Karpat
21330445 Anttila Sami 11  1  3  4  0  0  0  0  0  14  4  0  1  5  -2  2  0  0  0  1  3.82  42           275 500
34254136 Bertrand Charles 16  4  3  7  0  0  1  0  0  91  1  3  2  10  -8  12  0  2  0  0  7.25  116           607 500
24406130 Hermonen Julius 0  0  0  0  0  0  0  0  0  0  0  0  0  0  0  0  0  0  0  0  0  0           190 000
21673131 Humaloja Miska 12  1  1  2  0  0  1  0  0  15  5  52  48  5  -3  14  0  1  0  0  3.00  36           296 000
24464062 Ikonen Jasse 13  1  0  1  0  0  1  0  0  19  1  52  47  2  -4  8  0  0  0  0  2.23  29           275 000
21817612 Junnila Jyri 7  0  0  0  0  0  0  0  0  11  2  2  5  0  -2  2  0  0  0  0  1.29  9           231 000
21819267 Junttila Julius 16  7  5  12  0  1  1  3  0  48  2  4  7  15  -6  6  0  0  1  2  8.31  133           616 500
23891364 Kangas Kristian 0  0  0  0  0  0  0  0  0  0  0  0  0  0  0  0  0  0  0  0  0  0           185 000
21940848 Karvinen Otto 16  1  1  2  0  0  0  0  0  20  6  3  10  4  -5  18  0  0  0  0  1.94  31           292 500
40245614 Koblizek Radek 5  0  1  1  0  0  0  0  0  6  1  0  0  1  -1  0  0  0  0  0  2.20  11           232 500
24538367 Koivisto Juha 14  1  2  3  0  0  1  0  0  19  3  3  6  8  -2  0  0  0  0  1  3.29  46           287 500
28727446 Koskenkorva Jesse 0  0  0  0  0  0  0  0  0  0  0  0  0  0  0  0  0  0  0  0  0  0           195 000
29551488 Kuiri Niko 0  0  0  0  0  0  0  0  0  0  0  0  0  0  0  0  0  0  0  0  0  0           174 000
31635185 Kupari Rasmus 6  0  0  0  0  0  0  0  0  15  1  25  25  1  -2  4  0  0  0  0  2.33  14           243 000
100026171 Lasu Nicklas 16  0  4  4  0  0  0  0  0  30  3  113  110  8  -8  8  0  2  0  0  3.50  56           414 000
22393300 Leskinen Ville 15  1  8  9  0  0  1  0  0  66  0  0  0  7  -4  0  0  0  1  0  6.00  90           542 000
24895372 Maenalanen Saku 16  5  5  10  1  0  1  0  0  50  6  65  78  13  -7  16  0  0  0  0  6.63  106           504 500
25126574 Ruohomaa Mikael 15  3  5  8  1  0  1  0  0  55  0  156  152  10  -7  4  0  0  0  1  6.33  95           577 000
25589140 Sailio Jari 12  1  1  2  0  0  0  0  0  17  2  1  0  4  -5  10  0  0  0  0  3.00  36           286 500
29885743 Vesalainen Kristian 16  4  3  7  0  0  1  0  0  54  2  3  5  6  -8  14  0  0  2  0  4.88  78           481 500
Tappara
21468906 Haapala Henrik 12  4  4  8  0  0  1  1  0  25  3  1  3  3  -4  27  0  0  0  1  4.92  59           458 000
21785090 Jasu Juhani 14  4  2  6  1  0  0  0  0  25  3  145  132  6  -9  14  0  0  0  0  4.43  62           380 000
21848539 Jarvinen Jan-Mikael 14  3  5  8  0  0  0  0  0  22  0  59  73  9  -6  6  0  0  3  0  5.00  70           441 500
21851458 Jarvinen Matti 14  3  4  7  0  0  1  0  0  33  1  116  109  10  -8  10  0  1  1  1  6.07  85           470 500
21924709 Karjalainen Jere 11  1  1  2  0  0  1  0  0  26  5  1  0  2  -3  4  0  0  0  1  3.73  41           355 000
24622477 Kuusela Kristian 14  4  7  11  0  0  0  0  0  51  0  5  7  12  -8  16  0  0  0  1  7.00  98           540 000
27746619 Levtchi Anton 0  0  0  0  0  0  0  0  0  0  0  0  0  0  0  0  0  0  0  0  0  0           190 000
28745305 Luoto Joona 11  0  2  2  0  0  0  0  0  25  3  0  0  3  -6  0  0  0  0  0  2.36  26           292 000
24064653 Makinen Otto 0  0  0  0  0  0  0  0  0  0  0  0  0  0  0  0  0  0  0  0  0  0           205 000
22671530 Nenonen Markus 6  0  0  0  0  0  0  0  0  15  0  0  0  1  -1  2  0  0  0  0  1.83  11           354 500
24942005 Nurmi Teemu 3  1  0  1  0  0  0  0  0  4  0  1  1  1  0  0  0  0  0  0  3.67  11           250 500
23764585 Ojamaki Niko 14  1  0  1  0  0  1  0  0  23  5  4  7  3  -6  0  0  0  0  0  1.64  23           313 500
22842712 Peltola Jukka 14  4  7  11  0  1  1  0  0  36  9  4  12  13  -7  2  0  1  0  2  7.71  108           527 500
25113804 Rauhala Otto 14  0  2  2  0  0  0  0  0  15  2  88  66  4  -3  29  0  0  0  0  1.86  26           321 000
25139587 Repo Sebastian 14  4  3  7  0  0  3  0  0  51  3  5  7  5  -6  41  0  0  0  2  6.57  92           489 500
40315414 Zaborsky Tomas 14  2  6  8  0  0  0  0  0  35  0  1  1  8  -6  6  0  1  0  0  5.36  75           460 500
TPS
40435937 Budish Zach 11  2  3  5  0  0  1  0  0  39  2  10  11  5  -5  10  0  0  0  0  5.91  65           430 500
24315179 Filppula Ilari 11  1  9  10  0  0  0  1  0  31  1  86  73  9  -8  4  0  1  1  1  8.00  88           508 500
40005898 Kakko Kaapo 0  0  0  0  0  0  0  0  0  0  0  0  0  0  0  0  0  0  0  0  0  0           220 000
28670140 Kallio Tomi 7  0  4  4  0  0  0  0  0  33  0  0  5  5  -5  4  0  2  0  0  6.00  42           483 000
29805082 Karvonen Elias 0  0  0  0  0  0  0  0  0  0  0  0  0  0  0  0  0  0  0  0  0  0           315 000
23837263 Kuru Hannu 10  0  0  0  0  0  0  0  0  13  3  63  63  1  -5  2  0  0  0  0  1.00  10           233 500
22266806 Lahtinen Timi 0  0  0  0  0  0  0  0  0  0  0  0  0  0  0  0  0  0  0  0  0  0           185 000
24808136 Lindsten Jasper 5  1  0  1  0  0  1  0  0  12  1  0  0  2  -2  4  0  0  0  1  5.00  25           347 500
24916798 Nieminen Otto 0  0  0  0  0  0  0  0  0  0  0  0  0  0  0  0  0  0  0  0  0  0           215 000
29991637 Nurmi Markus 11  0  1  1  0  0  0  0  0  29  2  0  1  2  -7  2  0  0  0  0  2.00  22           215 500
40005897 Pajuniemi Lauri 9  3  1  4  0  0  0  0  0  23  0  0  0  4  -1  2  0  0  0  0  5.00  45           275 500
27900714 Palmu Petrus 11  4  2  6  0  0  1  0  0  45  0  2  4  5  -4  4  0  1  2  0  6.64  73           409 000
22805092 Palve Oula 11  4  8  12  0  0  0  2  0  37  2  107  83  7  -6  6  0  1  1  1  10.00  110           511 500
24977737 Perrin Eric 10  6  3  9  0  0  0  0  0  44  0  51  57  9  -7  4  0  1  0  0  8.70  87           512 000
25032105 Pikkarainen Ilkka 10  0  0  0  0  0  0  0  0  31  2  3  6  1  -5  22  0  0  0  0  2.30  23           267 000
25652103 Siiki Oskari 0  0  0  0  0  0  0  0  0  0  0  0  0  0  0  0  0  0  0  0  0  0           220 000
28262723 Virta Patrik 8  2  1  3  0  0  0  0  0  24  2  26  36  2  -4  0  0  0  0  0  3.63  29           350 000
23669075 Virtanen Jonne 7  1  2  3  0  0  0  0  0  3  1  31  29  5  -1  2  0  0  0  0  4.00  28           239 500
29837610 Vayrynen Teemu 11  1  1  2  0  0  1  0  0  22  2  2  11  6  -6  2  0  0  0  1  3.18  35           224 000
