HIFK
ID Maalivahti O M S P V H TP TO PM NP JM OR X XX XXX LPP/O LPP Arvo
24288659 Backstrom Niklas 1  0  0  0  0  0  0  9  0  0  0  0  0  0  0  1.00  1               305 000
21406421 Engren Atte 7  0  0  0  1  3  3  150  23  1  0  0  0  1  0  3.86  27               345 000
28890904 Halonen Niilo 0  0  0  0  0  0  0  0  0  0  0  0  0  0  0  0  0               170 000
24185189 Lankinen Kevin 7  0  0  0  5  1  1  152  10  2  0  0  3  1  1  11.86  83               340 000
ID Puolustaja O M S P AVM AVS VM TM JA L B ALV ALH + - JM OR X XX XXX LPP/O LPP Arvo
21415137 Eronen Teemu 0  0  0  0  0  0  0  0  0  0  0  0  0  0  0  0  0  0  0  0  0  0               370 000
40431556 Finley Joe 1  0  0  0  0  0  0  0  0  0  0  0  0  1  -1  0  0  0  0  0  1.00  1               230 000
28843210 Heiskanen Miro 2  2  1  3  1  0  0  0  0  10  0  0  0  4  -1  0  0  0  0  1  23.50  47               420 000
24555256 Kankaanpera Markus 13  0  2  2  0  0  0  0  0  11  5  0  0  11  -7  4  0  1  0  0  3.54  46               245 000
24235673 Kaski Oliwer 14  4  2  6  0  0  0  0  0  47  2  0  0  7  -10  2  0  0  1  0  5.93  83               330 000
40310918 O'connor Ryan 6  0  2  2  0  0  0  0  0  26  0  0  0  3  -4  0  0  0  0  0  4.50  27               340 000
23167645 Salmela Saku 13  0  2  2  0  0  0  0  0  38  3  2  2  3  -11  10  0  0  0  0  2.54  33               250 000
23170797 Salmi Juuso 14  0  2  2  0  1  0  0  0  24  8  0  0  7  -9  0  0  0  0  0  2.64  37               235 000
23424825 Teppo Miihkali 13  1  6  7  0  0  0  0  0  15  9  0  0  13  -10  4  0  1  0  0  6.62  86               260 000
30692420 Ulander Elias 12  0  2  2  0  0  0  0  0  17  0  0  0  2  -2  0  0  0  0  0  2.08  25               225 000
25357521 Varakas Ville 10  1  2  3  0  0  0  1  0  27  4  0  0  6  -9  29  0  0  0  0  3.80  38               270 000
30482177 Winberg Tobias 1  0  0  0  0  0  0  0  0  0  0  0  0  0  0  0  0  0  0  0  0.00  0               200 000
ID Hyokkaaja O M S P AVM AVS VM TM JA L B ALV ALH + - JM OR X XX XXX LPP/O LPP Arvo
24272490 Ahtola Jerry 11  0  0  0  0  0  0  0  0  7  0  14  31  1  -8  0  0  0  0  0  -0.82  -9           245 000
100026105 Carlsson Patrik 10  4  3  7  0  0  1  0  1  41  2  20  31  8  -6  2  0  0  1  1  8.10  81           365 000
29695519 Engberg Teemu 10  1  1  2  0  0  0  0  0  11  0  1  1  3  -5  0  0  1  0  0  2.00  20           200 000
24451091 Haataja Juha-Pekka 11  0  2  2  0  0  0  0  0  28  1  0  1  4  -6  22  0  0  0  0  1.91  21           360 000
30731093 Hamalainen Janne 6  0  0  0  0  0  0  0  0  6  0  2  2  0  -3  0  0  0  0  0  0.33  2           175 000
30345845 Jaaska Juha 7  0  0  0  0  0  0  0  0  6  5  4  1  4  -2  2  0  0  0  0  2.71  19           215 000
31639314 Kulmala Lauri 2  0  0  0  0  0  0  0  0  1  0  4  5  1  0  0  0  0  0  0  1.00  2           170 000
22497989 Malinen Jarkko 14  5  3  8  0  0  2  0  0  26  1  108  95  8  -10  2  0  1  0  2  5.79  81           315 000
24880895 Mieho Panu 12  1  2  3  0  1  0  0  0  20  3  60  62  5  -3  4  0  0  1  0  3.75  45           215 000
29615777 Nordgren Niklas 5  0  2  2  0  0  0  0  0  11  1  0  0  4  -2  0  0  1  0  0  4.40  22           225 000
22756329 Nykopp Thomas 7  1  1  2  0  0  1  0  0  7  5  54  42  4  -2  14  0  0  0  0  4.29  30           310 000
25012824 Petrell Lennart 14  5  4  9  0  0  1  0  1  48  4  18  13  8  -6  27  0  0  1  1  6.79  95           305 000
23017821 Rask Joonas 2  2  3  5  0  0  0  0  0  4  0  1  0  4  0  0  0  0  1  0  18.50  37           345 000
23311954 Sopanen Vili 14  5  7  12  0  0  1  0  0  77  1  2  1  12  -9  6  0  1  1  0  9.07  127           415 000
23394612 Tallberg Teemu 13  5  2  7  1  1  0  0  0  31  2  4  7  13  -8  0  0  0  1  1  6.54  85           315 000
25500873 Tamminen Henri 0  0  0  0  0  0  0  0  0  0  0  0  0  0  0  0  0  0  0  0  0  0           210 000
40431403 Thorell Erik 14  2  8  10  0  0  1  0  0  44  0  8  14  8  -11  4  0  1  1  2  6.14  86           380 000
23521977 Tyrvainen Juhani 14  3  6  9  0  0  0  0  0  25  3  107  108  11  -12  18  0  0  0  0  6.29  88           350 000
23793763 Asten Micke-Max 14  0  2  2  0  0  0  0  0  20  7  5  12  2  -9  4  0  0  0  0  1.43  20           230 000
HPK
ID Maalivahti O M S P V H TP TO PM NP JM OR X XX XXX LPP/O LPP Arvo
27828252 Larmi Emil 10  0  0  0  5  0  3  224  23  1  2  0  0  1  3  8.40  84               365 000
29652963 Luukkonen Ukko-Pekka 1  0  0  0  0  1  0  6  2  0  0  0  0  0  0  -3.00  -3               290 000
ID Puolustaja O M S P AVM AVS VM TM JA L B ALV ALH + - JM OR X XX XXX LPP/O LPP Arvo
29780877 Almari Niclas 8  0  0  0  0  0  0  0  0  20  3  0  0  2  -9  0  0  0  0  0  0.38  3               260 000
23837234 Friman Niklas 11  0  2  2  0  0  0  0  0  24  5  0  0  7  -7  2  0  0  0  0  3.73  41               255 000
24229715 Jalonen Jimi 0  0  0  0  0  0  0  0  0  0  0  0  0  0  0  0  0  0  0  0  0  0               180 000
21926286 Karjalainen Miro 3  1  0  1  0  0  0  0  0  6  2  0  0  1  0  27  0  0  0  0  3.67  11               200 000
28942315 Laavainen Roope 10  0  3  3  0  0  0  0  0  8  1  0  0  4  -3  0  0  0  0  0  3.10  31               230 000
30644067 Latvala Otto 0  0  0  0  0  0  0  0  0  0  0  0  0  0  0  0  0  0  0  0  0  0               170 000
22346140 Lehtivuori Joonas 11  5  9  14  1  0  2  0  0  43  6  0  0  9  -7  2  0  1  0  1  14.00  154               395 000
100025980 Lindgren Jesper 10  1  2  3  0  0  0  0  0  24  4  0  0  7  -7  2  0  1  0  1  5.30  53               295 000
31209498 Niemelainen Markus 11  1  1  2  0  0  0  0  0  16  3  0  0  4  -8  8  0  0  0  0  2.91  32               225 000
22709389 Nikkila Petteri 9  0  4  4  0  0  0  0  0  30  6  0  0  7  -9  8  0  0  0  0  6.33  57               290 000
23775707 Olkkonen Joel 0  0  0  0  0  0  0  0  0  0  0  0  0  0  0  0  0  0  0  0  0  0               195 000
40457166 Porseland Mathias 0  0  0  0  0  0  0  0  0  0  0  0  0  0  0  0  0  0  0  0  0  0               300 000
ID Hyokkaaja O M S P AVM AVS VM TM JA L B ALV ALH + - JM OR X XX XXX LPP/O LPP Arvo
29690417 Innala Jere 5  0  3  3  0  0  0  0  0  8  1  0  2  3  -5  0  0  0  0  0  3.40  17           240 000
21870028 Kainulainen Harri 7  1  0  1  0  0  0  1  0  9  0  5  9  3  -2  0  0  0  0  0  2.14  15           220 000
24555418 Keranen Juho 5  2  1  3  0  0  0  0  0  13  0  3  0  3  -6  2  0  1  0  0  5.80  29           235 000
40432227 Krivosik Filip 0  0  0  0  0  0  0  0  0  0  0  0  0  0  0  0  0  0  0  0  0  0           180 000
28934365 Kuusisto Jaakko 10  0  1  1  0  0  0  0  0  16  2  0  0  1  -1  4  0  2  0  0  2.30  23           205 000
24772275 Lahti Janne 9  1  0  1  0  0  0  0  0  20  3  0  2  4  -1  6  0  0  0  0  3.56  32           310 000
24703147 Lehtonen Mikko 5  0  0  0  0  0  0  0  0  13  0  1  0  1  -3  2  0  0  0  0  2.20  11           265 000
22366599 Leino Robert 2  0  2  2  0  0  0  0  0  5  1  12  6  1  -3  0  0  0  0  0  6.50  13           345 000
30391284 Maansaari Olli 0  0  0  0  0  0  0  0  0  0  0  0  0  0  0  0  0  0  0  0  0  0           190 000
30137341 Maatta Niilo-Kustaa 0  0  0  0  0  0  0  0  0  0  0  0  0  0  0  0  0  0  0  0  0  0           195 000
27752328 Paajanen Otto 11  5  2  7  0  0  0  0  0  27  3  127  94  7  -6  4  0  1  1  0  7.18  79           355 000
22805092 Palve Oula 11  5  12  17  1  0  2  0  1  42  4  90  74  8  -7  8  0  0  1  2  13.36  147           435 000
23097498 Ruokonen Miro 9  1  0  1  1  0  0  0  0  15  1  0  2  3  -2  2  0  0  0  0  2.78  25           230 000
23264399 Sillanpaa Severi 11  0  2  2  0  1  0  0  0  10  3  64  48  2  -4  2  0  0  0  0  2.36  26           225 000
23509177 Turtiainen Jaakko 7  0  0  0  0  0  0  0  0  7  1  2  5  0  -3  27  0  0  0  0  -0.86  -6           220 000
25506929 Turunen Teemu 11  4  3  7  0  0  0  1  0  45  1  1  3  7  -7  4  0  0  0  0  6.45  71           350 000
25489224 Tuulola Eetu 9  3  4  7  0  0  1  0  0  27  0  3  4  4  -6  0  0  0  0  0  6.00  54           325 000
29885743 Vesalainen Kristian 9  6  7  13  0  0  2  0  0  50  1  0  2  8  -10  0  0  0  1  2  11.89  107           390 000
25364666 Viitaluoma Ville 11  1  3  4  0  0  0  0  0  12  1  63  80  5  -8  2  0  1  0  0  2.45  27           300 000
Ilves
ID Maalivahti O M S P V H TP TO PM NP JM OR X XX XXX LPP/O LPP Arvo
24329479 Helenius Riku 5  0  0  0  2  1  1  94  16  0  0  0  0  0  0  2.20  11               305 000
22353515 Lehtonen Antti 11  0  0  0  2  4  4  206  28  0  0  0  0  0  0  2.36  26               315 000
29857823 Ruusu Markus 0  0  0  0  0  0  0  0  0  0  0  0  0  0  0  0  0               260 000
30049772 Urpolahti Waltteri 0  0  0  0  0  0  0  0  0  0  0  0  0  0  0  0  0               185 000
ID Puolustaja O M S P AVM AVS VM TM JA L B ALV ALH + - JM OR X XX XXX LPP/O LPP Arvo
100031131 Flood Mark 14  0  0  0  0  0  0  0  0  41  8  0  0  10  -16  6  0  0  0  0  2.36  33               300 000
27828414 Ilomaki Valtteri 0  0  0  0  0  0  0  0  0  0  0  0  0  0  0  0  0  0  0  0  0  0               175 000
29995510 Laaksonen Oskari 8  0  1  1  0  0  0  0  0  16  0  0  0  1  -4  0  0  1  0  0  1.50  12               200 000
24786410 Laatikainen Arto 10  0  1  1  0  0  0  0  0  12  2  0  0  5  -8  2  0  1  0  0  1.90  19               235 000
27362239 Mantyla Henry 0  0  0  0  0  0  0  0  0  0  0  0  0  0  0  0  0  0  0  0  0  0               155 000
28905831 Parikka Jarkko 14  1  0  1  0  0  0  0  1  31  1  0  0  4  -11  6  0  0  0  0  2.00  28               240 000
100029133 Piskula Joseph 14  1  1  2  0  0  0  1  0  27  5  0  0  11  -8  8  0  0  0  0  4.36  61               270 000
22937737 Pulli Juuso 14  0  2  2  0  0  0  0  0  31  3  0  0  4  -10  2  0  0  0  0  2.07  29               250 000
25381270 Vainio Olli 14  0  3  3  0  0  0  0  0  31  2  0  0  7  -5  4  0  0  0  0  3.93  55               265 000
25334515 Viljanen Valtteri 9  0  4  4  0  0  0  0  0  22  0  0  0  1  -2  2  0  0  0  0  4.11  37               295 000
ID Hyokkaaja O M S P AVM AVS VM TM JA L B ALV ALH + - JM OR X XX XXX LPP/O LPP Arvo
24256597 Ahoniemi Niko 0  0  0  0  0  0  0  0  0  0  0  0  0  0  0  0  0  0  0  0  0  0           180 000
29870486 Haapanen Topias 3  0  0  0  0  0  0  0  0  4  0  1  2  2  -1  0  0  0  0  0  1.33  4           175 000
29028513 Ikonen Joona 12  1  1  2  0  0  0  0  0  28  4  0  1  4  -6  0  0  1  0  0  2.75  33           235 000
24550471 Kangasniemi Antti 0  0  0  0  0  0  0  0  0  0  0  0  0  0  0  0  0  0  0  0  0  0           215 000
28577104 Koivula Otto 8  0  3  3  0  0  0  0  0  15  1  0  3  3  -7  4  0  0  0  0  2.63  21           290 000
24235741 Koppanen Joona 8  0  3  3  0  0  0  0  0  15  1  19  34  3  -9  0  0  0  0  0  2.00  16           235 000
27777125 Kuronen Mikael 3  0  0  0  0  0  0  0  0  3  0  0  0  0  -2  2  0  0  0  0  0.67  2           285 000
22244996 Laakso Tapio 14  6  5  11  1  0  0  0  0  47  3  152  123  7  -9  8  0  0  2  2  8.79  123           370 000
28730556 Lepaus Teemu 14  3  1  4  0  0  1  1  0  35  1  6  3  6  -6  27  0  1  0  0  3.64  51           255 000
22441087 Liuksiala Juho 14  1  3  4  0  0  0  0  0  32  3  0  0  3  -6  2  0  0  0  0  3.07  43           240 000
26590031 Meskanen Ville 13  8  7  15  0  0  1  0  0  55  1  1  6  13  -10  0  0  0  3  2  10.31  134           440 000
23029644 Rautiainen Teemu 14  5  10  15  0  0  1  0  0  56  1  4  7  10  -9  10  0  3  0  1  9.07  127           380 000
25153974 Ruotsalainen Arttu 14  2  2  4  0  1  0  0  0  46  2  50  38  6  -9  0  0  1  0  0  4.36  61           270 000
23204825 Sandell Sami 13  3  6  9  0  0  0  1  0  44  2  79  94  10  -11  4  0  0  3  1  6.69  87           365 000
23351053 Suomi Eemeli 14  3  7  10  0  0  1  0  0  36  2  5  6  7  -5  8  0  0  2  0  6.50  91           335 000
23400483 Tamminen Juhani 14  1  3  4  0  0  0  1  0  31  2  64  61  2  -7  4  0  0  0  0  3.07  43           265 000
100031387 Thomas Bill 3  1  0  1  0  0  0  0  0  6  1  14  16  0  -2  0  0  0  0  0  3.00  9           275 000
23577387 Valtonen Julius 8  0  0  0  0  0  0  0  0  14  0  0  1  1  -5  2  0  0  0  0  0.88  7           200 000
Jukurit
ID Maalivahti O M S P V H TP TO PM NP JM OR X XX XXX LPP/O LPP Arvo
24280631 Aho Juhana 4  0  0  0  2  2  0  95  7  2  0  0  0  0  2  13.25  53               300 000
27661231 Dufva Valentin 0  0  0  0  0  0  0  0  0  0  0  0  0  0  0  0  0               195 000
22993098 Rajaniemi Sami 9  0  0  0  3  2  3  228  23  0  0  0  1  1  0  6.44  58               335 000
ID Puolustaja O M S P AVM AVS VM TM JA L B ALV ALH + - JM OR X XX XXX LPP/O LPP Arvo
24276289 Alho Aku 2  0  0  0  0  0  0  0  0  2  0  0  0  2  -1  0  0  0  0  0  3.00  6               190 000
24421720 Hietanen Valtteri 11  0  2  2  0  1  0  0  0  29  1  0  0  4  -6  33  0  0  0  0  3.00  33               245 000
21700651 Hyvarinen Ville 11  2  1  3  1  0  0  0  0  8  5  0  0  7  -3  10  0  1  0  0  5.73  63               245 000
21772430 Jaatinen Antti 13  0  3  3  0  1  0  0  0  27  1  0  0  10  -9  2  0  1  0  0  3.92  51               265 000
21913668 Karalahti Keni 12  1  3  4  0  0  0  0  0  16  4  0  0  6  -3  4  0  0  0  0  4.75  57               250 000
31128854 Kokkonen Mikko 3  0  0  0  0  0  0  0  0  9  1  0  0  3  -3  2  0  0  0  0  3.67  11               185 000
22891255 Piipponen Samuli 10  0  3  3  0  0  0  0  0  32  3  0  0  6  -7  6  0  0  0  0  5.00  50               255 000
30501197 Rasanen Ville 0  0  0  0  0  0  0  0  0  0  0  0  0  0  0  0  0  0  0  0  0  0               165 000
23334106 Suhonen Teemu 13  5  6  11  0  0  0  0  0  64  3  0  0  16  -12  2  0  0  1  1  11.54  150               380 000
ID Hyokkaaja O M S P AVM AVS VM TM JA L B ALV ALH + - JM OR X XX XXX LPP/O LPP Arvo
21345676 Asplund Turo 12  4  6  10  0  0  0  0  0  46  4  127  88  11  -5  16  0  2  0  0  10.33  124           360 000
40435937 Budish Zach 13  4  6  10  0  0  2  0  0  51  2  60  85  11  -9  6  0  0  1  0  7.38  96           375 000
21431409 Flinck Markku 12  0  4  4  0  0  0  0  0  16  1  75  57  7  -3  8  0  0  0  0  4.50  54           255 000
21600081 Henritius Teemu 12  2  5  7  0  0  0  0  0  16  2  51  67  6  -9  2  0  1  0  0  3.83  46           250 000
21659838 Hotakainen Valtteri 11  0  2  2  0  0  0  0  0  8  0  21  20  2  -2  6  0  0  0  0  2.09  23           210 000
21888612 Kalliola Joonas 13  1  3  4  0  0  0  0  0  29  2  4  6  5  -2  2  0  0  0  0  3.54  46           260 000
22181127 Kumpulainen Janne 1  0  0  0  0  0  0  0  0  0  0  0  0  0  0  0  0  0  0  0  0.00  0           190 000
24174051 Leskinen Ville 13  1  0  1  0  0  1  0  0  15  0  0  2  3  -1  4  0  0  0  0  1.92  25           270 000
22476117 Lahde Nestori 0  0  0  0  0  0  0  0  0  0  0  0  0  0  0  0  0  0  0  0  0  0           215 000
22815419 Partanen Mika 7  2  2  4  0  0  2  1  0  19  0  0  1  4  -4  2  0  0  0  2  6.71  47           280 000
22895620 Piitulainen Jesper 13  2  5  7  0  0  0  1  0  37  1  3  4  6  -6  0  0  0  0  1  4.85  63           265 000
22906739 Pitkanen Ilmari 11  3  0  3  0  0  0  0  0  15  0  0  2  3  -3  29  0  0  0  0  2.36  26           225 000
25116623 Ritamaki Janne 13  2  3  5  0  1  0  0  0  20  5  1  1  7  -10  10  0  0  0  0  4.38  57           305 000
23075106 Roine Miika 13  2  4  6  0  0  1  0  0  16  4  15  19  7  -8  2  0  0  0  0  3.85  50           300 000
23702275 Vahatalo Julius 13  0  0  0  0  0  0  0  0  7  0  54  53  1  -1  2  0  0  0  0  0.62  8           220 000
JYP
ID Maalivahti O M S P V H TP TO PM NP JM OR X XX XXX LPP/O LPP Arvo
22322342 Laurikainen Eetu 5  0  0  0  2  2  1  140  15  1  0  0  1  1  0  8.40  42               310 000
24158200 Olkinuora Juho 7  0  0  0  5  1  1  139  11  1  0  0  0  0  0  8.14  57               355 000
ID Puolustaja O M S P AVM AVS VM TM JA L B ALV ALH + - JM OR X XX XXX LPP/O LPP Arvo
21295959 Aitola Olli 0  0  0  0  0  0  0  0  0  0  0  0  0  0  0  0  0  0  0  0  0  0               185 000
24182470 AllXn Roni 0  0  0  0  0  0  0  0  0  0  0  0  0  0  0  0  0  0  0  0  0  0               190 000
24300210 Erving Joona 0  0  0  0  0  0  0  0  0  0  0  0  0  0  0  0  0  0  0  0  0  0               175 000
28705727 Honka Anttoni 6  1  3  4  0  0  0  0  0  13  0  0  0  7  -1  2  0  1  0  0  9.50  57               265 000
24459695 Ikonen Ossi 12  0  1  1  0  0  0  0  0  29  0  0  0  6  -5  0  0  0  1  0  2.75  33               255 000
21799484 Jokinen Jaakko 10  0  1  1  0  0  0  0  0  24  0  0  0  7  -7  0  0  0  0  0  2.70  27               250 000
21892307 Kalteva Mikko 12  3  3  6  0  0  0  1  1  41  4  0  0  12  -2  10  0  0  0  2  10.42  125               380 000
24535632 Kuukka Mikko 9  0  0  0  0  0  0  0  0  13  9  0  0  7  -2  10  0  0  0  0  4.67  42               240 000
24715452 Lindroos Alex 5  1  1  2  0  0  0  0  0  12  0  0  0  2  -3  2  0  1  1  0  5.40  27               230 000
24868147 Maenpaa Mikko 7  2  5  7  0  0  0  0  0  28  2  0  0  10  -4  0  0  0  0  0  12.29  86               375 000
23168071 Salmela Tuomas 0  0  0  0  0  0  0  0  0  0  0  0  0  0  0  0  0  0  0  0  0  0               205 000
23557763 Vainio Juuso 11  0  4  4  0  0  0  0  0  30  7  0  0  6  -3  2  0  0  0  0  5.55  61               280 000
40371299 Yonkman Nolan 12  0  0  0  0  0  0  0  0  22  4  0  0  9  -5  2  0  0  0  0  3.08  37               225 000
ID Hyokkaaja O M S P AVM AVS VM TM JA L B ALV ALH + - JM OR X XX XXX LPP/O LPP Arvo
24415613 Hytonen Juha-Pekka 12  3  7  10  0  0  0  0  0  33  0  101  110  7  -4  4  0  0  0  2  6.83  82           355 000
24466950 Immonen Jarkko 12  4  8  12  0  0  2  0  0  59  1  123  96  11  -4  4  0  0  0  0  10.33  124           455 000
21802135 Jokinen Markus 0  0  0  0  0  0  0  0  0  0  0  0  0  0  0  0  0  0  0  0  0  0           180 000
27775017 Kanninen Henri 1  1  0  1  0  0  0  0  0  3  0  0  0  2  -1  0  0  0  0  0  11.00  11           245 000
24638995 Kolehmainen Janne 12  3  2  5  0  0  0  0  0  21  6  3  10  5  -5  35  0  0  0  0  4.00  48           255 000
22260051 Lahti Miika 0  0  0  0  0  0  0  0  0  0  0  0  0  0  0  0  0  0  0  0  0  0           300 000
27775305 Likola Arttu 3  0  0  0  0  0  0  0  0  1  0  0  0  0  0  2  0  0  0  0  1.00  3           205 000
24811398 Louhivaara Ossi 12  2  3  5  0  0  0  0  0  21  2  6  8  5  -3  4  0  1  0  0  4.25  51           300 000
22770842 Nattinen Joonas 12  5  7  12  0  0  0  0  0  42  1  19  10  14  -6  4  0  0  1  1  9.92  119           370 000
22953708 Puustinen Juuso 8  4  3  7  0  0  1  0  0  34  2  1  0  7  -4  0  0  0  2  1  9.75  78           440 000
28967947 Ratinen Samuli 0  0  0  0  0  0  0  0  0  0  0  0  0  0  0  0  0  0  0  0  0  0           165 000
33373610 Rooba Robert 12  1  1  2  0  0  0  0  0  24  1  0  2  3  -2  4  0  0  0  0  2.58  31           250 000
23137280 Saari Micke 12  0  1  1  0  0  0  0  0  26  2  24  28  3  -3  6  0  0  0  0  2.25  27           235 000
28948856 Straka Anton 8  1  1  2  0  0  1  0  0  8  0  30  36  3  -2  2  0  0  0  0  2.63  21           200 000
25611050 Sund Joel 0  0  0  0  0  0  0  0  0  0  0  0  0  0  0  0  0  0  0  0  0  0           215 000
23349227 Suomela Antti 12  5  7  12  0  0  2  0  0  64  2  99  77  13  -5  0  0  0  1  2  11.33  136           450 000
25492334 Tiainen Riku 0  0  0  0  0  0  0  0  0  0  0  0  0  0  0  0  0  0  0  0  0  0           175 000
23505155 Tuppurainen Jani 12  5  8  13  0  0  2  0  0  53  1  1  1  13  -5  8  0  1  0  0  10.50  126           415 000
27647886 Turkulainen Jerry 10  1  4  5  0  0  0  0  0  16  0  2  1  9  -3  2  0  0  0  1  5.30  53           325 000
KalPa
ID Maalivahti O M S P V H TP TO PM NP JM OR X XX XXX LPP/O LPP Arvo
40385084 Godla Denis 5  0  0  0  1  1  3  120  15  0  0  0  0  1  0  5.00  25               320 000
24390673 Hovinen Niko 8  0  0  0  2  3  3  201  16  1  0  0  2  0  0  8.25  66               360 000
29784747 Metsavainio Elmeri 0  0  0  0  0  0  0  0  0  0  0  0  0  0  0  0  0               225 000
32372777 Ruotsalainen Arttu 0  0  0  0  0  0  0  0  0  0  0  0  0  0  0  0  0               185 000
ID Puolustaja O M S P AVM AVS VM TM JA L B ALV ALH + - JM OR X XX XXX LPP/O LPP Arvo
24530970 Kinnunen Saku 0  0  0  0  0  0  0  0  0  0  0  0  0  0  0  0  0  0  0  0  0  0               185 000
24174048 Leskinen Otto 13  0  2  2  0  0  0  0  0  26  3  0  0  6  -5  4  0  0  0  0  3.38  44               270 000
22452814 Lukka Santeri 13  0  6  6  0  0  0  0  0  44  3  0  0  7  -12  8  0  0  0  0  5.31  69               325 000
100025311 Maione Mathew 13  4  6  10  0  0  1  0  1  50  0  0  0  8  -7  6  0  0  2  0  9.69  126               375 000
23824108 Makinen Konsta 13  0  0  0  0  0  0  0  0  2  0  0  1  1  0  0  0  0  0  0  0.31  4               210 000
22808510 Parikka Valtteri 0  0  0  0  0  0  0  0  0  0  0  0  0  0  0  0  0  0  0  0  0  0               230 000
30951530 Riekkinen Joona 0  0  0  0  0  0  0  0  0  0  0  0  0  0  0  0  0  0  0  0  0  0               175 000
25108217 Riikola Juuso 13  2  0  2  0  0  0  0  0  44  4  0  0  5  -11  2  0  0  0  0  3.23  42               335 000
23242492 Seppala Mikael 13  2  2  4  0  0  0  0  0  32  8  0  0  9  -7  6  0  2  0  0  5.92  77               295 000
25611403 Sopanen Eetu 0  0  0  0  0  0  0  0  0  0  0  0  0  0  0  0  0  0  0  0  0  0               180 000
100030506 Wilson Ryan 13  0  4  4  0  0  0  0  0  20  5  0  0  10  -6  4  0  2  0  0  5.08  66               290 000
ID Hyokkaaja O M S P AVM AVS VM TM JA L B ALV ALH + - JM OR X XX XXX LPP/O LPP Arvo
40291921 Aaltonen Leevi 0  0  0  0  0  0  0  0  0  0  0  0  0  0  0  0  0  0  0  0  0  0           150 000
27416017 Ahtonen Tuomas 0  0  0  0  0  0  0  0  0  0  0  0  0  0  0  0  0  0  0  0  0  0           155 000
40453125 D'amigo Jerry 13  1  5  6  0  0  1  0  0  23  2  2  3  7  -6  4  0  0  1  0  4.46  58           305 000
25646106 Gymer Frank 7  0  0  0  0  0  0  0  0  12  1  3  3  2  -4  2  0  0  0  0  1.57  11           225 000
29554508 Ikonen Joni 7  0  2  2  0  0  0  0  0  7  0  29  35  2  -4  0  0  0  0  0  1.43  10           235 000
21804861 Jokinen Tommi 13  2  4  6  0  0  0  0  0  30  3  1  1  7  -8  4  0  0  0  0  4.54  59           270 000
30010662 Juusola Mikko 4  1  0  1  0  0  0  1  0  2  0  3  4  1  0  2  0  1  0  0  3.00  12           195 000
28576383 Kantola Kai 13  3  4  7  0  0  0  1  0  39  0  13  17  9  -5  4  0  0  0  1  6.08  79           335 000
27471447 Klemetti Aleksi 1  0  0  0  0  0  0  0  0  0  0  0  0  0  0  0  0  0  0  0  0.00  0           185 000
28570745 Knuutinen Henri 0  0  0  0  0  0  0  0  0  0  0  0  0  0  0  0  0  0  0  0  0  0           180 000
27943137 Kokkola Tatu 2  0  0  0  0  0  0  0  0  1  0  6  9  0  -1  0  0  0  0  0  -0.50  -1           175 000
24226640 Kononen Juuso 0  0  0  0  0  0  0  0  0  0  0  0  0  0  0  0  0  0  0  0  0  0           195 000
22464239 Luostarinen Eetu 13  3  4  7  0  0  1  0  0  44  3  88  97  5  -8  24  0  1  0  1  5.85  76           285 000
24871956 Mutanen Sami 11  1  1  2  0  0  0  0  0  18  4  1  5  2  -3  0  0  0  0  0  2.09  23           230 000
30475553 Nevalainen Juuso 0  0  0  0  0  0  0  0  0  0  0  0  0  0  0  0  0  0  0  0  0  0           160 000
22750794 Nuutinen Mikko 12  4  5  9  1  0  0  0  1  54  0  7  13  4  -8  4  0  0  0  1  6.83  82           325 000
29859517 Piipponen Topi 0  0  0  0  0  0  0  0  0  0  0  0  0  0  0  0  0  0  0  0  0  0           235 000
25663901 Ruuttu Alexander 11  4  3  7  0  0  0  0  0  44  3  14  24  5  -10  0  0  0  0  1  5.64  62           315 000
34250949 Sebok Balazs 13  2  4  6  0  0  0  0  1  31  3  87  71  7  -6  8  0  0  0  1  5.77  75           330 000
23418213 Tavi Janne 13  3  6  9  0  0  0  0  0  33  1  1  4  8  -8  0  0  0  0  1  5.54  72           300 000
100025912 Texier Alexandre 9  1  1  2  0  0  0  0  0  17  0  12  16  3  -2  6  0  0  0  0  3.33  30           260 000
23560365 Vainiola Ville-Vesa 13  0  1  1  0  0  0  0  0  14  0  88  99  6  -4  2  0  0  0  0  1.77  23           235 000
KooKoo
ID Maalivahti O M S P V H TP TO PM NP JM OR X XX XXX LPP/O LPP Arvo
24487984 Jarvenpaa Juha 7  0  0  0  0  5  1  143  27  0  0  0  0  0  0  -0.71  -5               325 000
27649648 Levanen Santeri 0  0  0  0  0  0  0  0  0  0  0  0  0  0  0  0  0               225 000
22861900 Perhonen Samu 9  0  0  0  3  1  3  222  18  0  0  0  0  1  1  7.56  68               320 000
31635062 Salminen Oskari 0  0  0  0  0  0  0  0  0  0  0  0  0  0  0  0  0               200 000
ID Puolustaja O M S P AVM AVS VM TM JA L B ALV ALH + - JM OR X XX XXX LPP/O LPP Arvo
21433957 Forsberg Henrik 0  0  0  0  0  0  0  0  0  0  0  0  0  0  0  0  0  0  0  0  0  0               225 000
40431930 Jacobsson Robin 0  0  0  0  0  0  0  0  0  0  0  0  0  0  0  0  0  0  0  0  0  0               310 000
27839788 Jarvinen Ville 5  0  1  1  0  0  0  0  0  7  1  0  0  1  -2  4  0  0  0  0  2.80  14               230 000
27841653 Keskitalo Miro 11  0  4  4  0  0  0  0  0  19  1  0  0  4  -9  10  0  0  0  0  3.73  41               250 000
100026143 Kristensen Emil 13  3  2  5  0  0  0  1  0  63  6  0  0  4  -12  12  0  0  0  0  6.23  81               335 000
40371409 Newton Jake 13  2  6  8  0  0  0  0  0  75  3  0  0  10  -12  2  0  0  1  0  8.23  107               400 000
22684873 Niemi Jyri 9  1  2  3  0  0  0  0  0  19  4  1  0  7  -8  8  0  0  0  0  5.56  50               255 000
25042564 Pelli Arttu 13  1  3  4  0  0  0  0  0  30  1  0  0  7  -11  4  0  1  0  0  3.92  51               240 000
30870187 Salmela Santeri 8  0  0  0  0  0  0  0  0  6  4  0  0  2  -4  4  0  0  0  0  1.25  10               215 000
32033595 Seppala Peetro 1  0  0  0  0  0  0  0  0  1  0  0  0  0  0  0  0  0  0  0  1.00  1               160 000
25491335 Tuhkanen Niko 13  0  1  1  0  0  0  0  0  26  1  0  0  5  -7  6  0  0  0  0  2.31  30               240 000
28842826 Vainio Veeti 0  0  0  0  0  0  0  0  0  0  0  0  0  0  0  0  0  0  0  0  0  0               205 000
ID Hyokkaaja O M S P AVM AVS VM TM JA L B ALV ALH + - JM OR X XX XXX LPP/O LPP Arvo
40354092 Bjorkstrand Patrick 13  5  6  11  0  0  0  2  0  59  1  13  16  10  -12  10  0  0  1  0  8.08  105           355 000
21499603 Hakulinen Anrei 0  0  0  0  0  0  0  0  0  0  0  0  0  0  0  0  0  0  0  0  0  0           345 000
21700554 Hyvarinen Toni 12  0  0  0  0  0  0  0  0  33  2  1  2  3  -9  2  0  0  0  0  1.58  19           220 000
21720152 Hamalainen Rasmus 0  0  0  0  0  0  0  0  0  0  0  0  0  0  0  0  0  0  0  0  0  0           200 000
24479303 Juutilainen Jan-Mikael 8  1  1  2  0  0  1  0  0  21  0  8  14  3  -1  0  0  0  0  1  3.25  26           230 000
21983740 Keranen Michael 7  1  4  5  0  0  1  0  0  30  0  23  30  5  -6  4  0  0  0  0  7.14  50           435 000
22049667 Koivisto Henrik 11  0  1  1  0  0  0  0  0  18  0  45  48  3  -7  0  0  0  0  0  1.09  12           265 000
30417647 Korhonen Olli 5  1  0  1  0  0  0  0  0  5  1  0  0  3  -2  0  0  0  0  0  3.00  15           195 000
27843473 Koskinen Niki 3  0  0  0  0  0  0  0  0  3  0  0  0  0  -1  0  0  0  0  0  0.33  1           175 000
24680943 Kahkonen Toni 13  3  6  9  0  0  0  1  0  29  0  6  12  7  -14  6  0  0  1  0  5.23  68           320 000
22372826 Leivo Tomi 13  1  4  5  0  0  0  0  0  18  3  5  10  6  -8  2  0  1  0  0  3.08  40           255 000
24748717 Liivik Siim 11  1  0  1  0  0  0  0  0  13  4  84  124  2  -12  6  0  0  0  0  0.36  4           260 000
25057054 Pitkanen Miikka 12  3  3  6  0  0  1  0  0  20  2  36  62  6  -8  4  0  1  0  0  3.92  47           290 000
25021572 Poysti Eetu 5  0  0  0  0  0  0  0  0  3  0  2  0  1  -1  0  0  0  0  0  1.00  5           235 000
23222302 Savilahti Eero 0  0  0  0  0  0  0  0  0  0  0  0  0  0  0  0  0  0  0  0  0  0           325 000
100030327 Stromwall Malte 13  4  1  5  0  0  1  0  0  63  3  0  3  4  -11  0  0  0  1  1  5.08  66           350 000
25494471 Tamminen Sami 13  2  2  4  0  0  0  0  0  20  0  63  76  5  -7  0  0  0  2  0  2.62  34           215 000
23555503 Vainikainen Ville 1  0  0  0  0  0  0  0  0  1  1  1  0  0  0  2  0  0  0  0  5.00  5           240 000
24206929 Virtanen Mikko 12  0  2  2  0  0  0  0  0  17  3  64  83  3  -6  6  0  0  0  0  1.75  21           225 000
Karpat
ID Maalivahti O M S P V H TP TO PM NP JM OR X XX XXX LPP/O LPP Arvo
32498965 Annunen Justus 0  0  0  0  0  0  0  0  0  0  0  0  0  0  0  0  0               200 000
30040247 Heikkinen Vilho 0  0  0  0  0  0  0  0  0  0  0  0  0  0  0  0  0               215 000
23109412 Rynnas Jussi 11  0  0  0  6  1  4  244  19  2  0  0  2  3  0  9.91  109               370 000
29924154 Vehvilainen Veini 4  0  0  0  2  0  0  62  9  0  0  0  0  0  0  2.75  11               340 000
ID Puolustaja O M S P AVM AVS VM TM JA L B ALV ALH + - JM OR X XX XXX LPP/O LPP Arvo
21494006 Hakanpaa Jani 12  0  6  6  0  0  0  0  0  27  5  0  1  15  -4  8  0  0  0  0  8.42  101               320 000
40428666 Heshka Shaun 11  2  3  5  0  0  0  0  0  38  6  0  0  8  -3  33  0  0  0  0  7.55  83               390 000
24353539 Huttula Joona 4  0  0  0  0  0  0  0  0  2  0  0  0  0  -1  4  0  0  0  0  0.75  3               195 000
100026177 Kivihalme Teemu 7  1  2  3  0  0  0  0  0  30  0  0  0  5  -2  0  0  0  0  0  6.86  48               340 000
22051859 Koivisto Miika 13  1  10  11  0  0  0  0  0  51  2  0  0  15  -6  6  0  0  0  0  10.62  138               425 000
30379468 Korhonen Juho 0  0  0  0  0  0  0  0  0  0  0  0  0  0  0  0  0  0  0  0  0  0               185 000
40312846 Kukkonen Lasse 13  3  3  6  0  0  0  0  0  30  5  0  0  17  -6  8  0  0  2  0  9.15  119               270 000
24825038 Makela Aleksi 11  1  0  1  0  0  0  0  0  16  3  0  0  9  -6  0  0  0  0  0  3.45  38               240 000
22679723 Niemela Mikko 10  2  0  2  0  0  0  1  0  15  2  0  0  4  -7  2  0  0  0  0  3.10  31               245 000
29679441 Ronkainen Taneli 10  0  3  3  0  0  0  0  0  11  2  0  0  7  -6  2  0  0  0  0  3.90  39               230 000
23255023 Siikaluoma Taneli 0  0  0  0  0  0  0  0  0  0  0  0  0  0  0  0  0  0  0  0  0  0               180 000
ID Hyokkaaja O M S P AVM AVS VM TM JA L B ALV ALH + - JM OR X XX XXX LPP/O LPP Arvo
21330445 Anttila Sami 10  0  2  2  0  0  0  0  0  7  1  0  4  4  -2  0  0  0  0  0  1.70  17           230 000
34254136 Bertrand Charles 13  9  3  12  0  0  3  0  0  74  0  7  7  16  -6  0  0  2  0  1  11.00  143           480 000
24406130 Hermonen Julius 0  0  0  0  0  0  0  0  0  0  0  0  0  0  0  0  0  0  0  0  0  0           195 000
21673131 Humaloja Miska 11  1  1  2  0  0  0  0  0  11  5  48  53  4  -3  10  0  0  0  0  3.18  35           240 000
24464062 Ikonen Jasse 10  1  1  2  0  0  0  0  0  15  2  40  35  4  -5  2  0  0  0  0  2.70  27           245 000
21817612 Junnila Jyri 11  2  1  3  0  0  0  0  0  16  2  10  16  6  -6  0  0  0  0  0  2.73  30           230 000
21819267 Junttila Julius 12  5  10  15  0  0  1  0  0  33  3  9  4  18  -2  8  0  0  0  1  11.83  142           460 000
23891364 Kangas Kristian 0  0  0  0  0  0  0  0  0  0  0  0  0  0  0  0  0  0  0  0  0  0           190 000
21940848 Karvinen Otto 11  1  2  3  0  0  0  0  0  13  2  0  5  4  -2  29  0  0  0  0  1.91  21           225 000
27774063 Kestila Aku 0  0  0  0  0  0  0  0  0  0  0  0  0  0  0  0  0  0  0  0  0  0           195 000
40245614 Koblizek Radek 3  0  1  1  0  0  0  0  0  5  1  0  0  1  -5  0  0  0  0  0  1.67  5           225 000
24538367 Koivisto Juha 6  1  0  1  0  0  0  0  0  9  0  0  1  1  -1  0  0  0  0  0  1.83  11           210 000
28727446 Koskenkorva Jesse 0  0  0  0  0  0  0  0  0  0  0  0  0  0  0  0  0  0  0  0  0  0           220 000
29551488 Kuiri Niko 0  0  0  0  0  0  0  0  0  0  0  0  0  0  0  0  0  0  0  0  0  0           165 000
31635185 Kupari Rasmus 7  1  1  2  0  0  0  0  0  11  1  36  22  2  -1  6  0  0  0  0  4.57  32           245 000
100026171 Lasu Nicklas 13  1  8  9  0  0  0  0  0  31  5  97  100  12  -8  6  0  0  0  1  6.38  83           320 000
22393300 Leskinen Ville 13  6  10  16  0  0  3  0  1  61  0  0  1  15  -7  6  0  0  2  2  12.08  157           450 000
24895372 Maenalanen Saku 13  5  10  15  0  0  1  0  0  40  1  10  12  15  -7  10  0  0  0  1  10.00  130           400 000
25126574 Ruohomaa Mikael 13  5  9  14  0  0  1  0  0  53  3  143  112  18  -4  14  0  1  0  3  11.77  153           485 000
25589140 Sailio Jari 9  2  0  2  0  0  0  1  0  17  1  2  2  4  -2  6  0  0  0  0  4.00  36           250 000
25345944 Vartiainen Tuomas 1  0  0  0  0  0  0  0  0  2  0  0  0  0  -1  0  0  0  0  0  0.00  0           190 000
Lukko
ID Maalivahti O M S P V H TP TO PM NP JM OR X XX XXX LPP/O LPP Arvo
27471104 Kahkonen Kaapo 12  0  0  0  5  5  1  325  30  1  0  0  0  1  2  7.83  94               375 000
27682964 Lehtinen Lassi 0  0  0  0  0  0  0  0  0  0  0  0  0  0  0  0  0               220 000
100025879 Ylonen Sebastian 2  0  0  0  1  0  1  50  2  0  0  0  1  0  0  9.50  19               295 000
ID Puolustaja O M S P AVM AVS VM TM JA L B ALV ALH + - JM OR X XX XXX LPP/O LPP Arvo
24260583 Ahonen Rony 13  2  1  3  1  0  0  0  0  31  2  0  1  12  -6  6  0  1  0  0  6.08  79               310 000
24820363 Marttinen Jyri 10  0  2  2  0  0  0  0  0  20  2  0  0  8  -7  8  0  0  0  0  4.60  46               300 000
29389786 Mesikammen Konsta 3  0  0  0  0  0  0  0  0  0  0  0  0  0  0  0  0  0  0  0  0.00  0               195 000
100025878 Motin Johan 12  0  2  2  0  0  0  0  0  36  3  0  0  9  -9  6  0  1  0  0  4.25  51               270 000
24229184 Makinen Atte 12  0  2  2  0  0  0  0  0  22  3  0  0  6  -7  12  0  0  0  0  3.67  44               220 000
24939759 Niskala Janne 13  3  4  7  0  0  1  0  0  48  7  0  0  12  -9  6  0  1  1  0  8.77  114               360 000
29948541 Reunanen Tarmo 5  0  0  0  0  0  0  0  0  7  0  0  0  0  -2  0  0  0  0  0  0.00  0               200 000
25091997 Riikola Simo-Pekka 9  1  1  2  0  0  0  0  0  14  4  0  0  6  -6  6  0  0  0  0  4.44  40               260 000
24177003 Sevanen Roni 10  1  2  3  0  0  0  0  0  7  7  0  0  8  -4  29  0  0  0  0  4.40  44               265 000
27683510 Suistio Santeri 0  0  0  0  0  0  0  0  0  0  0  0  0  0  0  0  0  0  0  0  0  0               170 000
ID Hyokkaaja O M S P AVM AVS VM TM JA L B ALV ALH + - JM OR X XX XXX LPP/O LPP Arvo
29446865 Antonen Joose 12  0  2  2  0  0  0  0  0  15  1  1  0  2  0  2  0  0  0  0  2.17  26           225 000
40313185 Claireaux Valentin 13  2  1  3  0  0  0  0  0  23  2  6  11  5  -5  4  0  0  0  0  3.00  39           230 000
21440937 Friberg Jere 13  1  0  1  0  0  1  0  0  12  3  53  53  2  -4  0  0  1  1  0  1.77  23           235 000
29946679 Huhdanpaa Lauri 0  0  0  0  0  0  0  0  0  0  0  0  0  0  0  0  0  0  0  0  0  0           160 000
24463542 Ilomaki Arttu 12  2  7  9  0  0  0  0  0  39  1  122  111  8  -5  6  0  0  0  0  6.92  83           350 000
21983012 Keranen Janne 13  3  4  7  0  0  1  1  0  44  0  1  4  9  -5  2  0  0  0  1  6.00  78           365 000
24546935 Koivisto Toni 13  3  8  11  0  0  0  0  0  55  0  0  0  13  -9  10  0  0  1  2  8.92  116           370 000
23889127 Koivistoinen Eetu 13  1  2  3  0  0  0  0  0  21  0  1  4  3  -6  2  0  0  0  0  2.08  27           245 000
22396653 Liedes Heikki 13  2  2  4  0  0  0  0  0  41  4  4  8  7  -6  4  0  1  0  0  4.23  55           275 000
24219770 Niemela Joonas 0  0  0  0  0  0  0  0  0  0  0  0  0  0  0  0  0  0  0  0  0  0           200 000
28557276 Pelamo Jesse 0  0  0  0  0  0  0  0  0  0  0  0  0  0  0  0  0  0  0  0  0  0           210 000
22994754 Ramstedt Teemu 13  6  7  13  0  0  0  0  0  28  0  122  115  14  -8  6  0  0  0  1  8.69  113           405 000
30687613 Saarela Antti 0  0  0  0  0  0  0  0  0  0  0  0  0  0  0  0  0  0  0  0  0  0           195 000
25618516 Saarelainen Miro-Pekka 0  0  0  0  0  0  0  0  0  0  0  0  0  0  0  0  0  0  0  0  0  0           190 000
23251373 Siekkinen Jani 0  0  0  0  0  0  0  0  0  0  0  0  0  0  0  0  0  0  0  0  0  0           170 000
23299830 Smedberg Rasmus 0  0  0  0  0  0  0  0  0  0  0  0  0  0  0  0  0  0  0  0  0  0           195 000
24153195 Suuronen Toni 13  3  1  4  0  0  0  0  0  22  3  2  1  3  -4  2  0  0  0  1  3.62  47           240 000
23441604 Tiivola Peter 13  2  6  8  0  0  0  0  0  29  5  71  71  8  -7  2  0  2  0  0  5.62  73           315 000
23483808 Tukonen Lauri 5  0  1  1  0  0  0  0  0  10  1  2  5  3  -2  2  0  0  0  0  2.80  14           320 000
25344657 Vahalahti Ville 3  0  4  4  0  0  0  0  0  4  0  0  0  2  0  2  0  0  0  0  8.33  25           355 000
100031422 Vandevelde Chris 13  6  7  13  0  0  4  0  0  24  5  11  19  15  -11  4  0  0  1  1  9.15  119           410 000
27854909 Vidgren Aaro 0  0  0  0  0  0  0  0  0  0  0  0  0  0  0  0  0  0  0  0  0  0           190 000
23716863 Vayrynen Janne 0  0  0  0  0  0  0  0  0  0  0  0  0  0  0  0  0  0  0  0  0  0           205 000
Pelicans
ID Maalivahti O M S P V H TP TO PM NP JM OR X XX XXX LPP/O LPP Arvo
29933666 Harald Joonas 0  0  0  0  0  0  0  0  0  0  0  0  0  0  0  0  0               190 000
24193980 Juvonen Janne 12  0  1  1  3  3  6  268  31  0  0  0  2  0  1  6.00  72               345 000
30136517 Suni Sami 0  0  0  0  0  0  0  0  0  0  0  0  0  0  0  0  0               200 000
23684063 Voutilainen Joona 1  0  0  0  0  1  0  26  4  0  0  0  1  0  0  2.00  2               310 000
ID Puolustaja O M S P AVM AVS VM TM JA L B ALV ALH + - JM OR X XX XXX LPP/O LPP Arvo
30136368 Ek Aleksi 6  0  0  0  0  0  0  0  0  11  1  0  0  1  -2  2  0  0  0  0  1.50  9               205 000
24430148 Hannukkala Toni 0  0  0  0  0  0  0  0  0  0  0  0  0  0  0  0  0  0  0  0  0  0               185 000
24509817 Jurgens Casimir 12  1  3  4  0  0  0  0  0  47  6  0  0  9  -5  4  0  0  0  0  6.50  78               305 000
22148966 Kousa Mikko 13  4  5  9  0  0  0  0  0  74  2  0  0  9  -12  4  0  0  3  0  9.31  121               390 000
40371282 Lassen Stefan 2  0  0  0  0  0  0  0  0  2  1  0  0  0  -2  0  0  0  0  0  -0.50  -1               265 000
24806743 Leimu Juha 11  0  0  0  0  0  0  0  0  43  2  0  0  7  -2  4  0  0  0  0  4.18  46               290 000
22504610 Manelius Nico 3  0  1  1  0  0  0  0  0  3  1  0  0  1  -1  4  0  0  0  0  5.00  15               240 000
28949855 Pynnonen Jarkko 0  0  0  0  0  0  0  0  0  0  0  0  0  0  0  0  0  0  0  0  0  0               190 000
100027207 Rowley Jordan 12  1  1  2  0  0  0  0  0  33  1  0  0  10  -9  6  0  0  0  0  4.42  53               270 000
23092192 Rukajarvi Roni 10  0  0  0  0  0  0  0  0  10  1  0  1  3  -5  2  0  0  0  0  0.80  8               210 000
30730256 Ruuskanen Waltteri 0  0  0  0  0  0  0  0  0  0  0  0  0  0  0  0  0  0  0  0  0  0               200 000
100029872 Sulak Libor 13  3  6  9  0  0  0  0  1  89  5  0  0  11  -10  10  0  0  0  1  11.08  144               435 000
ID Hyokkaaja O M S P AVM AVS VM TM JA L B ALV ALH + - JM OR X XX XXX LPP/O LPP Arvo
24244606 Alanne Joonas 13  1  3  4  0  0  1  0  0  39  3  1  2  6  -8  10  0  0  1  0  4.62  60           245 000
24290689 Bjorninen Hannes 8  3  1  4  0  0  1  0  0  26  4  66  56  5  -2  0  0  0  0  1  7.13  57           310 000
21399185 Elimaki Roope 8  0  1  1  0  0  0  0  0  6  3  62  60  4  0  2  0  0  0  0  3.00  24           215 000
24199052 Haveri Petteri 1  0  0  0  0  0  0  0  0  1  0  0  1  0  0  2  0  0  0  0  2.00  2           190 000
24345974 Heikkinen Arttu 0  0  0  0  0  0  0  0  0  0  0  0  0  0  0  0  0  0  0  0  0  0           185 000
28777551 Jantunen Jonne 6  0  1  1  0  0  0  0  0  6  0  1  2  1  0  0  0  0  0  0  1.50  9           240 000
24650025 Kangasniemi Iikka 13  3  4  7  0  0  0  1  0  32  0  0  2  5  -6  4  0  1  0  1  5.00  65           380 000
22024624 Kivela Niko 2  0  0  0  0  0  0  0  0  7  0  1  0  0  -2  2  0  0  0  0  2.50  5           205 000
22051338 Koivisto Kimi 13  1  1  2  0  0  0  0  0  21  2  4  12  2  -2  4  0  0  0  0  2.00  26           235 000
24536330 Koponen Ville-Matti 2  0  0  0  0  0  0  0  0  1  0  7  8  0  -2  0  0  0  0  0  -0.50  -1           180 000
27772764 Lahtinen Severi 4  1  0  1  0  0  0  0  0  3  0  0  2  1  -4  0  0  0  0  1  2.00  8           220 000
27845730 Lipiainen Valtteri 2  0  0  0  0  0  0  0  0  0  0  0  0  1  -3  2  0  0  1  0  1.50  3           205 000
22504856 Mankinen Jesse 8  3  1  4  1  0  0  0  0  34  1  13  18  5  -2  0  0  0  0  0  6.50  52           325 000
28208428 Moisio Kalle 2  0  0  0  0  0  0  0  0  1  0  0  0  0  -1  2  0  0  0  0  1.00  2           160 000
22598901 Mustonen Aleksi 13  0  5  5  0  0  1  0  0  14  3  33  45  9  -8  0  0  0  0  0  3.38  44           255 000
32462030 Mustonen Joel 0  0  0  0  0  0  0  0  0  0  0  0  0  0  0  0  0  0  0  0  0  0           275 000
28552909 Makitalo Roope 2  0  0  0  0  0  0  0  0  5  0  10  14  1  -2  0  0  1  0  0  1.50  3           170 000
23039812 Rekonen Aleksi 13  5  1  6  0  0  0  1  1  43  2  12  4  9  -6  0  0  0  0  0  6.23  81           315 000
25630280 Saarinen Jesse 13  4  6  10  0  0  0  1  0  39  1  11  9  10  -5  0  0  1  1  0  7.15  93           350 000
23197615 Salonen Samuel 1  0  0  0  0  0  0  0  0  0  0  0  1  0  0  0  0  0  0  0  -1.00  -1           195 000
27355408 Siikonen Miska 9  1  2  3  0  0  0  0  0  23  2  52  56  3  -5  6  0  0  0  0  4.11  37           335 000
30628504 Tiihonen Miika 0  0  0  0  0  0  0  0  0  0  0  0  0  0  0  0  0  0  0  0  0  0           160 000
27847136 Toivola Artturi 5  0  0  0  0  0  0  0  0  8  1  20  13  0  -3  12  0  0  0  0  0.20  1           205 000
23521841 Tyrvainen Antti 13  2  5  7  0  0  1  0  0  34  9  133  124  7  -6  20  0  0  0  0  6.15  80           320 000
25443752 Vartiainen Taavi 13  2  4  6  0  0  0  0  0  25  12  0  3  7  -6  49  0  1  0  0  4.62  60           230 000
SaiPa
ID Maalivahti O M S P V H TP TO PM NP JM OR X XX XXX LPP/O LPP Arvo
24838627 Markkanen Jussi 1  0  0  0  0  0  0  8  3  0  0  0  0  0  0  -3.00  -3               320 000
29969180 Tamminen Kristian 0  0  0  0  0  0  0  0  0  0  0  0  0  0  0  0  0               195 000
23486067 Tuohimaa Frans 13  0  0  0  3  4  6  332  28  1  0  0  1  2  2  8.38  109               350 000
27843800 Westerholm Niclas 1  0  0  0  0  0  0  10  1  0  0  0  0  0  0  2.00  2               210 000
ID Puolustaja O M S P AVM AVS VM TM JA L B ALV ALH + - JM OR X XX XXX LPP/O LPP Arvo
40372124 Carson Brett 10  0  1  1  0  0  0  0  0  19  3  0  0  3  -6  2  0  0  0  0  2.10  21               250 000
22064150 Kojo Markus 7  0  0  0  0  0  0  0  0  4  0  0  0  1  -1  6  0  0  0  0  1.57  11               215 000
28515629 Koponen Santeri 0  0  0  0  0  0  0  0  0  0  0  0  0  0  0  0  0  0  0  0  0  0               195 000
24725109 Lappalainen Lasse 13  1  5  6  0  0  0  0  0  30  4  0  0  5  -6  8  0  0  1  1  5.85  76               335 000
22487436 Maalahti Kalle 12  1  7  8  0  0  0  0  0  38  7  0  0  8  -11  10  0  1  0  0  7.58  91               345 000
30127296 Maarnela Henry 2  0  0  0  0  0  0  0  0  0  0  0  0  0  0  0  0  0  0  0  0.00  0               205 000
40036128 Savilahti Nagander Per 11  0  0  0  0  0  0  0  0  25  5  0  0  5  -4  6  0  0  0  0  3.00  33               245 000
25543115 Sneck Jere 13  0  0  0  0  0  0  0  0  16  5  0  0  6  -2  10  0  0  0  0  3.00  39               235 000
23387739 Taipalus Lauri 12  0  2  2  0  0  0  0  0  28  3  0  0  3  -9  10  0  0  0  0  2.67  32               260 000
30033458 Torikka Kasperi 0  0  0  0  0  0  0  0  0  0  0  0  0  0  0  0  0  0  0  0  0  0               190 000
30487321 Vaakanainen Urho 7  1  1  2  0  0  0  0  0  16  2  0  0  2  -6  6  0  1  0  0  3.86  27               280 000
ID Hyokkaaja O M S P AVM AVS VM TM JA L B ALV ALH + - JM OR X XX XXX LPP/O LPP Arvo
100025916 Goodwin David 13  2  4  6  0  0  0  1  0  31  0  63  74  5  -7  2  0  0  0  1  4.08  53           270 000
40431857 Hamilton Curtis 8  1  3  4  0  0  1  0  0  19  3  0  3  3  -3  0  0  1  1  0  4.75  38           365 000
27776919 Iso-Mustajarvi Tomi 0  0  0  0  0  0  0  0  0  0  0  0  0  0  0  0  0  0  0  0  0  0           195 000
21878800 Kaksonen Elmeri 6  2  2  4  0  0  0  0  0  17  2  8  7  2  -3  0  0  0  0  1  5.83  35           315 000
21996203 Kettunen Janne 0  0  0  0  0  0  0  0  0  0  0  0  0  0  0  0  0  0  0  0  0  0           205 000
24666721 Koho Ville 11  1  4  5  0  0  0  0  0  17  4  108  92  5  -4  0  0  0  0  0  4.18  46           260 000
24680176 Koski Eetu 7  0  0  0  0  0  0  0  0  8  2  2  4  1  -3  0  0  0  0  0  1.00  7           225 000
100027950 Kunyk Cody 13  2  4  6  0  0  2  0  1  40  3  176  105  4  -7  8  0  0  0  0  7.00  91           360 000
22483058 Lofman Anssi 1  0  1  1  0  0  0  0  0  3  0  9  7  1  -1  2  0  0  0  0  10.00  10           310 000
40174442 Maia Bastien 8  0  2  2  0  0  0  0  0  3  1  5  2  2  -2  27  0  0  0  0  1.13  9           205 000
24894616 Monkare Antton 0  0  0  0  0  0  0  0  0  0  0  0  0  0  0  0  0  0  0  0  0  0           180 000
22710462 Nikko Joni 13  5  3  8  0  0  0  0  0  42  2  2  4  5  -6  2  0  0  1  1  6.08  79           250 000
22770952 Nattinen Topi 13  2  5  7  0  0  0  0  0  66  0  20  17  2  -6  4  0  1  1  0  5.77  75           340 000
23770029 Oksanen Ahti 13  5  2  7  0  0  2  0  1  62  3  2  1  5  -5  0  0  0  1  0  6.85  89           310 000
29818817 Piironen Lauri 0  0  0  0  0  0  0  0  0  0  0  0  0  0  0  0  0  0  0  0  0  0           160 000
100026800 Radke Roy 9  1  1  2  0  0  0  0  0  16  0  1  1  3  -6  4  0  0  0  0  2.67  24           275 000
23179141 Salminen Saku 12  0  0  0  0  0  0  0  0  20  2  62  52  2  -4  4  0  0  0  0  1.83  22           210 000
40005264 Sjoholm Sebastian 0  0  0  0  0  0  0  0  0  0  0  0  0  0  0  0  0  0  0  0  0  0           190 000
23330074 Stromberg Kim 12  3  1  4  0  0  0  0  0  27  1  2  7  4  -6  14  0  0  0  0  3.25  39           235 000
25458802 Tanus Jonatan 13  3  7  10  0  0  0  0  0  47  3  2  5  5  -8  4  0  0  1  1  6.38  83           325 000
23659810 Virkkunen Valtteri 12  0  0  0  0  0  0  0  0  17  3  1  2  2  -1  0  0  0  0  0  1.42  17           220 000
25329384 Vuoti Santeri 0  0  0  0  0  0  0  0  0  0  0  0  0  0  0  0  0  0  0  0  0  0           200 000
Sport
ID Maalivahti O M S P V H TP TO PM NP JM OR X XX XXX LPP/O LPP Arvo
25652271 Iilahti Jonathan 9  0  0  0  1  4  4  228  25  0  0  0  1  0  0  4.89  44               305 000
21851801 Jarvinen Mika 5  0  0  0  0  3  1  85  14  0  0  0  0  0  0  0.00  0               310 000
31895912 Soderlund Eemil 0  0  0  0  0  0  0  0  0  0  0  0  0  0  0  0  0               240 000
ID Puolustaja O M S P AVM AVS VM TM JA L B ALV ALH + - JM OR X XX XXX LPP/O LPP Arvo
24324348 Grondahl Ari 13  2  4  6  0  0  0  0  0  58  12  0  0  9  -9  12  0  1  1  0  7.08  92               335 000
22281865 Laitamaki Juho-Erik 0  0  0  0  0  0  0  0  0  0  0  0  0  0  0  0  0  0  0  0  0  0               170 000
22510552 Manninen Oskari 0  0  0  0  0  0  0  0  0  0  0  0  0  0  0  0  0  0  0  0  0  0               290 000
22675468 Nevalainen Niklas 13  0  1  1  0  0  0  0  0  25  0  0  0  3  -13  6  0  0  0  0  0.92  12               230 000
28891819 Salo Robin 5  0  1  1  0  0  0  0  0  12  0  0  0  2  -1  0  0  0  0  0  3.60  18               245 000
23217870 Saukko Ville 12  0  0  0  0  0  0  0  0  18  2  0  0  1  -9  2  0  0  0  0  0.00  0               220 000
24223973 Sund Tony 11  1  1  2  0  0  0  0  0  12  0  0  0  7  -5  8  0  0  0  0  3.82  42               235 000
23517198 Tuulola Joni 11  0  4  4  0  0  0  0  0  27  4  0  0  6  -5  6  0  0  0  0  5.18  57               320 000
100031355 Wrenn William 8  0  1  1  0  0  0  0  0  12  2  0  0  5  -4  2  0  1  0  0  3.25  26               280 000
30018729 Akerman Tobias 1  0  0  0  0  0  0  0  0  0  0  0  0  0  0  0  0  0  0  0  0.00  0               215 000
ID Hyokkaaja O M S P AVM AVS VM TM JA L B ALV ALH + - JM OR X XX XXX LPP/O LPP Arvo
21292664 Ainali Aleksi 13  4  3  7  0  0  0  0  0  39  3  18  25  6  -12  14  0  0  0  0  5.62  73           285 000
24641005 Kalapudas Antti 13  3  3  6  0  0  0  0  0  33  1  110  94  6  -8  0  0  0  1  1  5.08  66           275 000
27407152 Kiviranta Joel 13  1  5  6  0  0  0  0  0  46  2  0  3  6  -9  10  0  0  0  0  5.00  65           305 000
22078939 Komulainen Joonas 10  0  5  5  0  0  0  0  0  18  2  56  52  3  -7  4  0  2  0  0  4.00  40           310 000
22237482 Korkko Tomi 12  2  3  5  0  0  0  0  0  24  2  3  7  6  -3  2  0  0  1  0  4.33  52           250 000
22276391 Laine Mikko 13  1  0  1  0  0  0  0  0  29  4  1  2  6  -3  2  0  0  2  0  3.08  40           220 000
27657957 Lehtimaki Miro 1  0  0  0  0  0  0  0  0  1  0  2  0  0  -1  0  0  0  0  0  1.00  1           195 000
22671530 Nenonen Markus 13  3  2  5  0  0  0  0  0  86  4  1  5  4  -8  4  0  1  0  0  6.15  80           385 000
100025939 Parks Michael 11  0  0  0  0  0  0  0  0  22  1  0  1  1  -7  4  0  0  0  0  1.09  12           320 000
24230814 Paukku Jesse 12  1  1  2  0  0  1  0  0  13  2  4  4  3  -12  2  0  0  0  0  1.67  20           215 000
100025938 Povorozniouk Sam 10  2  1  3  0  0  0  0  0  13  0  6  13  3  0  4  0  0  0  0  3.10  31           270 000
25661505 Rantamaki Jesse 0  0  0  0  0  0  0  0  0  0  0  0  0  0  0  0  0  0  0  0  0  0           150 000
23064609 Riska Erik 13  1  7  8  0  0  0  0  0  33  7  42  42  6  -7  10  0  0  0  1  5.62  73           255 000
25116157 Riska Filip 8  1  1  2  0  0  0  0  0  16  4  33  29  2  -3  0  0  0  0  0  3.13  25           240 000
23179170 Salminen Sami 0  0  0  0  0  0  0  0  0  0  0  0  0  0  0  0  0  0  0  0  0  0           180 000
28506900 Tikka Tommi 13  0  5  5  0  0  0  0  0  41  5  129  84  3  -10  6  0  0  0  0  5.15  67           290 000
23500545 Tuomisto Tomi 1  0  0  0  0  0  0  0  0  2  0  1  1  0  0  0  0  0  0  0  1.00  1           225 000
23597163 Vauhkonen Olavi 13  7  3  10  0  0  1  2  2  50  2  12  18  5  -3  4  0  0  0  1  8.23  107           345 000
Tappara
ID Maalivahti O M S P V H TP TO PM NP JM OR X XX XXX LPP/O LPP Arvo
21589720 Heljanko Christian 4  0  0  0  2  1  1  90  12  0  0  0  1  1  0  5.25  21               320 000
40035616 Hrachovina Dominik 9  0  0  0  3  4  2  224  22  0  0  0  0  0  1  5.44  49               380 000
30582802 Rautiainen Kimmo 0  0  0  0  0  0  0  0  0  0  0  0  0  0  0  0  0               215 000
ID Puolustaja O M S P AVM AVS VM TM JA L B ALV ALH + - JM OR X XX XXX LPP/O LPP Arvo
21403877 Elorinne Aleksi 13  1  0  1  0  0  1  0  0  35  4  0  0  5  -3  4  0  0  0  0  3.69  48               255 000
21974869 Kemilainen Valtteri 13  0  2  2  0  0  0  0  0  25  0  0  0  8  -5  12  0  0  0  0  4.15  54               320 000
22358280 Lehtonen Mikko 13  4  3  7  0  0  2  0  0  68  1  1  0  6  -8  6  0  2  0  1  8.46  110               380 000
24890199 Mikkola Niko 13  1  1  2  0  0  0  0  0  40  2  0  0  9  -9  6  0  0  0  0  4.15  54               325 000
23000702 Rantakari Otso 13  3  5  8  0  0  0  1  0  68  0  0  0  8  -5  32  0  0  2  0  8.85  115               400 000
24127529 Rouhiainen Jere 0  0  0  0  0  0  0  0  0  0  0  0  0  0  0  0  0  0  0  0  0  0               190 000
24190598 Salonen Aleksi 13  1  2  3  0  0  0  0  0  14  1  0  0  6  -6  2  0  0  0  0  3.15  41               290 000
30738423 Utunen Toni 0  0  0  0  0  0  0  0  0  0  0  0  0  0  0  0  0  0  0  0  0  0               180 000
23680559 Vittasmaki Veli-Matti 13  1  2  3  0  0  0  0  0  27  1  0  0  8  -9  0  0  1  0  0  3.54  46               315 000
ID Hyokkaaja O M S P AVM AVS VM TM JA L B ALV ALH + - JM OR X XX XXX LPP/O LPP Arvo
21785090 Jasu Juhani 9  2  1  3  0  0  0  0  0  11  6  114  92  5  -3  4  0  0  1  0  5.44  49           335 000
21848539 Jarvinen Jan-Mikael 12  0  5  5  0  0  0  0  0  27  0  55  75  5  -5  31  0  0  0  0  2.83  34           320 000
21851458 Jarvinen Matti 13  0  5  5  0  0  0  0  0  23  0  111  81  4  -10  4  0  0  0  0  3.54  46           285 000
21924709 Karjalainen Jere 13  1  4  5  0  0  0  0  0  44  7  0  0  7  -8  6  0  0  0  0  5.08  66           340 000
24622477 Kuusela Kristian 13  3  6  9  0  0  0  0  0  49  0  13  17  8  -6  2  0  0  0  0  6.08  79           385 000
27746619 Levtchi Anton 3  0  0  0  0  0  0  0  0  0  0  0  0  1  -1  0  0  0  0  0  0.33  1           190 000
28745305 Luoto Joona 10  1  0  1  0  0  0  0  0  15  1  0  1  1  -5  4  0  0  0  0  1.80  18           250 000
24064653 Makinen Otto 3  0  0  0  0  0  0  0  0  0  0  7  5  1  -2  2  0  0  0  0  1.00  3           200 000
24942005 Nurmi Teemu 11  1  1  2  0  0  0  0  0  20  0  3  4  3  -4  2  0  0  0  0  2.45  27           240 000
23764585 Ojamaki Niko 13  0  4  4  0  0  0  0  0  34  1  0  6  7  -5  2  0  0  0  0  3.46  45           310 000
22842712 Peltola Jukka 12  3  3  6  1  0  0  0  0  36  6  14  17  8  -4  0  0  0  0  1  6.25  75           380 000
25113804 Rauhala Otto 13  4  2  6  1  0  1  0  0  42  2  97  77  10  -4  6  0  0  1  1  7.54  98           305 000
25139587 Repo Sebastian 13  4  2  6  0  0  1  0  0  62  2  11  6  5  -5  12  0  1  2  0  7.23  94           370 000
40315414 Zaborsky Tomas 13  2  4  6  0  0  1  0  0  40  1  2  1  7  -6  0  0  0  0  1  5.08  66           350 000
TPS
ID Maalivahti O M S P V H TP TO PM NP JM OR X XX XXX LPP/O LPP Arvo
29914410 Ignatjew Waltteri 0  0  0  0  0  0  0  0  0  0  0  0  0  0  0  0  0               200 000
28628202 Kaarlehto Karolus 0  0  0  0  0  0  0  0  0  0  0  0  0  0  0  0  0               220 000
23249408 Setanen Oskari 7  0  0  0  3  2  2  136  15  0  0  0  0  0  2  4.86  34               345 000
23451584 Tirronen Rasmus 7  0  0  0  3  3  0  157  14  2  0  0  1  0  1  9.14  64               320 000
ID Puolustaja O M S P AVM AVS VM TM JA L B ALV ALH + - JM OR X XX XXX LPP/O LPP Arvo
29587960 Berger Martin 8  0  1  1  0  0  0  0  0  11  4  0  0  3  -3  0  0  0  0  0  2.75  22               240 000
100026486 Ekestahl-Jonson Lucas 13  1  6  7  0  0  0  0  0  34  2  1  0  12  -6  2  0  0  0  0  7.31  95               330 000
23806498 Eronen Elmeri 13  0  4  4  0  1  0  0  0  21  7  0  0  8  -6  0  0  0  0  0  4.38  57               300 000
24318448 Forsstrom Jani 12  0  2  2  0  0  0  0  0  13  5  0  0  7  -6  8  0  0  0  0  3.42  41               245 000
100031231 Fraser Mark 13  0  3  3  0  0  0  0  0  29  3  0  0  8  -5  32  0  0  0  0  4.15  54               255 000
24381077 Heikkinen Ilkka 13  2  5  7  0  0  0  1  0  83  6  0  0  7  -10  6  0  0  0  0  8.08  105               410 000
24479743 Juolevi Olli 6  1  2  3  0  0  0  0  0  21  1  0  0  2  -4  0  0  0  0  0  5.33  32               405 000
31765398 Kaskinen Olli 3  0  0  0  0  0  0  0  0  0  0  0  0  0  0  0  0  0  0  0  0.00  0               185 000
29620597 Pylkkanen Eetu 0  0  0  0  0  0  0  0  0  0  0  0  0  0  0  0  0  0  0  0  0  0               165 000
27684548 Tallinder Henrik 7  1  2  3  0  0  0  1  0  26  5  0  0  7  -4  6  0  1  0  0  8.57  60               370 000
ID Hyokkaaja O M S P AVM AVS VM TM JA L B ALV ALH + - JM OR X XX XXX LPP/O LPP Arvo
24315179 Filppula Ilari 12  3  6  9  0  0  0  0  0  37  1  77  70  8  -10  12  0  1  2  0  7.33  88           440 000
40005898 Kakko Kaapo 3  0  1  1  0  0  0  0  0  4  1  0  0  2  -3  0  0  1  0  0  3.33  10           240 000
28670140 Kallio Tomi 13  3  6  9  0  0  2  0  0  58  0  2  3  10  -10  2  0  1  0  2  7.46  97           445 000
29805082 Karvonen Elias 0  0  0  0  0  0  0  0  0  0  0  0  0  0  0  0  0  0  0  0  0  0           255 000
23837263 Kuru Hannu 4  1  2  3  1  0  0  0  0  6  1  18  22  4  -2  0  0  0  0  0  7.00  28           220 000
22266806 Lahtinen Timi 0  0  0  0  0  0  0  0  0  0  0  0  0  0  0  0  0  0  0  0  0  0           185 000
24808136 Lindsten Jasper 8  1  4  5  0  0  1  0  0  28  0  0  0  5  -3  2  0  0  0  0  6.13  49           355 000
24916798 Nieminen Otto 2  1  0  1  0  0  0  0  0  6  0  1  1  1  0  0  0  0  0  0  6.00  12           220 000
29991637 Nurmi Markus 7  2  0  2  0  0  0  0  0  14  1  11  29  3  -3  0  0  0  0  0  2.43  17           225 000
40005897 Pajuniemi Lauri 13  0  1  1  0  0  0  0  0  29  1  0  4  1  -1  2  0  0  0  1  2.00  26           210 000
27900714 Palmu Petrus 13  4  6  10  0  0  1  0  0  50  1  4  2  7  -7  4  0  1  2  1  7.62  99           350 000
24977737 Perrin Eric 13  6  2  8  0  0  1  0  1  43  3  144  130  9  -9  10  0  1  2  1  8.31  108           430 000
25032105 Pikkarainen Ilkka 12  1  3  4  0  1  0  0  0  28  2  14  14  8  -6  33  0  0  0  0  4.08  49           295 000
25652103 Siiki Oskari 10  4  0  4  0  0  0  0  0  22  0  0  1  5  -4  2  0  1  0  0  4.40  44           235 000
25454547 Taavitsainen Topi 6  0  1  1  0  0  0  0  0  3  0  0  3  1  -1  0  0  0  0  0  0.67  4           205 000
28262723 Virta Patrik 13  2  4  6  0  0  1  0  0  53  2  46  41  8  -6  0  0  0  1  0  5.85  76           360 000
23669075 Virtanen Jonne 13  0  1  1  0  0  0  0  0  4  1  58  59  3  -1  6  0  0  0  0  1.38  18           215 000
29837610 Vayrynen Teemu 13  2  0  2  1  0  0  0  0  24  1  22  44  3  -5  6  0  0  1  0  2.54  33           230 000
Assat
ID Maalivahti O M S P V H TP TO PM NP JM OR X XX XXX LPP/O LPP Arvo
34282069 Bernard Andreas 12  0  0  0  2  7  3  299  34  0  2  0  2  2  1  4.75  57               340 000
25655472 Kiviaho Henri 3  0  0  0  0  1  0  46  5  0  0  0  0  0  0  1.67  5               305 000
29849488 Kiviluoma Kalle 0  0  0  0  0  0  0  0  0  0  0  0  0  0  0  0  0               210 000
ID Puolustaja O M S P AVM AVS VM TM JA L B ALV ALH + - JM OR X XX XXX LPP/O LPP Arvo
40371281 Blood Ben 11  2  0  2  0  0  0  0  0  25  1  0  0  4  -2  35  0  0  0  0  3.91  43               250 000
24311021 Ervasti Niko 0  0  0  0  0  0  0  0  0  0  0  0  0  0  0  0  0  0  0  0  0  0               160 000
40470643 Matushkin Maksim 13  2  5  7  0  0  0  0  0  62  3  0  0  6  -11  6  0  1  0  0  6.92  90               385 000
29786062 Makela Aleksi 12  0  0  0  0  0  0  0  0  18  6  0  0  3  -7  2  0  0  0  0  1.17  14               215 000
22843711 Peltola Niko 13  0  3  3  0  0  0  0  0  29  6  0  0  10  -10  8  0  0  0  0  4.62  60               295 000
23241406 Seppala Jere 1  0  0  0  0  0  0  0  0  0  0  0  0  0  0  0  0  0  0  0  0.00  0               310 000
23384884 Taimi Tommi 8  1  1  2  0  0  0  0  0  26  3  0  0  6  -4  20  0  0  0  0  6.13  49               350 000
23470251 Tommila Juho 1  0  0  0  0  0  0  0  0  1  0  0  0  1  -1  0  0  0  0  0  2.00  2               280 000
23485961 Tuohilampi Kristian 13  0  1  1  0  0  0  0  0  33  3  0  0  3  -4  16  0  0  0  0  2.38  31               245 000
28504481 Vuorisalo Teemu 12  0  0  0  0  0  0  0  0  38  6  0  0  3  -9  8  0  0  0  0  2.25  27               240 000
29065479 Walli Juuso 9  0  0  0  0  0  0  0  0  18  2  0  0  2  -5  6  0  0  0  0  1.67  15               210 000
ID Hyokkaaja O M S P AVM AVS VM TM JA L B ALV ALH + - JM OR X XX XXX LPP/O LPP Arvo
24271404 Appelgren Niklas 11  0  2  2  0  0  0  0  0  24  0  29  43  2  -5  4  0  0  0  0  1.73  19           220 000
21667257 Huhtanen Tuomas 7  0  1  1  0  0  0  0  0  16  1  0  0  1  -4  6  0  0  0  0  2.71  19           260 500
100025459 Insam Marco 13  1  4  5  0  0  0  0  0  36  3  1  0  6  -9  2  0  1  0  0  4.15  54           265 000
27852901 Juhola Jouka 0  0  0  0  0  0  0  0  0  0  0  0  0  0  0  0  0  0  0  0  0  0           200 000
21829260 Juusela Aki 1  0  0  0  0  0  0  0  0  2  0  0  1  0  0  0  0  0  0  0  0.00  0           240 000
22101686 Korhonen Ville 13  2  3  5  0  0  0  0  0  37  4  4  7  6  -6  0  0  0  0  0  4.08  53           285 000
28976718 Kotkaniemi Jesperi 12  2  6  8  0  0  0  0  0  31  3  4  1  8  -6  4  0  0  0  0  6.17  74           280 000
24608682 Kuparinen Matti 10  3  1  4  0  0  0  0  0  13  3  91  83  6  -2  0  0  0  0  0  4.50  45           260 000
22227780 Karki Jarno 13  4  3  7  0  0  0  1  0  61  5  98  115  7  -8  6  0  0  2  0  6.77  88           360 000
100027457 Laganiere Antoine 13  3  3  6  0  0  2  0  0  57  2  1  3  2  -6  12  0  0  0  2  6.31  82           355 000
24719953 Lamberg Matti 10  1  1  2  0  0  0  0  0  9  0  0  1  3  -2  0  0  0  0  0  2.00  20           205 000
22479185 Lahteenmaki Sami 12  1  2  3  0  0  0  0  0  31  2  2  4  6  -9  6  0  1  1  0  3.58  43           305 000
24881755 Makkonen Jussi 13  0  3  3  0  0  0  0  0  30  0  127  126  5  -11  6  0  0  0  0  2.62  34           285 000
40266650 Mcrae Philip 4  0  2  2  0  0  0  0  0  14  0  29  32  0  -6  25  0  0  0  0  0.25  1           310 000
23155013 Saha Mikael 11  1  1  2  0  0  0  0  0  16  1  11  19  3  -5  0  0  0  1  0  1.73  19           225 000
23179112 Salminen Sakari 1  0  0  0  0  0  0  0  0  3  0  0  0  0  -2  0  0  0  0  0  0.00  0           365 000
23181087 Salmio Mikko 3  1  2  3  0  0  1  0  0  4  1  2  3  0  -1  2  0  0  0  1  7.67  23           315 000
25651492 Suoranta Simon 4  2  1  3  0  0  0  0  0  14  1  0  0  3  -1  0  0  0  0  0  7.25  29           345 000
23398634 Tammi Valtteri 3  0  0  0  0  0  0  0  0  1  3  0  0  0  0  0  0  0  0  0  1.00  3           190 000
24177618 Varttinen Matias 0  0  0  0  0  0  0  0  0  0  0  0  0  0  0  0  0  0  0  0  0  0           210 000
