HIFK
ID Maalivahti O M S P V H TP TO PM NP JM OR X XX XXX LPP/O LPP Arvo
24288659 Backstrom Niklas 2  0  0  0  1  0  1  19  2  0  0  0  0  0  0  3.50  7               305 000
21406421 Engren Atte 7  0  0  0  3  2  1  144  16  1  0  0  0  2  0  6.43  45               365 000
28890904 Halonen Niilo 0  0  0  0  0  0  0  0  0  0  0  0  0  0  0  0  0               170 000
24185189 Lankinen Kevin 0  0  0  0  0  0  0  0  0  0  0  0  0  0  0  0  0               320 000
HPK
28944258 Karjalainen Antti 2  0  0  0  0  1  1  49  6  0  0  0  1  0  0  3.50  7               300 000
27828252 Larmi Emil 7  0  0  0  4  2  1  185  12  1  4  0  0  1  0  9.57  67               370 000
29652963 Luukkonen Ukko-Pekka 0  0  0  0  0  0  0  0  0  0  0  0  0  0  0  0  0               250 000
Ilves
24329479 Helenius Riku 5  0  0  0  1  3  0  95  15  0  0  0  1  0  0  1.40  7               315 000
22353515 Lehtonen Antti 0  0  0  0  0  0  0  0  0  0  0  0  0  0  0  0  0               325 000
29857823 Ruusu Markus 6  0  0  0  1  4  1  129  27  0  2  0  0  1  0  -1.00  -6               290 000
30049772 Urpolahti Waltteri 0  0  0  0  0  0  0  0  0  0  0  0  0  0  0  0  0               185 000
Jukurit
24280631 Aho Juhana 1  0  0  0  0  0  0  9  3  0  0  0  0  0  0  -3.00  -3               290 000
27661231 Dufva Valentin 0  0  0  0  0  0  0  0  0  0  0  0  0  0  0  0  0               195 000
22993098 Rajaniemi Sami 8  0  0  0  1  5  2  184  23  0  0  0  1  0  1  3.25  26               330 000
JYP
22322342 Laurikainen Eetu 5  0  0  0  2  3  0  109  11  0  0  0  1  0  1  5.20  26               330 000
24158200 Olkinuora Juho 5  0  0  0  0  3  2  105  16  0  0  0  0  1  0  1.80  9               340 000
KalPa
40385084 Godla Denis 8  0  0  0  3  3  2  194  23  0  2  0  0  0  0  4.63  37               335 000
24390673 Hovinen Niko 0  0  0  0  0  0  0  0  0  0  0  0  0  0  0  0  0               325 000
29784747 Metsavainio Elmeri 0  0  0  0  0  0  0  0  0  0  0  0  0  0  0  0  0               225 000
32372777 Ruotsalainen Arttu 0  0  0  0  0  0  0  0  0  0  0  0  0  0  0  0  0               185 000
KooKoo
24487984 Jarvenpaa Juha 8  0  0  0  1  1  6  216  25  1  10  0  0  2  0  6.88  55               335 000
22861900 Perhonen Samu 2  0  1  1  1  0  1  69  8  0  0  0  0  0  0  13.50  27               320 000
31635062 Salminen Oskari 0  0  0  0  0  0  0  0  0  0  0  0  0  0  0  0  0               230 000
Karpat
32498965 Annunen Justus 0  0  0  0  0  0  0  0  0  0  0  0  0  0  0  0  0               200 000
23109412 Rynnas Jussi 3  0  0  0  0  1  1  58  7  0  0  0  0  0  0  2.67  8               360 000
29924154 Vehvilainen Veini 7  0  0  0  6  1  0  162  10  3  0  0  2  0  1  14.00  98               355 000
Lukko
27471104 Kahkonen Kaapo 8  0  0  0  4  2  2  189  15  0  0  0  2  0  1  7.63  61               385 000
27682964 Lehtinen Lassi 0  0  0  0  0  0  0  0  0  0  0  0  0  0  0  0  0               220 000
100025879 Ylonen Sebastian 0  0  0  0  0  0  0  0  0  0  0  0  0  0  0  0  0               280 000
Pelicans
29933666 Harald Joonas 0  0  0  0  0  0  0  0  0  0  0  0  0  0  0  0  0               190 000
24193980 Juvonen Janne 3  0  0  0  0  3  0  60  13  0  0  0  0  0  0  -2.33  -7               335 000
23684063 Voutilainen Joona 6  0  0  0  4  2  0  134  11  0  0  0  1  1  0  6.83  41               325 000
SaiPa
24838627 Markkanen Jussi 0  0  0  0  0  0  0  0  0  0  0  0  0  0  0  0  0               315 000
29969180 Tamminen Kristian 0  0  0  0  0  0  0  0  0  0  0  0  0  0  0  0  0               200 000
23486067 Tuohimaa Frans 7  0  0  0  5  1  1  191  8  1  0  0  2  0  3  13.43  94               350 000
27843800 Westerholm Niclas 1  0  0  0  0  1  0  41  4  0  0  0  1  0  0  9.00  9               220 000
Sport
21851801 Jarvinen Mika 9  0  0  0  1  5  3  202  26  0  14  0  1  1  0  2.22  20               330 000
24137690 Rinne Rasmus 2  0  0  0  0  0  0  5  0  0  0  0  0  0  0  0.50  1               300 000
Tappara
21589720 Heljanko Christian 1  0  0  0  1  0  0  27  0  1  0  0  0  1  0  26.00  26               300 000
40035616 Hrachovina Dominik 9  0  0  0  5  0  4  212  17  1  2  0  1  1  0  9.00  81               390 000
30582802 Rautiainen Kimmo 0  0  0  0  0  0  0  0  0  0  0  0  0  0  0  0  0               215 000
TPS
28628202 Kaarlehto Karolus 0  0  0  0  0  0  0  0  0  0  0  0  0  0  0  0  0               220 000
23249408 Setanen Oskari 7  0  0  0  1  2  2  155  22  0  0  0  0  0  0  2.86  20               360 000
23451584 Tirronen Rasmus 4  0  0  0  2  2  0  75  8  0  0  0  0  0  0  4.00  16               305 000
Assat
34282069 Bernard Andreas 7  0  0  0  2  2  3  171  19  0  0  0  0  2  0  5.29  37               350 000
25655472 Kiviaho Henri 2  0  0  0  1  1  0  43  6  0  0  0  0  0  0  3.00  6               320 000
29849488 Kiviluoma Kalle 0  0  0  0  0  0  0  0  0  0  0  0  0  0  0  0  0               240 000
HIFK
ID Puolustaja O M S P AVM AVS VM TM JA L B ALV ALH + - JM OR X XX XXX LPP/O LPP Arvo
21415137 Eronen Teemu 6  0  1  1  0  0  0  0  0  30  1  0  0  3  -5  4  0  0  0  0  4.50  27               370 000
40431556 Finley Joe 0  0  0  0  0  0  0  0  0  0  0  0  0  0  0  0  0  0  0  0  0  0               230 000
28843210 Heiskanen Miro 8  5  3  8  0  0  1  0  0  36  0  0  0  10  -3  6  0  0  0  3  15.63  125               415 000
24235673 Kaski Oliwer 8  0  0  0  0  0  0  0  0  34  2  0  0  8  -4  2  0  0  0  0  5.00  40               255 000
40310918 O'connor Ryan 8  0  4  4  0  0  0  0  0  39  3  0  0  6  -1  16  0  0  0  0  8.25  66               365 000
23167645 Salmela Saku 8  0  1  1  0  0  0  0  0  19  0  2  4  1  0  0  0  0  0  0  2.38  19               265 000
23170797 Salmi Juuso 6  1  0  1  0  0  1  0  0  10  1  0  0  4  -1  4  0  1  0  0  5.83  35               245 000
23424825 Teppo Miihkali 5  0  0  0  0  0  0  0  0  6  2  0  0  3  -1  0  0  0  0  0  2.40  12               210 000
30692420 Ulander Elias 2  0  0  0  0  0  0  0  0  5  0  0  0  2  0  0  0  0  0  0  4.50  9               200 000
25357521 Varakas Ville 0  0  0  0  0  0  0  0  0  0  0  0  0  0  0  0  0  0  0  0  0  0               290 000
HPK
29780877 Almari Niclas 6  0  2  2  0  0  0  0  0  9  2  0  0  3  -2  0  0  0  0  0  4.00  24               255 000
23837234 Friman Niklas 9  1  2  3  0  0  0  1  0  20  1  0  0  7  -6  4  0  0  0  0  5.22  47               260 000
24229715 Jalonen Jimi 0  0  0  0  0  0  0  0  0  0  0  0  0  0  0  0  0  0  0  0  0  0               190 000
21926286 Karjalainen Miro 6  0  1  1  0  0  0  0  0  3  1  0  0  3  -3  25  0  0  0  0  0.83  5               235 000
28942315 Laavainen Roope 8  0  0  0  0  0  0  0  0  14  7  0  0  3  -4  4  0  0  0  0  2.38  19               215 000
30644067 Latvala Otto 0  0  0  0  0  0  0  0  0  0  0  0  0  0  0  0  0  0  0  0  0  0               170 000
22346140 Lehtivuori Joonas 9  1  6  7  0  0  0  0  0  29  3  0  0  6  -6  6  0  0  0  0  8.56  77               360 000
100025980 Lindgren Jesper 8  1  1  2  0  0  1  0  0  14  0  0  0  5  -3  0  0  1  0  0  4.50  36               315 000
31209498 Niemelainen Markus 4  0  0  0  0  0  0  0  0  2  1  0  1  1  0  0  0  0  0  0  1.25  5               230 000
22709389 Nikkila Petteri 6  0  2  2  0  0  0  0  0  16  4  0  0  2  -4  4  0  0  0  0  4.33  26               310 000
23775707 Olkkonen Joel 1  0  0  0  0  0  0  0  0  0  0  0  0  0  -1  0  0  0  0  0  -2.00  -2               195 000
40457166 Porseland Mathias 3  2  1  3  0  0  2  0  0  10  0  0  0  2  0  2  0  1  0  0  14.00  42               365 000
24127529 Rouhiainen Jere 2  0  0  0  0  0  0  0  0  2  0  0  0  0  0  0  0  0  0  0  0.50  1               200 000
Ilves
100026231 Espeland Stefan 4  0  0  0  0  0  0  0  0  2  0  0  0  0  -4  0  0  0  0  0  -1.50  -6               280 000
27828414 Ilomaki Valtteri 7  0  0  0  0  0  0  0  0  2  0  0  0  1  -4  0  0  0  0  0  -0.43  -3               195 000
24786410 Laatikainen Arto 3  0  0  0  0  0  0  0  0  13  1  0  0  3  -7  2  0  0  0  0  1.67  5               265 000
27362239 Mantyla Henry 0  0  0  0  0  0  0  0  0  0  0  0  0  0  0  0  0  0  0  0  0  0               165 000
28905831 Parikka Jarkko 9  0  1  1  0  0  0  0  0  17  2  0  0  6  -4  2  0  0  0  0  3.44  31               250 000
100029133 Piskula Joseph 9  0  0  0  0  0  0  0  0  20  2  0  0  6  -10  4  0  0  0  0  1.89  17               245 000
22937737 Pulli Juuso 9  1  2  3  0  0  0  1  0  32  2  0  0  7  -12  16  0  0  0  0  4.44  40               285 000
23255023 Siikaluoma Taneli 0  0  0  0  0  0  0  0  0  0  0  0  0  0  0  0  0  0  0  0  0  0               190 000
25381270 Vainio Olli 9  0  3  3  0  0  0  0  0  31  0  0  0  8  -15  4  0  0  0  0  3.56  32               260 000
25334515 Viljanen Valtteri 9  0  2  2  0  0  0  0  0  22  1  0  0  7  -6  2  0  0  0  0  4.22  38               290 000
Jukurit
21352546 Auvinen Henri 5  0  0  0  0  0  0  0  0  0  0  0  0  0  0  0  0  0  0  0  0.00  0               205 000
24421720 Hietanen Valtteri 8  0  1  1  0  0  0  0  0  13  3  0  0  3  -5  4  0  0  0  0  2.50  20               245 000
21700651 Hyvarinen Ville 8  0  2  2  0  0  0  0  0  8  3  0  0  6  -6  6  0  0  0  0  4.13  33               235 000
21772430 Jaatinen Antti 8  0  2  2  0  0  0  0  0  23  4  0  0  2  -5  4  0  0  0  0  3.50  28               250 000
21913668 Karalahti Keni 7  0  1  1  0  0  0  0  0  13  2  0  0  6  -6  0  0  0  0  0  3.29  23               245 000
31128854 Kokkonen Mikko 0  0  0  0  0  0  0  0  0  0  0  0  0  0  0  0  0  0  0  0  0  0               185 000
22891255 Piipponen Samuli 8  0  1  1  0  0  0  0  0  11  2  0  0  5  -8  10  0  0  0  0  2.88  23               240 000
25014369 Pikkarainen Hannu 1  0  0  0  0  0  0  0  0  0  0  0  0  1  -1  0  0  0  0  0  1.00  1               255 000
30501197 Rasanen Ville 0  0  0  0  0  0  0  0  0  0  0  0  0  0  0  0  0  0  0  0  0  0               175 000
23334106 Suhonen Teemu 8  0  4  4  0  0  0  0  0  45  0  0  0  3  -10  2  0  0  0  1  5.13  41               280 000
JYP
21295959 Aitola Olli 0  0  0  0  0  0  0  0  0  0  0  0  0  0  0  0  0  0  0  0  0  0               185 000
24182470 AllXn Roni 2  0  0  0  0  0  0  0  0  4  0  0  0  0  -1  2  0  0  0  0  1.50  3               190 000
24300210 Erving Joona 0  0  0  0  0  0  0  0  0  0  0  0  0  0  0  0  0  0  0  0  0  0               175 000
28705727 Honka Anttoni 6  1  4  5  0  0  0  0  0  16  0  0  0  7  -2  0  0  0  0  0  10.00  60               245 000
24459695 Ikonen Ossi 10  0  0  0  0  0  0  0  0  20  1  0  0  2  -7  2  0  0  0  0  0.80  8               265 000
21799484 Jokinen Jaakko 10  0  2  2  0  0  0  0  0  28  1  0  0  5  -2  0  0  1  0  0  4.10  41               290 000
21892307 Kalteva Mikko 6  0  4  4  0  0  0  0  0  20  2  0  0  8  -4  2  0  0  0  0  9.17  55               385 000
24535632 Kuukka Mikko 10  0  0  0  0  0  0  0  0  13  2  0  0  3  -8  8  0  0  0  0  1.10  11               230 000
24715452 Lindroos Alex 0  0  0  0  0  0  0  0  0  0  0  0  0  0  0  0  0  0  0  0  0  0               180 000
24868147 Maenpaa Mikko 6  1  2  3  0  0  1  0  0  38  0  0  0  1  -6  4  0  0  0  0  6.50  39               365 000
23168071 Salmela Tuomas 2  0  0  0  0  0  0  0  0  0  0  0  0  0  0  4  0  0  0  0  2.00  4               205 000
23557763 Vainio Juuso 10  1  1  2  0  0  0  0  0  38  1  0  0  9  -4  4  0  0  0  0  6.10  61               280 000
40371299 Yonkman Nolan 8  1  0  1  0  0  0  0  0  13  1  0  0  1  -6  4  0  0  0  0  1.63  13               215 000
KalPa
24530970 Kinnunen Saku 0  0  0  0  0  0  0  0  0  0  0  0  0  0  0  0  0  0  0  0  0  0               200 000
24174048 Leskinen Otto 9  1  1  2  0  0  1  0  0  23  3  0  0  3  -3  6  0  0  0  1  5.00  45               255 000
22452814 Lukka Santeri 9  1  2  3  0  0  1  0  0  54  3  0  0  5  -8  16  0  1  0  1  6.56  59               360 000
100025311 Maione Mathew 9  1  4  5  0  0  0  0  0  60  3  0  0  7  -7  2  0  1  0  0  8.56  77               320 000
23824108 Makinen Konsta 9  0  1  1  0  0  0  0  0  4  0  0  0  1  -6  6  0  0  0  0  0.67  6               220 000
22808510 Parikka Valtteri 0  0  0  0  0  0  0  0  0  0  0  0  0  0  0  0  0  0  0  0  0  0               230 000
30951530 Riekkinen Joona 1  0  0  0  0  0  0  0  0  0  0  0  0  0  -2  0  0  0  0  0  -4.00  -4               175 000
25108217 Riikola Juuso 9  1  3  4  0  0  0  0  0  51  3  0  0  5  -8  2  0  0  0  1  7.00  63               355 000
23242492 Seppala Mikael 9  0  1  1  0  0  0  0  0  18  5  0  0  3  -10  10  0  0  0  0  2.11  19               265 000
25611403 Sopanen Eetu 0  0  0  0  0  0  0  0  0  0  0  0  0  0  0  0  0  0  0  0  0  0               195 000
KooKoo
21433957 Forsberg Henrik 0  0  0  0  0  0  0  0  0  0  0  0  0  0  0  0  0  0  0  0  0  0               230 000
40431930 Jacobsson Robin 0  0  0  0  0  0  0  0  0  0  0  0  0  0  0  0  0  0  0  0  0  0               310 000
27839788 Jarvinen Ville 9  0  1  1  0  0  0  0  0  1  2  0  0  2  -4  4  0  0  0  0  1.22  11               215 000
27841653 Keskitalo Miro 9  0  3  3  0  0  0  0  0  22  1  0  0  7  -4  2  0  0  0  0  5.22  47               250 000
100026143 Kristensen Emil 10  1  2  3  0  0  0  0  1  57  3  0  0  10  -5  4  0  0  1  0  8.40  84               355 000
40371409 Newton Jake 10  5  4  9  0  0  1  1  0  59  0  0  0  11  -8  0  0  2  0  1  12.60  126               365 000
22684873 Niemi Jyri 10  0  2  2  0  0  0  0  0  18  1  0  0  5  -6  8  0  0  0  0  3.70  37               235 000
25042564 Pelli Arttu 10  1  1  2  0  0  0  0  0  22  3  0  0  5  -6  2  0  0  0  0  3.50  35               240 000
30870187 Salmela Santeri 0  0  0  0  0  0  0  0  0  0  0  0  0  0  0  0  0  0  0  0  0  0               210 000
32033595 Seppala Peetro 0  0  0  0  0  0  0  0  0  0  0  0  0  0  0  0  0  0  0  0  0  0               150 000
25491335 Tuhkanen Niko 10  0  2  2  0  0  0  0  0  20  1  0  0  9  -9  4  0  0  0  0  3.90  39               255 000
28842826 Vainio Veeti 0  0  0  0  0  0  0  0  0  0  0  0  0  0  0  0  0  0  0  0  0  0               205 000
Karpat
21494006 Hakanpaa Jani 9  2  3  5  0  0  1  0  0  27  6  0  0  8  -4  6  0  0  1  1  9.67  87               325 000
40428666 Heshka Shaun 7  3  5  8  0  0  1  0  0  23  0  0  0  9  -4  0  0  1  0  0  13.14  92               420 000
24353539 Huttula Joona 1  0  0  0  0  0  0  0  0  2  0  0  0  1  0  2  0  0  0  0  6.00  6               170 000
100026177 Kivihalme Teemu 9  1  4  5  0  0  0  0  0  28  0  0  0  8  -3  2  0  1  1  0  8.22  74               340 000
22051859 Koivisto Miika 9  2  3  5  0  0  1  0  0  41  1  0  0  7  -6  2  0  1  2  0  8.67  78               425 000
30379468 Korhonen Juho 0  0  0  0  0  0  0  0  0  0  0  0  0  0  0  0  0  0  0  0  0  0               190 000
40312846 Kukkonen Lasse 7  0  2  2  0  0  0  0  0  16  0  0  0  2  -3  0  0  0  0  0  3.14  22               270 000
24825038 Makela Aleksi 5  0  0  0  0  0  0  0  0  6  1  0  0  0  -3  0  0  0  0  0  -0.20  -1               225 000
22679723 Niemela Mikko 9  0  1  1  0  0  0  0  0  8  2  0  0  2  -5  4  0  0  0  0  1.56  14               235 000
29679441 Ronkainen Taneli 7  0  2  2  0  0  0  0  0  10  0  0  0  3  -5  4  0  0  0  0  3.14  22               230 000
Lukko
24260583 Ahonen Rony 8  1  1  2  0  0  0  0  0  30  2  0  0  5  -2  14  0  0  1  0  5.75  46               335 000
24820363 Marttinen Jyri 7  1  1  2  0  0  0  0  0  21  2  0  0  6  -8  2  0  0  1  1  5.43  38               315 000
29389786 Mesikammen Konsta 0  0  0  0  0  0  0  0  0  0  0  0  0  0  0  0  0  0  0  0  0  0               170 000
100025878 Motin Johan 8  0  3  3  0  0  0  0  0  16  4  0  0  6  -4  0  0  0  0  0  5.00  40               300 000
24229184 Makinen Atte 5  0  0  0  0  0  0  0  0  6  0  0  0  1  -4  0  0  0  0  0  -0.20  -1               205 000
24939759 Niskala Janne 8  0  4  4  0  0  0  0  0  46  1  0  0  3  -3  6  0  1  0  0  7.63  61               380 000
25091997 Riikola Simo-Pekka 8  0  1  1  0  0  0  0  0  17  0  0  0  5  -5  4  0  0  0  0  3.25  26               295 000
24177003 Sevanen Roni 5  0  1  1  0  0  0  0  0  10  1  0  0  2  0  2  0  0  0  0  4.20  21               235 000
27683510 Suistio Santeri 0  0  0  0  0  0  0  0  0  0  0  0  0  0  0  0  0  0  0  0  0  0               180 000
Pelicans
30136368 Ek Aleksi 3  0  0  0  0  0  0  0  0  1  0  0  0  1  -1  0  0  0  0  0  0.67  2               200 000
24430148 Hannukkala Toni 0  0  0  0  0  0  0  0  0  0  0  0  0  0  0  0  0  0  0  0  0  0               195 000
24509817 Jurgens Casimir 6  0  1  1  0  0  0  0  0  17  2  0  0  3  -3  0  0  0  0  0  3.67  22               285 000
22148966 Kousa Mikko 5  3  3  6  0  0  0  0  0  21  1  0  0  5  0  6  0  0  1  0  16.00  80               385 000
40371282 Lassen Stefan 8  0  1  1  0  0  0  0  0  8  2  0  0  4  -9  12  0  0  0  0  2.38  19               265 000
24806743 Leimu Juha 7  0  1  1  0  0  0  0  0  26  0  0  1  1  -3  6  0  0  0  0  3.14  22               320 000
22504610 Manelius Nico 9  0  0  0  0  0  0  0  0  12  1  0  0  5  -8  4  0  0  0  0  1.44  13               255 000
28949855 Pynnonen Jarkko 0  0  0  0  0  0  0  0  0  0  0  0  0  0  0  0  0  0  0  0  0  0               200 000
100027207 Rowley Jordan 8  0  2  2  0  0  0  0  0  15  4  0  0  3  -4  2  0  0  0  0  3.75  30               275 000
23092192 Rukajarvi Roni 2  0  0  0  0  0  0  0  0  5  0  0  0  0  -1  0  0  0  0  0  0.50  1               210 000
100029872 Sulak Libor 7  1  5  6  0  0  0  0  0  42  2  0  0  7  -8  8  0  1  0  1  11.43  80               400 000
SaiPa
40372124 Carson Brett 8  0  1  1  0  0  0  0  0  14  4  0  0  4  -2  6  0  1  0  0  4.13  33               255 000
22064150 Kojo Markus 3  0  0  0  0  0  0  0  0  4  0  0  0  1  0  0  0  0  0  0  2.00  6               235 000
28515629 Koponen Santeri 0  0  0  0  0  0  0  0  0  0  0  0  0  0  0  0  0  0  0  0  0  0               200 000
24725109 Lappalainen Lasse 8  2  0  2  0  0  1  0  0  29  1  0  0  5  -2  6  0  0  0  0  6.63  53               325 000
22487436 Maalahti Kalle 8  2  2  4  0  0  1  1  0  22  1  0  0  6  -4  10  0  1  0  0  8.38  67               320 000
30127296 Maarnela Henry 5  0  0  0  0  0  0  0  0  2  1  0  0  1  -1  2  0  0  0  0  1.20  6               210 000
40036128 Savilahti Nagander Per 8  1  3  4  0  0  0  0  0  15  3  0  0  6  -1  16  0  0  0  1  7.25  58               240 000
25543115 Sneck Jere 7  0  1  1  0  0  0  0  0  9  0  0  0  2  -2  6  0  0  0  0  2.71  19               230 000
23387739 Taipalus Lauri 0  0  0  0  0  0  0  0  0  0  0  0  0  0  0  0  0  0  0  0  0  0               175 000
30033458 Torikka Kasperi 0  0  0  0  0  0  0  0  0  0  0  0  0  0  0  0  0  0  0  0  0  0               200 000
30487321 Vaakanainen Urho 8  0  2  2  0  0  0  0  0  19  4  0  0  7  -2  0  0  0  0  0  5.38  43               250 000
Sport
24324348 Grondahl Ari 9  1  2  3  0  0  0  0  0  22  3  0  0  4  -10  4  0  0  0  0  3.44  31               330 000
24555256 Kankaanpera Markus 2  0  1  1  0  0  0  0  0  0  1  0  0  1  -1  0  0  0  0  0  4.00  8               240 000
22281865 Laitamaki Juho-Erik 0  0  0  0  0  0  0  0  0  0  0  0  0  0  0  0  0  0  0  0  0  0               170 000
22510552 Manninen Oskari 9  1  1  2  0  0  0  0  0  23  3  0  0  6  -7  6  0  0  0  0  4.78  43               310 000
22675468 Nevalainen Niklas 8  0  3  3  0  0  0  0  0  19  1  0  0  1  -5  0  0  0  0  0  3.00  24               255 000
28891819 Salo Robin 9  0  1  1  0  0  0  0  0  30  1  0  0  3  -10  0  0  0  2  0  1.89  17               265 000
23217870 Saukko Ville 5  0  0  0  0  0  0  0  0  5  0  0  0  1  0  0  0  0  0  0  1.40  7               235 000
24223973 Sund Tony 6  0  0  0  0  0  0  0  0  6  1  0  0  1  -3  2  0  0  0  0  0.67  4               245 000
23517198 Tuulola Joni 9  0  1  1  0  0  0  0  0  22  2  0  0  6  -6  2  0  0  0  0  3.22  29               340 000
Tappara
21403877 Elorinne Aleksi 10  0  4  4  0  0  0  0  0  17  4  0  0  6  -3  4  0  0  0  0  5.50  55               295 000
21974869 Kemilainen Valtteri 10  0  3  3  0  0  0  0  0  24  0  0  0  6  -3  6  0  0  0  0  4.90  49               335 000
22358280 Lehtonen Mikko 10  0  0  0  0  0  0  0  0  49  2  0  0  5  -7  2  0  0  0  0  3.20  32               405 000
24890199 Mikkola Niko 9  0  3  3  0  1  0  0  0  18  1  0  0  10  -6  8  0  0  0  0  6.44  58               345 000
23000702 Rantakari Otso 10  3  4  7  0  0  0  0  1  55  0  0  0  8  -1  4  0  0  0  2  11.50  115               385 000
24190598 Salonen Aleksi 10  0  3  3  0  0  0  0  0  26  2  0  0  10  -3  0  0  0  0  0  5.90  59               330 000
30738423 Utunen Toni 0  0  0  0  0  0  0  0  0  0  0  0  0  0  0  0  0  0  0  0  0  0               160 000
23680559 Vittasmaki Veli-Matti 10  1  3  4  0  0  0  0  0  21  1  0  0  11  0  8  0  0  0  0  8.00  80               335 000
TPS
29587960 Berger Martin 9  0  1  1  0  0  0  0  0  14  2  0  0  5  -7  4  0  0  0  0  2.33  21               230 000
100026486 Ekestahl-Jonson Lucas 9  1  3  4  0  0  1  0  0  22  0  0  0  6  -13  6  0  1  0  0  4.56  41               305 000
23806498 Eronen Elmeri 9  1  2  3  0  0  0  0  0  26  1  1  0  4  -4  2  0  0  0  0  4.78  43               320 000
24318448 Forsstrom Jani 4  0  1  1  0  0  0  0  0  8  5  0  0  2  -1  0  0  0  0  1  5.25  21               250 000
24381077 Heikkinen Ilkka 8  2  6  8  0  0  1  0  0  39  2  0  0  8  -7  2  0  0  0  1  11.75  94               420 000
24479743 Juolevi Olli 9  3  3  6  0  0  0  0  1  20  3  0  0  10  -10  8  0  0  1  0  9.44  85               395 000
31765398 Kaskinen Olli 1  0  1  1  0  0  0  0  0  0  0  0  0  0  0  0  0  0  0  0  6.00  6               175 000
29620597 Pylkkanen Eetu 0  0  0  0  0  0  0  0  0  0  0  0  0  0  0  0  0  0  0  0  0  0               165 000
29948541 Reunanen Tarmo 6  0  1  1  0  0  0  0  0  4  0  2  0  2  -5  0  0  0  0  0  1.00  6               205 000
27684548 Tallinder Henrik 8  0  1  1  0  0  0  0  0  28  2  0  0  2  -5  4  0  0  0  0  3.00  24               335 000
Assat
40371281 Blood Ben 9  0  0  0  0  0  0  0  0  9  2  0  0  1  -2  28  0  0  0  0  2.22  20               245 000
24311021 Ervasti Niko 0  0  0  0  0  0  0  0  0  0  0  0  0  0  0  0  0  0  0  0  0  0               160 000
40470643 Matushkin Maksim 9  3  1  4  0  0  3  0  0  39  0  0  0  7  -7  6  0  0  0  2  8.89  80               410 000
29786062 Makela Aleksi 7  0  0  0  0  0  0  0  0  15  2  0  0  2  -2  2  0  0  0  0  2.14  15               225 000
22843711 Peltola Niko 9  1  3  4  0  0  0  0  0  17  2  0  0  9  -4  2  0  1  0  0  6.78  61               330 000
23241406 Seppala Jere 9  1  1  2  0  0  0  0  0  15  2  0  0  7  -4  6  0  1  0  1  5.56  50               310 000
23470251 Tommila Juho 9  1  3  4  0  0  0  1  0  21  0  0  0  8  -6  2  0  0  0  0  6.22  56               295 000
23485961 Tuohilampi Kristian 8  0  1  1  0  0  0  0  0  13  0  0  0  2  -1  0  0  0  0  0  2.25  18               230 000
28504481 Vuorisalo Teemu 2  0  0  0  0  0  0  0  0  0  0  0  0  0  0  0  0  0  0  0  0.00  0               220 000
29065479 Walli Juuso 0  0  0  0  0  0  0  0  0  0  0  0  0  0  0  0  0  0  0  0  0  0               200 000
HIFK
ID Hyokkaaja O M S P AVM AVS VM TM JA L B ALV ALH + - JM OR X XX XXX LPP/O LPP Arvo
24272490 Ahtola Jerry 3  0  1  1  0  0  0  0  0  4  0  4  10  1  0  0  0  0  0  0  2.33  7           270 000
100026105 Carlsson Patrik 8  1  3  4  0  0  0  0  0  29  1  29  29  5  -1  2  0  0  0  1  6.00  48           340 000
29695519 Engberg Teemu 0  0  0  0  0  0  0  0  0  0  0  0  0  0  0  0  0  0  0  0  0  0           180 000
24451091 Haataja Juha-Pekka 8  2  4  6  0  0  1  0  0  31  1  0  0  4  -2  0  0  0  0  0  6.75  54           395 000
30731093 Hamalainen Janne 0  0  0  0  0  0  0  0  0  0  0  0  0  0  0  0  0  0  0  0  0  0           175 000
30345845 Jaaska Juha 0  0  0  0  0  0  0  0  0  0  0  0  0  0  0  0  0  0  0  0  0  0           220 000
31639314 Kulmala Lauri 0  0  0  0  0  0  0  0  0  0  0  0  0  0  0  0  0  0  0  0  0  0           170 000
22497989 Malinen Jarkko 7  1  2  3  0  0  0  0  0  18  1  53  45  3  -3  0  0  0  0  0  4.43  31           330 000
24880895 Mieho Panu 4  1  0  1  0  0  0  0  0  10  1  23  17  1  -1  2  0  0  0  0  4.50  18           210 000
29615777 Nordgren Niklas 4  0  0  0  0  0  0  0  0  5  0  0  0  2  -1  0  0  0  0  0  1.75  7           220 000
22756329 Nykopp Thomas 8  0  5  5  0  0  0  0  0  18  2  68  77  6  -4  2  0  0  1  0  5.00  40           325 000
22815419 Partanen Mika 2  1  1  2  0  0  0  0  0  5  0  0  0  2  0  0  0  0  0  0  8.50  17           300 000
25012824 Petrell Lennart 8  0  2  2  0  0  0  0  0  18  2  1  0  3  -3  2  0  0  0  0  3.38  27           285 000
23017821 Rask Joonas 8  3  2  5  0  0  0  1  0  30  4  2  1  5  -5  0  0  0  0  0  6.75  54           355 000
23311954 Sopanen Vili 8  2  4  6  0  0  1  0  0  29  0  2  2  6  -3  0  0  2  0  0  7.13  57           360 000
25500873 Tamminen Henri 6  1  0  1  0  0  0  1  0  8  0  0  0  2  0  0  0  0  0  0  2.67  16           215 000
40431403 Thorell Erik 8  1  3  4  0  0  0  0  0  26  0  2  1  5  -3  4  0  0  0  0  5.63  45           380 000
23521977 Tyrvainen Juhani 8  4  4  8  0  0  0  0  0  20  1  53  53  8  -2  14  0  1  2  0  10.50  84           410 000
23793763 Asten Micke-Max 8  0  0  0  0  0  0  0  0  10  2  2  1  4  -1  8  0  0  0  0  3.25  26           235 000
HPK
100025978 Backman Victor 0  0  0  0  0  0  0  0  0  0  0  0  0  0  0  0  0  0  0  0  0  0           335 000
29690417 Innala Jere 9  1  0  1  0  0  0  0  0  25  0  0  0  1  -5  2  0  1  0  0  2.22  20           245 000
21870028 Kainulainen Harri 9  0  2  2  0  0  0  0  0  20  3  38  31  1  -4  4  0  0  1  0  3.22  29           230 000
24555418 Keranen Juho 7  0  0  0  0  0  0  0  0  5  0  36  33  1  -4  4  0  0  0  0  1.29  9           240 000
100025979 Krag Nikolaj 0  0  0  0  0  0  0  0  0  0  0  0  0  0  0  0  0  0  0  0  0  0           200 000
40432227 Krivosik Filip 1  0  0  0  0  0  0  0  0  0  0  0  0  0  0  0  0  0  0  0  0.00  0           180 000
24772275 Lahti Janne 7  1  2  3  0  0  0  0  0  25  1  1  0  3  -5  4  0  0  0  0  5.14  36           340 000
24703147 Lehtonen Mikko 6  1  2  3  0  0  0  0  1  20  0  0  0  5  -3  0  0  0  0  0  6.00  36           315 000
22366599 Leino Robert 9  1  6  7  0  0  1  0  0  24  3  99  58  7  -8  2  0  0  0  1  8.22  74           350 000
30391284 Maansaari Olli 1  0  0  0  0  0  0  0  0  1  0  0  0  0  0  0  0  0  0  0  1.00  1           190 000
100030396 Morin Jeremy 2  0  3  3  0  0  0  0  0  5  0  0  0  2  0  0  0  0  0  0  9.50  19           330 000
30137341 Maatta Niilo-Kustaa 1  0  0  0  0  0  0  0  0  1  0  4  2  0  0  0  0  0  0  0  2.00  2           195 000
27752328 Paajanen Otto 9  2  5  7  0  0  0  1  0  17  2  81  81  7  -1  0  0  0  0  0  6.67  60           360 000
22805092 Palve Oula 6  1  2  3  0  0  0  0  0  22  2  38  34  4  -2  4  0  0  0  1  7.17  43           370 000
23097498 Ruokonen Miro 9  1  1  2  0  0  0  0  0  16  2  0  0  2  -1  6  0  0  0  0  3.44  31           210 000
23264399 Sillanpaa Severi 0  0  0  0  0  0  0  0  0  0  0  0  0  0  0  0  0  0  0  0  0  0           230 000
23509177 Turtiainen Jaakko 9  1  1  2  0  0  0  0  0  17  2  1  1  2  -3  10  0  0  0  0  3.78  34           220 000
25506929 Turunen Teemu 9  5  4  9  0  0  0  0  0  32  3  0  0  8  -2  0  0  0  0  2  9.78  88           380 000
25489224 Tuulola Eetu 9  4  0  4  0  0  0  0  1  24  2  0  0  6  -6  8  0  0  1  2  7.00  63           300 000
29885743 Vesalainen Kristian 7  3  3  6  0  0  0  0  0  25  0  0  0  5  -2  0  0  0  2  1  8.43  59           320 000
Ilves
24256597 Ahoniemi Niko 0  0  0  0  0  0  0  0  0  0  0  0  0  0  0  0  0  0  0  0  0  0           185 000
29870486 Haapanen Topias 0  0  0  0  0  0  0  0  0  0  0  0  0  0  0  0  0  0  0  0  0  0           170 000
29028513 Ikonen Joona 0  0  0  0  0  0  0  0  0  0  0  0  0  0  0  0  0  0  0  0  0  0           230 000
24550471 Kangasniemi Antti 7  1  1  2  0  0  0  0  0  6  1  44  34  2  -7  0  0  0  0  0  2.29  16           245 000
28577104 Koivula Otto 9  1  5  6  0  0  0  0  0  21  1  3  4  6  -13  4  0  0  0  0  4.67  42           320 000
24235741 Koppanen Joona 9  0  5  5  0  0  0  0  0  18  1  49  68  7  -7  2  0  0  0  0  3.89  35           245 000
27777125 Kuronen Mikael 9  3  3  6  0  0  0  0  1  19  3  0  1  7  -7  6  0  0  1  0  6.78  61           290 000
22244996 Laakso Tapio 7  2  1  3  1  0  0  0  0  14  0  81  70  4  -7  2  0  0  0  0  5.29  37           345 000
28730556 Lepaus Teemu 8  0  2  2  0  0  0  0  0  10  0  0  2  2  -7  0  0  0  0  0  1.13  9           260 000
22441087 Liuksiala Juho 9  2  1  3  0  0  0  0  0  25  3  0  0  5  -7  0  0  1  0  0  4.22  38           250 000
26590031 Meskanen Ville 8  5  4  9  0  0  1  0  0  41  1  0  2  4  -6  0  0  0  0  0  9.00  72           340 000
23029644 Rautiainen Teemu 9  2  4  6  0  0  0  0  0  52  3  0  0  6  -12  2  0  1  1  0  7.11  64           360 000
25153974 Ruotsalainen Arttu 9  2  3  5  0  0  0  0  0  28  0  62  58  6  -6  6  0  0  0  0  5.89  53           280 000
23204825 Sandell Sami 6  2  2  4  0  0  0  0  0  26  0  3  4  1  -5  6  0  0  0  0  6.17  37           335 000
23351053 Suomi Eemeli 9  4  4  8  0  0  1  0  0  21  2  1  1  6  -6  2  0  0  1  2  8.22  74           325 000
23400483 Tamminen Juhani 4  1  0  1  0  0  0  0  0  7  0  42  21  2  -5  2  0  0  0  0  4.50  18           275 000
23577387 Valtonen Julius 6  0  1  1  0  0  0  0  0  11  0  0  1  1  -6  0  0  0  0  0  0.83  5           220 000
Jukurit
21345676 Asplund Turo 2  0  0  0  0  0  0  0  0  7  0  24  19  0  -1  0  0  0  0  0  2.50  5           285 000
40435937 Budish Zach 8  2  3  5  0  0  0  0  0  30  1  52  43  5  -4  10  0  0  0  0  7.50  60           345 000
21431409 Flinck Markku 7  0  2  2  0  0  0  0  0  6  1  37  37  4  -3  0  0  0  0  0  2.57  18           240 000
21600081 Henritius Teemu 8  4  0  4  0  0  0  0  0  11  0  17  22  5  -2  0  0  0  0  0  4.75  38           225 000
21659838 Hotakainen Valtteri 3  0  0  0  0  0  0  0  0  0  0  9  13  0  -2  0  0  0  0  0  -1.00  -3           245 000
21888612 Kalliola Joonas 8  2  1  3  1  0  0  1  0  22  4  5  1  4  -5  2  0  0  0  0  5.25  42           270 000
22049667 Koivisto Henrik 8  1  1  2  0  0  0  0  0  11  1  53  39  2  -3  6  0  0  1  0  3.88  31           310 000
22181127 Kumpulainen Janne 3  0  0  0  0  0  0  0  0  0  0  0  0  0  -2  0  0  0  0  0  -0.67  -2           215 000
24174051 Leskinen Ville 8  3  1  4  0  0  0  0  0  38  0  0  0  2  -5  0  0  1  0  0  5.50  44           305 000
22476117 Lahde Nestori 0  0  0  0  0  0  0  0  0  0  0  0  0  0  0  0  0  0  0  0  0  0           220 000
22895620 Piitulainen Jesper 8  0  2  2  0  0  0  0  0  10  0  1  5  2  -6  0  0  0  0  0  1.25  10           265 000
22906739 Pitkanen Ilmari 8  1  2  3  0  0  0  0  0  8  1  0  0  4  -5  2  0  0  0  0  3.13  25           230 000
25116623 Ritamaki Janne 6  1  1  2  0  0  0  0  0  15  0  0  0  2  -3  6  0  0  0  0  4.50  27           275 000
23075106 Roine Miika 8  1  2  3  0  0  0  0  0  19  5  9  18  2  -7  4  0  0  0  0  3.25  26           300 000
23394612 Tallberg Teemu 8  2  3  5  0  0  0  0  0  21  1  3  3  3  -5  2  0  0  0  0  5.13  41           305 000
23702275 Vahatalo Julius 8  2  2  4  0  1  1  0  0  12  0  65  66  4  -6  4  0  1  0  0  4.63  37           280 000
JYP
24415613 Hytonen Juha-Pekka 10  3  1  4  0  0  0  0  0  29  1  119  77  4  -6  6  0  0  0  0  6.20  62           400 000
24466950 Immonen Jarkko 10  1  3  4  0  0  0  0  0  43  1  117  69  5  -5  0  0  1  0  0  6.30  63           460 000
21802135 Jokinen Markus 3  0  0  0  0  0  0  0  0  1  2  0  0  0  -1  0  0  0  0  0  0.67  2           195 000
27775017 Kanninen Henri 10  2  0  2  0  0  0  0  0  24  0  43  37  4  -5  25  0  0  0  0  2.20  22           230 000
24638995 Kolehmainen Janne 8  0  2  2  0  0  0  0  0  26  4  4  1  3  -5  2  0  0  0  0  4.00  32           250 000
22260051 Lahti Miika 0  0  0  0  0  0  0  0  0  0  0  0  0  0  0  0  0  0  0  0  0  0           300 000
27775305 Likola Arttu 2  0  0  0  0  0  0  0  0  2  0  0  0  1  -2  0  0  0  0  0  0.50  1           200 000
24811398 Louhivaara Ossi 0  0  0  0  0  0  0  0  0  0  0  0  0  0  0  0  0  0  0  0  0  0           340 000
40463604 Miklik Michel 2  0  0  0  0  0  0  0  0  10  0  0  0  0  -1  0  0  0  0  0  2.50  5           440 000
22770842 Nattinen Joonas 10  1  6  7  0  0  0  0  0  27  0  15  12  7  -6  4  0  0  0  1  6.20  62           375 000
22953708 Puustinen Juuso 10  3  4  7  0  0  0  0  0  52  1  1  0  8  -8  4  0  0  0  0  7.80  78           455 000
28967947 Ratinen Samuli 0  0  0  0  0  0  0  0  0  0  0  0  0  0  0  0  0  0  0  0  0  0           165 000
33373610 Rooba Robert 10  2  0  2  0  0  0  0  0  45  0  0  0  3  -5  0  0  0  1  0  3.90  39           310 000
23137280 Saari Micke 8  1  1  2  0  0  0  0  0  13  0  4  2  2  -2  2  0  0  0  0  3.13  25           235 000
25611050 Sund Joel 6  0  1  1  0  0  0  0  0  14  3  0  0  2  -3  2  0  0  0  0  3.17  19           210 000
23349227 Suomela Antti 10  3  5  8  0  0  0  0  0  41  0  68  73  8  -7  0  0  1  0  0  7.00  70           430 000
25492334 Tiainen Riku 0  0  0  0  0  0  0  0  0  0  0  0  0  0  0  0  0  0  0  0  0  0           175 000
23505155 Tuppurainen Jani 9  3  4  7  0  0  1  0  0  26  0  1  1  4  -4  4  0  0  2  0  6.89  62           395 000
27647886 Turkulainen Jerry 10  2  4  6  0  0  0  0  0  21  0  0  0  8  -5  6  0  3  0  0  6.10  61           365 000
KalPa
40291921 Aaltonen Leevi 0  0  0  0  0  0  0  0  0  0  0  0  0  0  0  0  0  0  0  0  0  0           150 000
27416017 Ahtonen Tuomas 0  0  0  0  0  0  0  0  0  0  0  0  0  0  0  0  0  0  0  0  0  0           155 000
40453125 D'amigo Jerry 8  1  4  5  0  0  0  0  0  29  1  1  2  6  -6  14  0  0  0  1  5.88  47           345 000
25646106 Gymer Frank 5  0  1  1  0  0  0  0  0  4  1  0  1  0  -4  0  0  0  0  0  0.60  3           245 000
29554508 Ikonen Joni 8  0  1  1  0  0  0  0  0  16  0  34  47  2  -6  0  0  1  0  0  1.00  8           215 000
21804861 Jokinen Tommi 9  0  1  1  0  0  0  0  0  2  2  0  0  1  -3  2  0  0  0  0  1.00  9           275 000
30010662 Juusola Mikko 0  0  0  0  0  0  0  0  0  0  0  0  0  0  0  0  0  0  0  0  0  0           180 000
28576383 Kantola Kai 9  2  4  6  0  0  1  0  0  24  0  11  8  6  -8  0  0  0  1  0  5.56  50           335 000
27471447 Klemetti Aleksi 0  0  0  0  0  0  0  0  0  0  0  0  0  0  0  0  0  0  0  0  0  0           165 000
28570745 Knuutinen Henri 0  0  0  0  0  0  0  0  0  0  0  0  0  0  0  0  0  0  0  0  0  0           190 000
27943137 Kokkola Tatu 0  0  0  0  0  0  0  0  0  0  0  0  0  0  0  0  0  0  0  0  0  0           170 000
24226640 Kononen Juuso 0  0  0  0  0  0  0  0  0  0  0  0  0  0  0  0  0  0  0  0  0  0           160 000
22464239 Luostarinen Eetu 9  1  1  2  0  0  1  0  0  23  0  40  44  2  -3  6  0  0  1  0  3.78  34           250 000
24871956 Mutanen Sami 5  0  0  0  0  0  0  0  0  4  0  0  0  0  -1  2  0  0  0  0  0.60  3           265 000
30475553 Nevalainen Juuso 0  0  0  0  0  0  0  0  0  0  0  0  0  0  0  0  0  0  0  0  0  0           175 000
22750794 Nuutinen Mikko 9  1  0  1  0  0  0  1  0  19  2  1  7  1  -2  6  0  0  0  0  2.44  22           235 000
29859517 Piipponen Topi 0  0  0  0  0  0  0  0  0  0  0  0  0  0  0  0  0  0  0  0  0  0           200 000
25663901 Ruuttu Alexander 9  3  2  5  0  0  0  0  0  34  1  26  30  3  -4  0  0  0  0  0  5.22  47           270 000
34250949 Sebok Balazs 9  3  1  4  0  0  0  0  0  21  1  58  70  7  -7  2  0  0  1  0  4.56  41           300 000
23418213 Tavi Janne 9  1  3  4  0  0  0  0  0  23  0  2  1  4  -10  2  0  0  0  0  3.56  32           300 000
100025912 Texier Alexandre 9  2  1  3  0  0  0  0  0  21  0  6  14  3  -3  4  0  0  0  0  3.56  32           255 000
23560365 Vainiola Ville-Vesa 9  0  0  0  0  0  0  0  0  3  4  77  68  0  -5  6  0  0  0  0  1.22  11           235 000
KooKoo
40354092 Bjorkstrand Patrick 10  3  4  7  0  0  0  1  1  37  0  4  2  7  -4  4  0  0  0  1  7.80  78           345 000
21499603 Hakulinen Anrei 10  3  2  5  0  0  0  0  0  29  2  6  9  5  -4  0  0  0  0  0  4.90  49           320 000
21700554 Hyvarinen Toni 8  0  1  1  0  0  0  0  0  8  0  0  0  1  -4  4  0  0  0  0  1.50  12           230 000
21720152 Hamalainen Rasmus 0  0  0  0  0  0  0  0  0  0  0  0  0  0  0  0  0  0  0  0  0  0           200 000
24479303 Juutilainen Jan-Mikael 10  1  1  2  0  0  0  0  0  13  1  44  75  5  -4  2  0  0  0  0  1.80  18           220 000
21983740 Keranen Michael 10  6  9  15  0  0  0  0  0  55  0  30  23  14  -7  6  0  0  1  3  14.50  145           465 000
30417647 Korhonen Olli 2  0  0  0  0  0  0  0  0  2  0  0  0  0  0  0  0  0  0  0  1.00  2           210 000
24680943 Kahkonen Toni 8  2  3  5  0  0  0  0  0  15  0  0  1  9  -7  4  0  0  0  0  6.00  48           335 000
22372826 Leivo Tomi 9  2  2  4  0  0  0  0  0  19  0  0  0  4  -5  4  0  0  1  0  4.56  41           270 000
24748717 Liivik Siim 8  1  3  4  0  0  1  0  0  18  0  84  73  6  -4  14  0  0  0  0  7.13  57           300 000
25057054 Pitkanen Miikka 10  3  7  10  0  0  0  1  0  30  0  82  78  8  -8  4  0  0  3  0  8.30  83           330 000
25021572 Poysti Eetu 9  0  3  3  0  0  0  0  0  10  0  0  0  4  -3  6  0  0  0  0  3.22  29           245 000
23222302 Savilahti Eero 0  0  0  0  0  0  0  0  0  0  0  0  0  0  0  0  0  0  0  0  0  0           325 000
100030327 Stromwall Malte 4  3  1  4  0  0  0  0  0  25  0  0  1  3  -2  2  0  1  0  0  10.50  42           340 000
25494471 Tamminen Sami 4  2  1  3  0  0  1  0  0  2  0  0  1  4  -3  2  0  0  0  1  7.00  28           205 000
23555503 Vainikainen Ville 10  0  3  3  0  0  0  0  0  24  2  0  0  4  -4  0  0  0  0  0  3.40  34           215 000
24206929 Virtanen Mikko 10  0  1  1  0  0  0  0  0  16  4  51  78  1  -6  2  0  0  0  0  0.70  7           225 000
Karpat
21330445 Anttila Sami 0  0  0  0  0  0  0  0  0  0  0  0  0  0  0  0  0  0  0  0  0  0           230 000
34254136 Bertrand Charles 9  6  4  10  0  0  0  0  0  43  0  3  0  7  -7  4  0  0  0  1  10.33  93           490 000
24406130 Hermonen Julius 0  0  0  0  0  0  0  0  0  0  0  0  0  0  0  0  0  0  0  0  0  0           190 000
21673131 Humaloja Miska 7  0  1  1  0  0  0  0  0  9  2  44  44  2  0  4  0  0  0  0  2.86  20           270 000
24464062 Ikonen Jasse 5  1  1  2  0  0  0  0  0  9  2  3  4  2  -3  0  0  0  0  0  3.60  18           275 000
21817612 Junnila Jyri 9  0  2  2  0  0  0  0  0  6  5  10  12  4  -5  0  0  0  0  0  2.11  19           255 000
21819267 Junttila Julius 9  3  9  12  0  0  2  0  0  30  1  3  0  6  -7  6  0  0  1  1  10.67  96           470 000
23891364 Kangas Kristian 0  0  0  0  0  0  0  0  0  0  0  0  0  0  0  0  0  0  0  0  0  0           200 000
21940848 Karvinen Otto 0  0  0  0  0  0  0  0  0  0  0  0  0  0  0  0  0  0  0  0  0  0           220 000
27774063 Kestila Aku 2  0  0  0  0  0  0  0  0  1  0  9  9  0  -1  2  0  0  0  0  1.00  2           220 000
40245614 Koblizek Radek 3  1  1  2  0  0  1  0  0  6  1  0  3  1  0  2  0  0  0  0  6.67  20           225 000
24538367 Koivisto Juha 6  0  0  0  0  0  0  0  0  4  1  0  0  3  -2  0  0  0  0  0  1.33  8           230 000
28727446 Koskenkorva Jesse 1  0  0  0  0  0  0  0  0  0  0  2  3  0  0  0  0  0  0  0  -1.00  -1           210 000
29551488 Kuiri Niko 0  0  0  0  0  0  0  0  0  0  0  0  0  0  0  0  0  0  0  0  0  0           165 000
31635185 Kupari Rasmus 8  2  1  3  0  0  0  0  0  14  1  31  35  3  -3  0  0  1  0  0  3.50  28           230 000
100026171 Lasu Nicklas 9  1  3  4  0  0  0  0  0  28  4  63  70  7  -1  8  0  0  0  0  6.22  56           325 000
22393300 Leskinen Ville 8  5  3  8  0  0  0  0  0  27  0  1  3  7  -3  2  0  0  0  2  9.25  74           415 000
24895372 Maenalanen Saku 9  2  5  7  0  0  0  0  0  36  2  4  7  8  -3  0  0  0  0  0  7.22  65           340 000
25126574 Ruohomaa Mikael 9  3  7  10  0  0  1  0  0  40  1  118  97  7  -10  6  0  0  1  1  10.33  93           455 000
25589140 Sailio Jari 9  0  2  2  0  0  0  0  0  23  1  1  5  3  0  14  0  1  0  0  2.89  26           245 000
25345944 Vartiainen Tuomas 5  0  0  0  0  0  0  0  0  8  1  0  1  0  -1  0  0  0  0  0  0.80  4           195 000
Lukko
29446865 Antonen Joose 4  1  0  1  0  0  1  0  0  7  1  0  0  1  -2  0  0  0  0  0  3.50  14           240 000
40313185 Claireaux Valentin 8  0  2  2  0  0  0  0  0  12  0  5  6  3  -4  4  0  0  0  0  2.88  23           245 000
21440937 Friberg Jere 8  2  1  3  0  0  1  0  0  20  2  44  34  3  -2  2  0  0  0  1  5.50  44           230 000
100025877 Hillding Joakim 8  1  2  3  0  0  1  0  0  21  1  49  72  2  -4  0  0  0  0  0  2.63  21           290 000
29946679 Huhdanpaa Lauri 0  0  0  0  0  0  0  0  0  0  0  0  0  0  0  0  0  0  0  0  0  0           160 000
24463542 Ilomaki Arttu 8  1  3  4  0  0  0  0  0  20  0  104  90  3  -4  2  0  0  0  0  4.75  38           325 000
21983012 Keranen Janne 8  4  1  5  0  0  0  0  0  29  0  0  1  2  -2  12  0  1  0  1  5.75  46           400 000
24546935 Koivisto Toni 8  1  1  2  0  0  1  0  0  23  1  0  0  4  -3  0  0  0  0  0  4.00  32           360 000
23889127 Koivistoinen Eetu 8  2  0  2  0  0  0  0  0  19  0  5  5  4  -4  4  0  0  0  0  4.00  32           300 000
22396653 Liedes Heikki 8  0  2  2  0  0  0  0  0  12  1  0  0  3  -2  4  0  0  1  1  3.75  30           235 000
24219770 Niemela Joonas 0  0  0  0  0  0  0  0  0  0  0  0  0  0  0  0  0  0  0  0  0  0           210 000
30687613 Saarela Antti 1  0  0  0  0  0  0  0  0  0  0  0  0  0  0  0  0  0  0  0  0.00  0           205 000
25618516 Saarelainen Miro-Pekka 0  0  0  0  0  0  0  0  0  0  0  0  0  0  0  0  0  0  0  0  0  0           205 000
23251373 Siekkinen Jani 0  0  0  0  0  0  0  0  0  0  0  0  0  0  0  0  0  0  0  0  0  0           170 000
24153195 Suuronen Toni 8  0  0  0  0  0  0  0  0  9  5  0  0  2  -2  0  0  0  0  0  1.38  11           225 000
23441604 Tiivola Peter 7  2  2  4  0  0  1  0  0  20  1  47  47  6  -2  0  0  0  0  0  6.14  43           335 000
23483808 Tukonen Lauri 0  0  0  0  0  0  0  0  0  0  0  0  0  0  0  0  0  0  0  0  0  0           345 000
25344657 Vahalahti Ville 8  1  1  2  0  0  0  0  0  28  3  2  1  4  -4  2  0  0  0  0  4.63  37           380 000
27854909 Vidgren Aaro 0  0  0  0  0  0  0  0  0  0  0  0  0  0  0  0  0  0  0  0  0  0           200 000
23716863 Vayrynen Janne 5  0  0  0  0  0  0  0  0  6  0  0  0  2  -3  2  0  0  0  0  1.20  6           180 000
Pelicans
24244606 Alanne Joonas 3  1  0  1  0  0  0  0  0  3  1  0  0  1  -2  2  0  0  0  0  3.67  11           235 000
24290689 Bjorninen Hannes 0  0  0  0  0  0  0  0  0  0  0  0  0  0  0  0  0  0  0  0  0  0           315 000
21399185 Elimaki Roope 9  0  1  1  0  0  0  0  0  13  2  75  69  5  -4  2  0  0  0  0  2.56  23           230 000
24345974 Heikkinen Arttu 9  1  2  3  0  0  0  0  0  5  7  22  34  2  -5  2  0  0  0  0  2.33  21           210 000
28777551 Jantunen Jonne 6  0  4  4  0  0  0  0  0  24  0  0  0  2  -1  0  0  1  0  0  5.67  34           230 000
24650025 Kangasniemi Iikka 7  2  3  5  0  0  1  0  0  15  1  0  1  3  -6  0  0  1  1  1  5.86  41           380 000
22024624 Kivela Niko 2  0  0  0  0  0  0  0  0  1  0  0  0  0  -1  0  0  0  0  0  0.00  0           215 000
22051338 Koivisto Kimi 9  0  2  2  0  0  0  0  0  17  3  2  4  3  -2  0  0  0  0  0  2.67  24           245 000
27772764 Lahtinen Severi 1  0  0  0  0  0  0  0  0  1  0  0  2  0  0  0  0  0  0  0  0.00  0           170 000
22504856 Mankinen Jesse 3  0  1  1  0  0  0  0  0  8  0  2  3  0  -1  0  0  0  0  0  2.33  7           345 000
22598901 Mustonen Aleksi 0  0  0  0  0  0  0  0  0  0  0  0  0  0  0  0  0  0  0  0  0  0           305 000
32462030 Mustonen Joel 6  1  3  4  0  0  0  0  0  15  0  6  6  5  -3  2  0  0  0  0  6.00  36           275 000
28552909 Makitalo Roope 0  0  0  0  0  0  0  0  0  0  0  0  0  0  0  0  0  0  0  0  0  0           165 000
100028135 Pereskokov Vadim 9  2  2  4  0  0  1  0  0  17  1  0  2  4  -6  4  0  1  0  0  4.33  39           255 000
23039812 Rekonen Aleksi 9  1  5  6  0  0  0  0  0  29  2  7  3  5  -8  0  0  0  1  0  5.56  50           300 000
25630280 Saarinen Jesse 9  5  5  10  0  0  1  0  0  30  2  3  6  4  -4  4  0  0  0  2  9.22  83           355 000
23197615 Salonen Samuel 0  0  0  0  0  0  0  0  0  0  0  0  0  0  0  0  0  0  0  0  0  0           200 000
27355408 Siikonen Miska 9  6  1  7  0  0  0  0  0  31  2  97  80  5  -8  4  0  0  1  0  8.00  72           340 000
30628504 Tiihonen Miika 0  0  0  0  0  0  0  0  0  0  0  0  0  0  0  0  0  0  0  0  0  0           160 000
27847136 Toivola Artturi 6  0  1  1  0  0  0  0  0  8  1  35  39  3  -1  0  0  0  0  0  2.17  13           205 000
23521841 Tyrvainen Antti 6  2  2  4  0  0  0  0  0  7  4  42  46  2  -2  4  0  0  0  0  5.50  33           270 000
25443752 Vartiainen Taavi 9  0  1  1  0  0  0  0  0  9  4  3  7  1  -5  4  0  0  0  0  1.22  11           220 000
SaiPa
100025916 Goodwin David 8  2  2  4  0  0  0  0  0  16  4  2  11  5  -2  4  0  0  0  0  5.00  40           320 000
27776919 Iso-Mustajarvi Tomi 3  0  0  0  0  0  0  0  0  4  0  12  18  0  0  2  0  0  0  0  0.67  2           200 000
21878800 Kaksonen Elmeri 8  2  5  7  0  0  2  0  0  15  0  43  76  6  -2  14  0  0  1  1  6.38  51           280 000
21996203 Kettunen Janne 0  0  0  0  0  0  0  0  0  0  0  0  0  0  0  0  0  0  0  0  0  0           225 000
24666721 Koho Ville 8  1  3  4  0  0  0  0  0  7  4  82  84  3  -5  0  0  0  0  0  3.25  26           250 000
24680176 Koski Eetu 0  0  0  0  0  0  0  0  0  0  0  0  0  0  0  0  0  0  0  0  0  0           245 000
100027950 Kunyk Cody 8  4  4  8  0  0  2  0  0  22  1  81  98  8  -2  4  0  0  1  0  9.00  72           345 000
22483058 Lofman Anssi 0  0  0  0  0  0  0  0  0  0  0  0  0  0  0  0  0  0  0  0  0  0           295 000
40174442 Maia Bastien 5  1  1  2  0  0  0  0  0  3  0  1  0  3  -1  0  0  0  0  0  3.60  18           215 000
24894616 Monkare Antton 1  0  0  0  0  0  0  0  0  0  0  1  0  0  0  0  0  0  0  0  1.00  1           190 000
22710462 Nikko Joni 7  2  1  3  0  0  0  0  0  10  2  0  0  3  0  0  0  0  1  0  4.71  33           210 000
22770952 Nattinen Topi 8  0  3  3  0  0  0  0  0  25  4  6  6  4  -2  2  0  0  0  0  4.63  37           325 000
23770029 Oksanen Ahti 5  0  0  0  0  0  0  0  0  18  2  0  0  1  0  25  0  0  0  0  1.40  7           305 000
29818817 Piironen Lauri 0  0  0  0  0  0  0  0  0  0  0  0  0  0  0  0  0  0  0  0  0  0           160 000
100026800 Radke Roy 8  0  0  0  0  0  0  0  0  23  2  1  2  1  -3  8  0  0  0  0  2.63  21           260 000
23179141 Salminen Saku 3  0  0  0  0  0  0  0  0  4  0  9  9  2  0  0  0  0  0  0  2.33  7           205 000
40005264 Sjoholm Sebastian 1  0  0  0  0  0  0  0  0  1  1  0  0  0  -1  0  0  0  0  0  1.00  1           180 000
23330074 Stromberg Kim 8  1  1  2  0  0  0  0  0  15  1  5  5  4  -2  2  0  0  1  0  3.88  31           240 000
25458802 Tanus Jonatan 8  0  2  2  0  0  0  0  0  18  0  1  2  7  -3  2  0  0  0  0  4.00  32           290 000
23659810 Virkkunen Valtteri 4  0  0  0  0  0  0  0  0  4  2  1  1  1  0  0  0  0  0  0  1.75  7           235 000
25329384 Vuoti Santeri 4  1  0  1  0  0  0  0  0  4  0  0  1  1  0  2  0  0  0  0  3.00  12           200 000
Sport
21292664 Ainali Aleksi 9  1  2  3  0  0  0  0  0  23  3  16  18  4  -4  0  0  0  0  0  3.67  33           230 000
24641005 Kalapudas Antti 7  1  2  3  0  0  0  0  0  17  1  35  30  6  -2  0  0  0  0  0  5.14  36           250 000
27407152 Kiviranta Joel 9  2  3  5  0  0  0  0  0  25  3  1  0  4  -7  2  0  0  0  1  5.44  49           290 000
22078939 Komulainen Joonas 9  0  1  1  0  0  0  0  0  17  0  72  47  3  -6  4  0  1  0  0  3.00  27           330 000
22237482 Korkko Tomi 9  0  1  1  0  0  0  0  0  24  1  0  1  3  -5  10  0  0  0  0  1.56  14           240 000
22276391 Laine Mikko 9  0  0  0  0  0  0  0  0  15  3  0  1  0  -4  0  0  0  0  0  0.67  6           235 000
22671530 Nenonen Markus 8  0  4  4  0  0  0  0  0  47  1  2  0  4  -4  0  0  0  0  0  6.13  49           410 000
100025939 Parks Michael 9  3  0  3  0  0  0  1  0  34  0  1  2  2  -10  4  0  1  0  0  4.00  36           400 000
24230814 Paukku Jesse 0  0  0  0  0  0  0  0  0  0  0  0  0  0  0  0  0  0  0  0  0  0           200 000
100025938 Povorozniouk Sam 4  1  1  2  0  0  0  0  0  10  0  0  0  1  -1  54  0  0  0  0  1.25  5           315 000
25661505 Rantamaki Jesse 0  0  0  0  0  0  0  0  0  0  0  0  0  0  0  0  0  0  0  0  0  0           150 000
23064609 Riska Erik 9  0  2  2  0  0  0  0  0  20  1  9  9  3  -3  4  0  1  0  0  3.33  30           245 000
25116157 Riska Filip 8  1  0  1  0  0  1  0  0  10  1  54  47  1  -4  2  0  0  0  0  2.38  19           240 000
23179170 Salminen Sami 0  0  0  0  0  0  0  0  0  0  0  0  0  0  0  0  0  0  0  0  0  0           190 000
28506900 Tikka Tommi 7  0  1  1  0  0  0  0  0  22  1  60  62  2  -3  26  0  0  0  0  2.00  14           270 000
23597163 Vauhkonen Olavi 9  5  1  6  0  0  0  0  1  43  2  2  2  3  -2  2  0  0  2  1  8.33  75           375 000
25364666 Viitaluoma Ville 8  1  1  2  0  0  0  0  0  17  0  55  48  1  -8  6  0  0  0  0  2.88  23           355 000
Tappara
21785090 Jasu Juhani 10  4  1  5  1  0  1  0  0  26  4  127  105  4  -4  6  0  1  0  1  7.50  75           365 000
21848539 Jarvinen Jan-Mikael 10  3  6  9  0  0  0  0  0  14  0  74  77  5  -4  2  0  1  0  1  6.30  63           360 000
21851458 Jarvinen Matti 10  2  2  4  0  0  0  0  0  19  0  61  72  8  -1  0  0  0  0  0  4.30  43           350 000
21924709 Karjalainen Jere 10  7  2  9  0  0  1  0  0  27  2  0  0  8  -2  6  0  0  0  2  9.50  95           335 000
24622477 Kuusela Kristian 10  1  5  6  0  0  1  0  0  30  0  2  0  7  -4  2  0  0  0  0  5.80  58           430 000
22227780 Karki Jarno 7  0  0  0  0  0  0  0  0  13  2  1  0  4  -1  2  0  0  0  0  2.86  20           310 000
27746619 Levtchi Anton 0  0  0  0  0  0  0  0  0  0  0  0  0  0  0  0  0  0  0  0  0  0           200 000
28745305 Luoto Joona 9  2  3  5  0  0  1  1  0  23  2  0  0  8  -1  4  0  1  1  0  7.11  64           245 000
24064653 Makinen Otto 0  0  0  0  0  0  0  0  0  0  0  0  0  0  0  0  0  0  0  0  0  0           190 000
24942005 Nurmi Teemu 4  1  0  1  0  0  0  0  0  1  0  1  1  2  -2  0  0  0  0  0  2.25  9           265 000
23764585 Ojamaki Niko 10  3  1  4  0  0  1  0  0  32  2  0  2  4  -4  0  0  0  1  0  4.80  48           330 000
22842712 Peltola Jukka 10  2  5  7  0  1  0  0  0  22  6  2  2  8  -4  0  0  0  2  2  7.40  74           435 000
25113804 Rauhala Otto 10  2  8  10  0  0  0  0  0  15  2  59  53  11  -4  2  0  2  0  0  7.60  76           290 000
25139587 Repo Sebastian 10  4  5  9  0  0  1  0  1  46  1  6  7  8  -2  27  0  0  1  0  8.50  85           380 000
40315414 Zaborsky Tomas 10  1  2  3  0  0  1  0  0  35  1  0  1  6  -4  2  0  0  0  0  4.50  45           385 000
TPS
24315179 Filppula Ilari 0  0  0  0  0  0  0  0  0  0  0  0  0  0  0  0  0  0  0  0  0  0           445 000
28670140 Kallio Tomi 9  1  7  8  0  0  0  0  0  41  0  0  2  6  -8  8  0  0  0  1  7.78  70           455 000
29805082 Karvonen Elias 9  1  3  4  0  0  0  0  0  21  1  60  72  5  -5  8  0  0  0  0  4.67  42           265 000
22266806 Lahtinen Timi 0  0  0  0  0  0  0  0  0  0  0  0  0  0  0  0  0  0  0  0  0  0           185 000
24808136 Lindsten Jasper 9  3  3  6  0  0  0  0  0  15  0  0  0  6  -8  0  0  0  0  1  5.22  47           385 000
24916798 Nieminen Otto 9  1  0  1  0  0  0  0  0  10  0  0  0  5  -5  2  0  0  0  0  2.00  18           235 000
29991637 Nurmi Markus 9  0  3  3  0  0  0  0  0  11  2  2  4  4  -6  4  0  1  0  0  3.22  29           220 000
100026487 Nystrom Erik 8  0  4  4  0  0  0  0  0  17  0  2  1  4  -6  0  0  0  0  0  3.88  31           340 000
40005897 Pajuniemi Lauri 4  0  2  2  0  0  0  0  0  7  0  0  1  1  -2  0  0  0  0  0  2.75  11           205 000
27900714 Palmu Petrus 9  3  1  4  0  0  0  0  0  29  0  1  2  5  -7  2  0  0  0  0  4.78  43           365 000
24977737 Perrin Eric 2  1  0  1  0  0  0  0  0  6  1  17  31  2  -1  0  0  0  0  0  5.00  10           430 000
25032105 Pikkarainen Ilkka 9  2  2  4  0  0  0  0  0  27  2  8  12  6  -8  29  0  0  1  0  4.11  37           275 000
25652103 Siiki Oskari 3  1  0  1  0  0  0  0  0  7  0  0  0  1  -3  0  0  0  0  0  3.33  10           190 000
25454547 Taavitsainen Topi 4  0  2  2  0  0  0  0  0  0  0  0  0  2  -2  2  0  0  0  0  3.00  12           215 000
28262723 Virta Patrik 8  3  4  7  0  0  0  0  0  24  0  75  73  4  -7  2  0  1  1  0  7.00  56           380 000
23669075 Virtanen Jonne 7  1  0  1  0  0  1  0  0  7  1  48  51  2  -7  0  0  1  0  0  1.29  9           230 000
29837610 Vayrynen Teemu 8  5  1  6  0  0  0  0  0  13  0  35  64  6  -5  4  0  0  0  0  5.50  44           225 000
Assat
24271404 Appelgren Niklas 7  0  2  2  0  0  0  0  0  12  3  18  26  3  0  0  0  0  0  0  2.86  20           210 000
100025459 Insam Marco 9  0  2  2  0  0  0  0  0  15  4  0  1  4  -2  2  0  0  0  0  3.11  28           280 000
27852901 Juhola Jouka 6  1  0  1  0  0  0  0  0  5  0  0  0  1  0  0  0  0  0  0  2.00  12           205 000
22101686 Korhonen Ville 9  1  2  3  0  0  0  0  0  31  0  0  1  8  -6  4  0  0  0  0  5.00  45           335 000
28976718 Kotkaniemi Jesperi 9  2  0  2  0  0  0  1  0  24  3  2  5  3  -2  2  0  0  0  0  3.56  32           265 000
24608682 Kuparinen Matti 9  1  2  3  0  0  0  0  0  10  2  73  90  4  -2  4  0  1  1  0  3.44  31           275 000
100027457 Laganiere Antoine 9  3  4  7  0  0  1  0  0  44  1  10  5  7  -6  14  0  0  0  1  8.11  73           405 000
24719953 Lamberg Matti 3  0  0  0  0  0  0  0  0  3  1  0  0  1  0  0  0  0  0  0  1.67  5           215 000
22479185 Lahteenmaki Sami 9  1  2  3  0  0  1  0  0  18  1  1  1  4  -5  2  0  0  0  0  3.78  34           365 000
24881755 Makkonen Jussi 8  1  6  7  0  0  0  0  0  20  0  86  65  8  -8  0  0  1  0  0  7.25  58           355 000
40266650 Mcrae Philip 7  0  2  2  0  0  0  0  0  31  1  62  63  2  -2  4  0  0  0  0  4.57  32           340 000
23155013 Saha Mikael 6  1  0  1  0  0  0  0  0  5  1  11  27  1  -1  2  0  0  0  0  1.50  9           220 000
23181087 Salmio Mikko 9  3  2  5  0  0  0  1  0  25  4  0  1  6  -3  2  0  0  1  1  6.67  60           290 000
25651492 Suoranta Simon 0  0  0  0  0  0  0  0  0  0  0  0  0  0  0  0  0  0  0  0  0  0           360 000
23398634 Tammi Valtteri 0  0  0  0  0  0  0  0  0  0  0  0  0  0  0  0  0  0  0  0  0  0           190 000
24177618 Varttinen Matias 9  0  2  2  0  0  0  0  0  17  0  0  0  2  0  0  0  0  0  0  2.56  23           210 000
