1.  Washington  82 56 8 18 252 193 59 120 1.46
2.  Pittsburgh  82 48 8 26 245 203 42 104 1.27
3.  Florida  82 47 9 26 239 203 36 103 1.26
4.  NY Rangers  82 46 9 27 236 217 19 101 1.23
5.  NY Islanders  82 45 10 27 232 216 16 100 1.22
6.  Tampa Bay  82 46 5 31 227 201 26 97 1.18
7.  Philadelphia  82 41 14 27 214 218 -4 96 1.17
8.  Detroit  82 41 11 30 211 224 -13 93 1.13
9.  Boston  82 42 9 31 240 230 10 93 1.13
10.  Carolina  82 35 16 31 198 226 -28 86 1.05
11.  Ottawa  82 38 9 35 236 247 -11 85 1.04
12.  New Jersey  82 38 8 36 184 208 -24 84 1.02
13.  Montreal  82 38 6 38 221 236 -15 82 1.00
14.  Buffalo  82 35 11 36 201 222 -21 81 0.99
15.  Columbus  82 34 8 40 219 252 -33 76 0.93
16.  Toronto  82 29 11 42 198 246 -48 69 0.84
1.  Dallas  82 50 9 23 267 230 37 109 1.33
2.  St. Louis  82 49 9 24 224 201 23 107 1.30
3.  Anaheim  82 46 11 25 218 192 26 103 1.26
4.  Chicago  82 47 9 26 235 209 26 103 1.26
5.  Los Angeles  82 48 6 28 225 195 30 102 1.24
6.  San Jose  82 46 6 30 241 210 31 98 1.20
7.  Nashville  82 41 14 27 228 215 13 96 1.17
8.  Minnesota  82 38 11 33 216 206 10 87 1.06
9.  Colorado  82 39 4 39 216 240 -24 82 1.00
10.  Arizona  82 35 8 39 209 245 -36 78 0.95
11.  Winnipeg  82 35 8 39 215 239 -24 78 0.95
12.  Calgary  82 35 7 40 231 260 -29 77 0.94
13.  Vancouver  82 31 13 38 191 243 -52 75 0.91
14.  Edmonton  82 31 8 43 203 245 -42 70 0.85
