HIFK
ID Maalivahti O M S P V H TP TO PM NP JM OR X XX XXX LPP/O LPP Arvo
34282069 Bernard Andreas 0  0  0  0  0  0  0  0  0  0  0  0  0  0  0  0  0               310 000
21406421 Engren Atte 1  0  1  1  0  0  1  13  2  0  0  0  0  0  0  12.00  12               360 000
23486067 Tuohimaa Frans 8  0  0  0  5  2  1  185  19  0  0  0  1  1  1  6.63  53               410 000
HPK
30798997 Aalto Tuomas 0  0  0  0  0  0  0  0  0  0  0  0  0  0  0  0  0               187 000
28944258 Karjalainen Antti 0  0  0  0  0  0  0  0  0  0  0  0  0  0  0  0  0               305 000
23035023 Reijola Rasmus 2  0  0  0  1  0  0  19  5  0  0  0  0  0  0  1.00  2               242 000
23684063 Voutilainen Joona 8  0  0  0  4  2  2  176  16  0  0  0  0  0  1  6.13  49               389 000
Ilves
100030776 Dostal Lukas 8  0  0  0  6  1  1  172  12  0  0  0  3  1  1  8.38  67               419 000
24546168 Kolppanen Ville 0  0  0  0  0  0  0  0  0  0  0  0  0  0  0  0  0               310 000
30117507 Makiniemi Eetu 0  0  0  0  0  0  0  0  0  0  0  0  0  0  0  0  0               235 000
Jukurit
24280631 Aho Juhana 1  0  0  0  0  0  1  15  3  0  0  0  0  0  0  2.00  2               280 000
22993098 Rajaniemi Sami 9  0  0  0  1  5  3  222  25  0  0  0  1  1  1  4.78  43               379 000
31267715 Randelin Eetu 0  0  0  0  0  0  0  0  0  0  0  0  0  0  0  0  0               225 000
JYP
24329479 Helenius Riku 0  0  0  0  0  0  0  0  0  0  0  0  0  0  0  0  0               290 000
22322342 Laurikainen Eetu 6  0  0  0  5  0  1  100  9  2  0  0  1  1  0  10.00  60               377 000
27692297 Parkkinen Niko 0  0  0  0  0  0  0  0  0  0  0  0  0  0  0  0  0               240 000
29857823 Ruusu Markus 3  0  0  0  1  2  0  73  6  1  0  0  0  0  1  9.67  29               336 500
KalPa
24555926 Kilpelainen Eero 8  0  0  0  2  3  2  182  25  1  0  0  0  1  1  5.25  42               326 500
25655472 Kiviaho Henri 2  0  0  0  0  2  0  30  4  0  0  0  0  0  0  0.00  0               290 500
22861900 Perhonen Samu 0  0  0  0  0  0  0  0  0  0  0  0  0  0  0  0  0               310 000
KooKoo
28890904 Halonen Niilo 2  0  0  0  2  0  0  50  2  0  0  0  0  1  0  11.00  22               315 000
100035404 Haukeland Henrik 7  0  0  0  4  3  0  146  11  0  0  0  3  2  0  6.43  45               372 500
31635062 Salminen Oskari 0  0  0  0  0  0  0  0  0  0  0  0  0  0  0  0  0               300 000
Karpat
32498965 Annunen Justus 6  0  2  2  6  0  0  135  7  3  0  0  2  0  1  19.17  115               454 000
60343378 Rybar Patrik 4  0  1  1  1  0  2  52  8  0  2  0  0  0  0  4.50  18               347 500
Lukko
27682964 Lehtinen Lassi 3  0  0  0  0  1  1  44  7  0  0  0  1  0  0  2.00  6               337 500
23249408 Setanen Oskari 7  0  0  0  2  3  2  158  15  1  0  0  0  1  1  7.00  49               382 500
Pelicans
21919594 Karhunen Tomi 8  0  0  0  2  5  0  149  17  1  0  0  0  1  1  5.25  42               381 500
29933802 Patrikainen Jasper 0  0  0  0  0  0  0  0  0  0  0  0  0  0  0  0  0               245 000
23468166 Tolvanen Atte 3  0  0  0  0  2  0  69  10  0  0  0  0  0  0  1.00  3               300 000
SaiPa
28628202 Kaarlehto Karolus 5  0  0  0  3  1  0  89  16  1  0  0  0  0  1  5.00  25               327 000
27843800 Westerholm Niclas 6  0  0  0  3  3  0  100  13  1  0  0  0  0  2  5.33  32               344 000
Sport
24390673 Hovinen Niko 8  0  0  0  1  5  2  162  26  0  0  0  1  0  0  0.88  7               332 500
21851801 Jarvinen Mika 0  0  0  0  0  0  0  0  0  0  0  0  0  0  0  0  0               310 000
34379697 Molder Conrad 0  0  0  0  0  0  0  0  0  0  0  0  0  0  0  0  0               245 000
60348834 Steen Stefan 2  0  0  0  0  1  0  26  6  0  0  0  0  0  0  -2.00  -4               316 000
Tappara
60350437 Garteig Michael 4  0  0  0  2  1  1  130  7  0  2  0  1  1  0  11.50  46               371 000
21589720 Heljanko Christian 5  0  0  0  2  0  3  148  8  0  0  0  2  0  0  11.00  55               401 500
TPS
29948198 Anttila Eetu 0  0  0  0  0  0  0  0  0  0  0  0  0  0  0  0  0               230 000
25650749 Pohjanoksa Julius 4  0  0  0  0  2  1  78  12  0  0  0  0  0  0  1.75  7               307 500
23451584 Tirronen Rasmus 7  0  0  0  0  5  2  179  19  0  0  0  2  1  0  4.14  29               359 500
Assat
21296411 Aittokallio Sami 6  0  0  0  2  2  2  149  15  0  0  0  1  0  1  6.17  37               363 500
22333713 Lehti Niklas 0  0  0  0  0  0  0  0  0  0  0  0  0  0  0  0  0               270 000
60348668 Tarasov Daniil 5  0  0  0  0  4  0  72  10  0  0  0  0  1  0  0.20  1               296 000
HIFK
ID Puolustaja O M S P AVM AVS VM TM JA L B ALV ALH + - JM OR X XX XXX KL ELP NL LPP/O LPP Arvo
24260583 Ahonen Rony 9  1  5  6  0  0  0  0  0  9  4  0  0  9  -4  4  0  0  0  0  0  0  0  8.11  73               368 000
21849554 Jarvinen Joonas 7  1  0  1  0  0  0  0  0  17  4  0  0  3  -3  18  0  1  0  0  0  0  0  4.14  29               328 500
24555256 Kankaanpera Markus 0  0  0  0  0  0  0  0  0  0  0  0  0  0  0  0  0  0  0  0  0  0  0  0  0               210 000
22148966 Kousa Mikko 9  2  3  5  0  0  0  0  1  41  3  0  0  5  -4  10  0  0  0  0  0  1  0  9.11  82               531 000
22240990 Laakso Aleksi 9  3  1  4  0  0  2  0  0  23  2  0  0  4  -5  8  0  0  0  0  1  0  0  7.22  65               333 500
22474067 Lyytinen Joonas 5  0  2  2  0  0  0  0  0  15  1  0  0  6  -1  2  0  0  0  0  1  0  0  8.60  43               377 000
100025878 Motin Johan 9  0  2  2  0  0  0  0  0  15  2  0  0  6  -1  31  0  0  0  0  0  0  0  4.11  37               284 000
30692420 Ulander Elias 1  0  0  0  0  0  0  0  0  0  0  0  0  0  0  0  0  0  0  0  0  0  0  0.00  0               200 000
25357521 Varakas Ville 9  1  2  3  0  0  0  0  0  12  6  0  0  10  -4  0  0  0  0  0  0  0  0  6.44  58               317 000
30482177 Winberg Tobias 5  0  0  0  0  0  0  0  0  2  0  0  0  0  0  2  0  0  0  0  0  0  0  0.60  3               219 500
HPK
23806498 Eronen Elmeri 9  2  5  7  0  0  0  1  0  24  3  0  0  8  -5  6  0  0  0  0  0  2  0  9.78  88               429 000
23837234 Friman Niklas 9  0  1  1  0  0  0  0  0  20  3  0  0  9  -4  2  0  0  0  0  0  0  0  4.67  42               342 000
21926286 Karjalainen Miro 7  0  0  0  0  0  0  0  0  14  5  0  0  6  -5  2  0  0  0  0  3  0  0  4.00  28               244 000
24786410 Laatikainen Arto 8  1  3  4  0  0  0  0  0  12  2  0  0  7  -2  2  0  0  0  0  0  0  0  7.13  57               319 000
28942315 Laavainen Roope 6  0  1  1  0  0  0  0  0  2  1  0  0  2  -2  0  0  0  0  0  0  0  0  1.67  10               240 000
30644067 Latvala Otto 6  1  1  2  0  1  0  0  0  5  1  0  0  2  0  2  0  0  0  0  0  0  0  5.00  30               256 500
22452814 Lukka Santeri 5  0  1  1  0  0  0  0  0  16  1  0  0  1  -2  2  0  0  0  0  0  0  0  3.60  18               349 000
22709389 Nikkila Petteri 9  2  5  7  0  0  1  0  0  21  4  0  0  6  -4  2  0  0  0  1  0  0  0  9.00  81               454 000
22745204 Nurmikanta Nico 3  0  0  0  0  0  0  0  0  2  0  0  0  0  0  2  0  0  0  0  0  0  0  1.00  3               218 000
27574920 Tyni Paavo 0  0  0  0  0  0  0  0  0  0  0  0  0  0  0  0  0  0  0  0  0  0  0  0  0               205 000
Ilves
21403877 Elorinne Aleksi 0  0  0  0  0  0  0  0  0  0  0  0  0  0  0  0  0  0  0  0  0  0  0  0  0               260 000
31228178 Hatakka Santeri 8  1  0  1  0  0  1  0  0  7  2  0  0  3  -1  4  0  1  0  0  0  0  0  3.75  30               237 500
29995510 Laaksonen Oskari 2  0  2  2  0  0  0  0  0  6  0  0  0  1  0  0  0  0  0  0  0  0  0  9.00  18               294 500
29935596 Laitamaki Elias 2  1  0  1  0  0  0  0  0  3  0  0  0  2  -1  0  0  0  0  0  0  0  0  7.50  15               201 500
22487436 Maalahti Kalle 8  1  3  4  0  0  0  0  0  16  7  0  0  4  -2  4  0  0  0  0  1  0  0  6.88  55               379 000
29641327 Matinpalo Nikolas 4  0  0  0  0  0  0  0  0  6  1  0  0  0  -3  29  0  0  0  0  0  0  0  -1.25  -5               200 000
28905831 Parikka Jarkko 8  1  2  3  0  0  0  0  0  16  1  0  0  7  -2  2  0  0  0  0  0  1  0  6.63  53               315 500
22843711 Peltola Niko 8  0  9  9  0  0  0  0  0  14  6  0  0  8  -1  10  0  0  1  0  0  0  0  12.88  103               379 000
24993465 Pukka Mikko 1  0  2  2  0  0  0  0  0  1  0  0  0  2  0  0  0  0  0  0  0  0  0  19.00  19               219 000
23168071 Salmela Tuomas 8  0  2  2  0  0  0  0  0  14  4  0  0  5  -3  4  0  0  0  0  0  0  0  4.63  37               265 000
32522158 Thomson Lassi 4  0  1  1  0  0  0  0  0  13  0  0  0  2  -1  0  0  0  0  0  1  0  0  4.75  19               299 000
Jukurit
24276289 Alho Aku 0  0  0  0  0  0  0  0  0  0  0  0  0  0  0  0  0  0  0  0  0  0  0  0  0               195 000
60346724 Galvas Jakub 10  0  3  3  0  0  0  0  0  20  0  0  0  2  -11  4  0  0  0  0  0  1  0  2.00  20               313 500
21700651 Hyvarinen Ville 5  0  2  2  0  0  0  0  0  5  6  0  0  2  0  2  0  0  0  0  0  0  0  5.60  28               240 500
21772430 Jaatinen Antti 9  0  2  2  0  0  0  0  0  11  0  0  0  3  -8  0  0  0  0  0  1  0  0  1.67  15               245 000
60346723 Jakovenko Aleksandr 10  2  3  5  0  0  0  0  0  30  2  0  0  5  -6  0  0  1  0  0  1  0  0  6.20  62               336 000
24229715 Jalonen Jimi 8  0  1  1  0  0  0  0  0  23  2  0  0  4  -10  4  0  0  0  0  1  0  0  2.38  19               235 500
28547299 Kemppainen Samuel 3  0  1  1  0  0  0  0  0  3  0  0  0  1  -2  0  0  0  0  0  0  0  0  2.33  7               232 000
31128854 Kokkonen Mikko 8  0  0  0  0  0  0  0  0  14  4  0  0  3  -4  2  0  0  0  0  0  0  0  1.88  15               249 000
22891255 Piipponen Samuli 9  0  0  0  0  0  0  0  0  19  6  0  0  2  -6  4  0  0  0  0  0  0  0  1.67  15               260 500
30439447 Rindell Axel 8  1  4  5  0  0  0  0  0  28  1  0  0  4  -8  0  0  0  0  1  1  0  0  6.38  51               317 000
JYP
24182470 AllXn Roni 9  0  1  1  0  0  0  0  0  15  3  0  0  5  -4  4  0  0  0  0  0  0  0  3.22  29               259 000
28705727 Honka Anttoni 9  1  5  6  0  0  0  0  0  27  0  0  0  9  -3  4  0  0  0  1  1  0  0  9.56  86               344 500
21650701 Honka Julius 8  2  3  5  0  0  1  0  0  36  0  0  0  7  -3  2  0  1  0  0  0  6  0  11.00  88               482 500
24459695 Ikonen Ossi 2  0  1  1  0  0  0  0  0  4  0  0  0  2  0  2  0  0  0  0  0  0  0  8.00  16               236 000
21799484 Jokinen Jaakko 2  0  0  0  0  0  0  0  0  2  0  0  0  1  0  0  0  0  0  0  0  0  0  2.00  4               219 000
21892307 Kalteva Mikko 9  0  2  2  0  1  0  0  0  12  4  0  0  13  0  2  0  0  0  0  0  0  0  7.44  67               386 500
24715452 Lindroos Alex 7  1  0  1  0  0  0  0  0  8  0  0  0  2  -1  2  0  0  0  0  0  0  0  3.00  21               246 000
24868147 Maenpaa Mikko 7  0  0  0  0  0  0  0  0  21  0  0  0  5  -2  2  0  0  0  0  1  0  0  3.71  26               369 500
23557763 Vainio Juuso 9  1  3  4  0  0  0  0  0  29  0  0  0  12  -3  14  0  0  0  0  0  0  0  8.11  73               348 500
27776197 Viinikainen Joonas 0  0  0  0  0  0  0  0  0  0  0  0  0  0  0  0  0  0  0  0  0  0  0  0  0               195 000
32645093 Viinikainen Olli-Petteri 3  0  0  0  0  0  0  0  0  1  0  0  0  0  0  0  0  0  0  0  0  0  0  0.33  1               208 000
KalPa
21685718 Huttunen Otto 5  0  0  0  0  0  0  0  0  14  1  0  0  2  -7  4  0  0  0  0  1  0  0  1.60  8               218 000
24725109 Lappalainen Lasse 9  2  2  4  0  0  0  1  0  24  0  0  0  5  -6  10  0  1  0  1  3  1  0  7.78  70               385 500
31046431 Nousiainen Kim 9  0  0  0  0  0  0  0  0  31  2  0  0  0  -6  2  0  0  0  1  0  0  0  1.56  14               250 000
22808510 Parikka Valtteri 0  0  0  0  0  0  0  0  0  0  0  0  0  0  0  0  0  0  0  0  0  0  0  0  0               270 000
30951530 Riekkinen Joona 7  0  1  1  0  0  0  0  0  7  2  0  0  4  -5  2  0  0  0  0  0  0  0  2.29  16               217 500
23242492 Seppala Mikael 9  0  0  0  0  0  0  0  0  20  2  0  0  2  -5  2  0  0  0  0  0  0  1  1.56  14               252 500
25517031 Timonen Jussi 6  0  0  0  0  0  0  0  0  7  1  0  0  3  -2  6  0  0  0  0  0  0  0  2.83  17               249 000
100030506 Wilson Ryan 7  0  0  0  0  0  0  0  0  12  3  0  0  0  -4  0  0  0  0  0  0  0  0  0.43  3               229 500
KooKoo
29587960 Berger Martin 9  0  1  1  0  0  0  0  0  20  2  0  0  4  -4  10  0  0  0  0  1  0  0  3.78  34               260 000
40339220 Bonsaksen Alexander 9  1  0  1  0  0  0  0  0  17  6  0  0  3  -1  8  0  0  0  0  1  0  0  4.56  41               290 500
60342512 Caito Matthew 9  2  8  10  0  0  0  0  0  41  2  0  0  4  -3  6  0  1  1  0  0  1  0  12.00  108               506 500
22510552 Manninen Oskari 9  0  3  3  0  0  0  0  0  23  2  0  0  4  -5  4  0  0  0  0  0  0  0  4.44  40               297 500
25042564 Pelli Arttu 6  0  0  0  0  0  0  0  0  9  3  0  0  1  -1  0  0  0  0  0  0  0  0  1.33  8               248 000
28273262 Rautanen Juho 9  0  0  0  0  0  0  0  0  8  0  0  0  2  -1  4  0  0  0  0  0  0  0  1.56  14               217 000
30870187 Salmela Santeri 0  0  0  0  0  0  0  0  0  0  0  0  0  0  0  0  0  0  0  0  0  0  0  0  0               181 500
32033595 Seppala Peetro 9  0  2  2  0  0  0  0  0  13  2  0  0  4  -3  2  0  0  1  0  0  2  0  4.00  36               298 500
23576346 Valtola Kalle 3  0  0  0  0  0  0  0  0  0  0  0  0  0  0  0  0  0  0  0  0  0  0  0.00  0               225 000
Karpat
60342557 Bystrom Ludwig 9  3  5  8  0  0  0  0  0  26  4  0  0  10  -1  10  0  2  0  0  1  0  0  13.11  118               442 500
40428666 Heshka Shaun 9  0  7  7  0  0  0  0  0  39  1  0  1  5  -4  2  0  0  0  0  1  0  0  8.33  75               511 500
24353539 Huttula Joona 9  0  0  0  0  0  0  0  0  9  0  0  0  2  -3  2  0  0  0  0  0  0  0  1.00  9               227 000
60342562 Krejcik Jakub 9  4  3  7  0  0  1  0  0  33  1  0  0  9  -4  0  0  0  0  1  0  2  0  11.22  101               540 000
40312846 Kukkonen Lasse 9  1  1  2  0  0  1  0  0  7  6  0  0  4  -5  0  0  0  0  0  0  0  0  3.11  28               270 500
24825038 Makela Aleksi 0  0  0  0  0  0  0  0  0  0  0  0  0  0  0  0  0  0  0  0  0  0  0  0  0               230 000
22679723 Niemela Mikko 9  2  0  2  0  0  0  0  0  17  0  0  0  14  -4  2  0  0  0  0  1  2  0  7.78  70               365 500
31555838 Niemela Topi 9  0  1  1  0  0  0  0  0  18  1  0  0  3  -3  2  0  0  0  0  0  0  0  2.67  24               276 500
29679441 Ronkainen Taneli 0  0  0  0  0  0  0  0  0  0  0  0  0  0  0  0  0  0  0  0  0  0  0  0  0               210 000
Lukko
60348405 Klok Lukas 9  1  2  3  0  0  0  0  0  20  6  0  0  8  -7  27  0  1  0  0  0  1  0  5.00  45               318 000
31585390 Kukkonen Miska 8  0  2  2  0  0  0  0  0  7  3  0  0  5  -4  16  0  0  0  0  0  0  0  3.50  28               254 500
29650046 Laitinen Vili 1  0  0  0  0  0  0  0  0  0  0  0  0  1  0  0  0  0  0  0  0  0  0  3.00  3               219 500
60348440 Nemecek David 0  0  0  0  0  0  0  0  0  0  0  0  0  0  0  0  0  0  0  0  0  0  0  0  0               230 000
30932931 Palojarvi Antti 0  0  0  0  0  0  0  0  0  0  0  0  0  0  0  0  0  0  0  0  0  0  0  0  0               197 000
60348444 Press Robin 9  3  2  5  0  0  2  0  0  49  3  0  0  6  -4  0  0  1  0  1  0  2  0  10.11  91               465 000
29948541 Reunanen Tarmo 9  0  1  1  0  0  0  0  0  46  4  0  0  4  -3  14  0  0  0  0  4  2  0  5.67  51               455 000
24177003 Sevanen Roni 9  1  1  2  0  0  0  0  0  13  2  0  0  6  -5  16  0  0  0  0  0  0  0  3.78  34               283 000
25381270 Vainio Olli 9  0  3  3  0  0  0  0  0  10  5  0  0  6  -7  4  0  0  0  0  0  0  0  4.00  36               277 000
Pelicans
30136368 Ek Aleksi 5  0  0  0  0  0  0  0  0  8  2  0  0  0  -3  0  0  0  0  0  0  0  0  0.40  2               203 500
24494485 Jaakola Topi 5  1  2  3  0  0  0  0  0  21  1  0  0  2  -3  25  0  0  0  0  0  1  0  5.80  29               304 000
24509817 Jurgens Casimir 2  0  0  0  0  0  0  0  0  7  0  0  0  0  -1  0  0  0  0  0  0  1  0  2.00  4               291 000
29933776 Kinnunen Santtu 7  0  1  1  0  0  0  0  0  22  0  0  0  2  -6  14  0  0  0  0  0  0  1  2.00  14               239 000
60348370 Pietroniro Matteo 9  0  1  1  0  0  0  0  0  13  0  0  0  2  -3  2  0  0  0  0  0  0  0  1.78  16               237 500
28949855 Pynnonen Jarkko 9  0  0  0  0  0  0  0  0  6  3  0  0  2  -4  0  0  0  0  0  0  0  0  0.56  5               245 000
100040219 Shchemerov Alexsandr 9  1  1  2  0  0  0  0  0  30  5  0  0  3  -6  14  0  0  0  0  1  1  0  4.11  37               294 500
23424825 Teppo Miihkali 9  0  1  1  0  0  0  0  0  12  2  0  0  6  -5  2  0  0  0  0  0  0  0  2.89  26               242 500
60362442 Vorobei Pavel 6  0  1  1  0  0  0  0  0  28  1  0  0  2  -3  4  0  0  0  0  2  1  0  5.50  33               382 000
SaiPa
40005621 Airola Santeri 0  0  0  0  0  0  0  0  0  0  0  0  0  0  0  0  0  0  0  0  0  0  0  0  0               200 000
24270214 Autio Erik 10  1  0  1  0  0  0  0  0  21  4  0  0  4  -9  2  0  0  0  0  0  0  0  2.20  22               285 000
60348446 Grman Mario 7  0  2  2  0  0  0  0  0  13  7  0  0  3  -5  0  0  0  0  0  0  1  0  3.57  25               261 500
22064150 Kojo Markus 10  1  2  3  0  0  0  0  0  14  1  0  0  8  -5  8  0  0  0  0  0  0  0  5.40  54               282 000
25091997 Riikola Simo-Pekka 10  0  1  1  0  0  0  0  0  10  2  0  0  6  -7  6  0  0  0  0  1  0  0  2.70  27               256 000
28891819 Salo Robin 10  2  4  6  0  0  0  0  0  35  4  0  0  8  -12  6  0  0  3  0  0  4  0  8.50  85               384 000
23241406 Seppala Jere 7  0  2  2  0  0  0  0  0  11  0  0  0  1  -4  0  0  0  0  0  0  0  0  1.86  13               258 000
25543115 Sneck Jere 4  0  1  1  0  0  0  0  0  2  1  0  0  1  -2  0  0  0  0  0  0  0  0  2.00  8               248 000
30033458 Torikka Kasperi 0  0  0  0  0  0  0  0  0  0  0  0  0  0  0  0  0  0  0  0  0  0  0  0  0               195 000
28842826 Vainio Veeti 9  0  3  3  0  0  0  0  0  33  0  0  0  10  -9  4  0  0  0  0  2  2  0  6.67  60               355 000
Sport
60348460 Geiger Paul 9  1  1  2  0  0  0  0  0  23  2  0  0  3  -4  6  0  0  1  0  1  0  0  4.44  40               334 000
24324348 Grondahl Ari 9  1  1  2  0  0  0  0  0  24  2  0  0  5  -3  6  0  0  0  0  2  3  0  6.22  56               304 000
22675468 Nevalainen Niklas 9  0  1  1  0  0  0  0  0  16  0  0  0  1  -5  4  0  0  0  0  0  0  0  1.44  13               258 000
40277186 Seigo Steven 7  1  2  3  0  0  0  0  0  21  0  0  0  2  -4  2  0  0  1  0  0  1  0  5.14  36               318 000
23470251 Tommila Juho 6  0  0  0  0  0  0  0  0  9  2  1  0  1  -5  2  0  0  0  0  0  0  0  0.83  5               245 000
23485961 Tuohilampi Kristian 4  0  0  0  0  0  0  0  0  4  0  0  0  1  -3  2  0  0  0  0  0  0  0  0.50  2               222 000
25334515 Viljanen Valtteri 9  0  1  1  0  0  0  0  0  35  3  0  0  3  -5  4  0  0  0  0  0  1  0  3.67  33               365 000
23620535 Westermarck Victor 6  0  3  3  0  0  0  0  0  9  0  0  0  5  -6  4  0  0  0  0  0  0  0  5.33  32               261 500
60348466 Wilson Jared 9  0  0  0  0  0  0  0  0  5  0  0  0  1  -3  27  0  0  0  0  0  0  0  -0.56  -5               210 000
23805761 Ylitalo Eemeli 0  0  0  0  0  0  0  0  0  0  0  0  0  0  0  0  0  0  0  0  0  0  0  0  0               195 000
Tappara
40371281 Blood Ben 5  0  0  0  0  0  0  0  0  9  1  0  0  3  -3  0  0  0  1  0  0  0  0  2.40  12               277 000
100026176 Has Hugo 5  1  1  2  0  0  1  0  0  4  1  0  0  2  -2  2  0  0  0  1  0  0  0  5.60  28               238 000
21974869 Kemilainen Valtteri 9  0  7  7  0  1  0  0  0  38  3  0  1  6  -5  4  0  0  0  0  3  0  0  9.44  85               524 000
24884833 Mantyla Tuukka 2  0  0  0  0  0  0  0  0  3  2  0  0  0  0  25  0  0  0  0  0  0  0  -2.00  -4               248 500
24127529 Rouhiainen Jere 9  0  2  2  0  1  0  0  0  9  0  0  0  4  -4  12  0  0  0  0  0  0  0  2.33  21               264 000
23334106 Suhonen Teemu 9  0  1  1  0  0  0  0  0  20  6  0  0  3  -3  6  0  0  0  0  0  0  0  3.33  30               393 500
30738423 Utunen Toni 4  0  1  1  0  0  0  0  0  3  1  0  0  3  -1  2  0  0  0  0  0  0  0  4.75  19               243 500
23680559 Vittasmaki Veli-Matti 9  2  1  3  1  0  0  0  0  10  2  0  0  7  -4  6  0  0  0  1  0  0  0  6.56  59               406 500
32604513 Wehmas Jeremi 2  0  0  0  0  0  0  0  0  0  0  0  0  0  0  0  0  0  0  0  0  0  0  0.00  0               200 000
60350439 Ytterell Alexander 9  0  2  2  0  1  0  0  0  11  3  0  0  7  -3  6  0  0  0  0  0  0  0  4.89  44               327 500
TPS
29934157 Anttalainen Aleksi 6  0  0  0  0  0  0  0  0  19  2  0  0  0  -3  6  0  0  0  0  0  0  0  2.17  13               239 500
24318448 Forsstrom Jani 2  0  0  0  0  0  0  0  0  3  1  0  0  0  0  0  0  0  0  0  0  0  0  1.50  3               223 000
31765398 Kaskinen Olli 8  0  0  0  0  0  0  0  0  2  4  0  0  0  -2  0  0  0  0  0  0  0  0  0.13  1               211 000
60347522 Larsson Henrik 10  1  7  8  0  0  0  1  0  9  3  0  0  6  -8  8  0  0  1  0  1  0  0  7.30  73               411 500
100029133 Piskula Joseph 10  1  2  3  0  0  0  0  0  21  2  0  0  6  -4  8  0  0  0  0  0  2  1  5.90  59               298 000
24190598 Salonen Aleksi 10  1  2  3  0  0  0  0  0  19  3  0  0  3  -4  2  0  0  0  0  1  0  0  4.10  41               334 000
24223973 Sund Tony 10  0  2  2  0  0  0  0  0  37  5  0  0  4  -10  4  0  0  0  0  2  2  0  4.00  40               402 500
30893766 Viro Eemil 3  0  0  0  0  0  0  0  0  7  0  0  0  0  -2  0  0  0  0  0  0  0  0  0.00  0               210 000
60347523 Windlert Filip 10  0  0  0  0  0  0  0  0  23  1  0  0  1  -8  4  0  0  0  0  0  0  0  0.50  5               313 500
Assat
31848134 Ketola Juuso 0  0  0  0  0  0  0  0  0  0  0  0  0  0  0  0  0  0  0  0  0  0  0  0  0               180 000
24820363 Marttinen Jyri 0  0  0  0  0  0  0  0  0  0  0  0  0  0  0  0  0  0  0  0  0  0  0  0  0               255 000
30984675 Matinmikko Aleksi 3  0  1  1  0  0  0  0  0  5  0  0  0  0  -2  2  0  0  0  0  0  0  0  2.33  7               180 500
31209498 Niemelainen Markus 8  0  1  1  0  0  0  0  0  20  5  0  0  6  -4  4  0  0  0  0  0  1  0  4.50  36               259 500
29782985 Peltomaki Niklas 6  0  0  0  0  0  0  0  0  12  3  0  0  0  -3  2  0  0  0  0  0  0  0  1.17  7               216 000
23167645 Salmela Saku 10  0  2  2  0  0  0  0  0  25  1  0  0  3  -6  8  0  0  0  0  1  0  0  3.60  36               260 500
60351426 Stenqvist Jakob 10  2  4  6  0  0  0  0  0  27  0  0  0  6  -12  0  0  0  0  1  0  0  0  5.40  54               320 000
23384884 Taimi Tommi 10  0  2  2  0  0  0  0  0  42  0  0  0  1  -3  8  0  0  0  0  0  0  0  4.00  40               337 500
24177621 Varttinen Aleksi 6  0  0  0  0  0  0  0  0  9  1  0  0  1  -2  16  0  0  0  0  0  0  0  1.17  7               252 000
28504481 Vuorisalo Teemu 7  0  1  1  0  0  0  0  0  16  1  0  0  0  -4  4  0  0  0  0  1  0  0  2.14  15               227 000
60351425 Akerstrom Simon 10  0  2  2  0  0  0  0  0  38  5  0  0  1  -4  2  0  0  0  0  2  0  0  4.00  40               305 000
HIFK
ID Hyokkaaja O M S P AVM AVS VM TM JA L B ALV ALH + - JM OR X XX XXX KL ELP NL LPP/O LPP Arvo
28019536 And Terry 0  0  0  0  0  0  0  0  0  0  0  0  0  0  0  0  0  0  0  0  0  0  0  0  0           200 000
60347997 Dyk Sebastian 9  6  4  10  0  0  1  0  0  37  3  0  0  10  -4  0  0  0  0  1  0  1  1  11.11  100           467 500
29695519 Engberg Teemu 6  1  0  1  0  0  0  0  0  13  0  0  0  4  -1  4  0  0  1  0  0  0  0  4.33  26           237 500
29735822 Heljanko Rasmus 3  0  0  0  0  0  0  0  0  5  0  0  1  0  0  2  0  0  0  0  0  0  0  1.33  4           204 000
30731093 Hamalainen Janne 3  0  0  0  0  0  0  0  0  1  0  0  0  0  0  0  0  0  0  0  0  0  0  0.33  1           196 000
30345845 Jaaska Juha 6  0  4  4  0  0  0  0  0  20  1  0  0  7  -2  0  0  0  0  0  0  0  0  6.67  40           313 500
24650025 Kangasniemi Iikka 1  1  0  1  0  0  0  0  0  3  0  0  0  2  0  0  0  0  0  0  0  0  1  14.00  14           377 500
24555418 Keranen Juho 9  1  1  2  0  0  0  0  0  9  2  25  19  2  -3  10  0  0  0  0  0  0  1  3.67  33           256 000
21983740 Keranen Michael 3  0  0  0  0  0  0  0  0  10  0  0  0  0  0  0  0  0  0  0  0  0  0  2.00  6           384 500
34367447 Lambert Brad 0  0  0  0  0  0  0  0  0  0  0  0  0  0  0  0  0  0  0  0  0  0  0  0  0           165 000
31261902 Lundell Anton 9  2  4  6  0  0  0  0  0  31  0  52  60  5  -3  4  0  0  0  0  1  0  0  6.56  59           384 500
31425081 Myllyla Wiljami 0  0  0  0  0  0  0  0  0  0  0  0  0  0  0  0  0  0  0  0  0  0  0  0  0           175 000
29615777 Nordgren Niklas 0  0  0  0  0  0  0  0  0  0  0  0  0  0  0  0  0  0  0  0  0  0  0  0  0           235 000
22756329 Nykopp Thomas 2  0  0  0  0  0  0  0  0  3  1  12  5  0  -2  0  0  0  0  0  0  0  0  2.00  4           234 000
27752328 Paajanen Otto 9  3  7  10  0  0  0  0  0  23  2  112  102  12  -3  4  0  2  0  0  0  2  0  10.67  96           470 500
25012824 Petrell Lennart 9  0  1  1  0  0  0  0  0  18  1  0  0  2  -4  4  0  0  0  0  0  0  0  2.33  21           251 000
25630280 Saarinen Jesse 6  1  6  7  0  0  0  0  1  13  1  0  0  5  -1  0  0  0  0  0  0  0  1  9.00  54           393 500
23165391 Sallinen Jere 6  1  2  3  0  0  0  0  0  20  1  35  56  6  -2  4  0  0  0  0  0  0  0  5.83  35           324 000
23394612 Tallberg Teemu 9  2  2  4  0  0  0  0  0  12  2  1  0  3  -1  25  0  0  0  0  0  0  0  3.11  28           260 500
25506929 Turunen Teemu 9  5  10  15  1  0  2  0  0  41  5  1  0  13  -4  6  0  0  1  4  0  0  0  16.56  149           597 500
23793763 Asten Micke-Max 9  0  0  0  0  0  0  0  0  11  2  29  28  1  -2  6  0  0  0  0  0  0  0  1.78  16           231 000
HPK
40432221 Cornet Philippe 9  2  3  5  0  0  0  0  0  16  1  0  0  8  -2  6  0  1  0  0  0  0  0  6.33  57           395 500
29690417 Innala Jere 9  5  3  8  0  0  3  0  0  39  0  0  0  5  -5  6  0  1  1  2  0  0  0  10.11  91           426 000
30013562 Jokinen Jere 0  0  0  0  0  0  0  0  0  0  0  0  0  0  0  0  0  0  0  0  0  0  0  0  0           190 000
27775017 Kanninen Henri 9  2  2  4  1  0  0  0  0  22  0  3  0  4  -2  0  0  1  0  0  0  1  0  5.33  48           288 000
33388168 Kombe Kristjan 1  0  0  0  0  0  0  0  0  1  0  0  0  0  0  0  0  0  0  0  0  0  0  1.00  1           196 000
40432227 Krivosik Filip 8  0  2  2  0  0  0  0  0  20  0  0  0  4  -6  2  0  1  0  0  0  0  0  3.13  25           289 500
100027950 Kunyk Cody 9  0  5  5  0  0  0  0  0  25  2  92  61  7  -4  0  0  1  0  0  0  0  1  6.56  59           417 000
24769356 Lahtela Mikko 9  0  3  3  0  0  0  0  0  13  1  42  53  6  -3  4  0  0  1  0  0  0  0  3.67  33           258 000
22450515 Lucenius Niclas 9  0  5  5  0  0  0  0  0  12  0  65  56  5  -2  6  0  0  0  0  0  0  0  5.00  45           339 000
24876676 Monto Joona 0  0  0  0  0  0  0  0  0  0  0  0  0  0  0  0  0  0  0  0  0  0  0  0  0           220 000
22671530 Nenonen Markus 7  2  1  3  0  0  0  0  0  37  1  0  0  4  -2  0  0  0  1  0  0  1  0  6.86  48           386 000
29859533 Puustinen Valtteri 8  3  0  3  0  0  0  0  0  25  0  0  0  5  -3  4  0  1  0  1  0  0  0  5.88  47           410 500
23097498 Ruokonen Miro 8  2  0  2  0  0  0  1  0  8  1  0  0  4  -1  2  0  0  0  0  0  0  2  4.13  33           257 500
30013384 Seppala Erkka 5  1  0  1  0  0  0  0  0  4  0  0  0  1  -1  4  0  0  0  0  0  0  0  2.80  14           214 000
23418213 Tavi Janne 9  0  2  2  0  0  0  0  0  18  5  0  0  4  -2  2  0  0  0  0  0  0  0  3.44  31           272 500
28506900 Tikka Tommi 9  2  2  4  0  1  1  0  1  14  6  73  66  2  -3  0  0  0  0  0  0  0  0  5.11  46           295 500
Ilves
21288241 Ahopelto Erik 0  0  0  0  0  0  0  0  0  0  0  0  0  0  0  0  0  0  0  0  0  0  0  0  0           200 000
29446865 Antonen Joose 8  3  3  6  0  0  2  0  0  21  1  0  0  6  -2  2  0  0  0  1  0  0  0  7.88  63           406 000
29870486 Haapanen Topias 7  0  0  0  0  0  0  0  0  4  0  0  0  0  0  0  0  0  0  0  0  0  0  0.43  3           214 500
24464062 Ikonen Jasse 7  0  0  0  0  0  0  0  0  16  0  0  0  3  -3  2  0  0  0  0  0  0  0  2.00  14           239 000
29028513 Ikonen Joona 7  1  2  3  0  0  0  0  0  16  2  0  0  2  0  4  0  0  0  0  0  0  0  4.86  34           279 000
32464892 Jarventie Roby 0  0  0  0  0  0  0  0  0  0  0  0  0  0  0  0  0  0  0  0  0  0  0  0  0           165 000
22366599 Leino Robert 8  1  4  5  0  0  0  0  0  16  1  89  84  4  -1  10  0  1  0  0  0  0  0  6.75  54           412 500
28730556 Lepaus Teemu 6  1  3  4  0  0  0  0  0  8  0  1  0  5  -1  0  0  0  0  0  0  0  0  5.50  33           324 500
30735248 Maccelli Matias 8  3  4  7  0  0  1  0  0  26  0  0  0  5  -1  2  0  1  1  1  0  0  0  8.50  68           337 000
24880895 Mieho Panu 8  1  1  2  0  0  0  0  0  11  2  2  6  2  -3  2  0  0  0  0  0  0  0  2.13  17           237 000
31905381 Nalli Miro 0  0  0  0  0  0  0  0  0  0  0  0  0  0  0  0  0  0  0  0  0  0  0  0  0           170 000
31803661 Pakkila Eetu 0  0  0  0  0  0  0  0  0  0  0  0  0  0  0  0  0  0  0  0  0  0  0  0  0           205 000
23029644 Rautiainen Teemu 8  2  4  6  0  0  0  0  0  21  4  0  0  5  -2  2  0  0  2  0  0  0  0  7.25  58           379 000
25153974 Ruotsalainen Arttu 8  3  5  8  0  0  1  0  0  28  1  92  61  6  -2  6  0  1  0  1  0  2  0  11.50  92           487 500
30687613 Saarela Antti 8  0  1  1  0  0  0  0  0  4  0  29  40  4  -1  2  0  0  0  0  0  0  1  1.63  13           249 500
23351053 Suomi Eemeli 8  6  4  10  0  0  1  0  0  38  1  1  2  7  -2  2  0  0  0  2  0  0  0  11.88  95           480 000
30039025 Vainionpaa Samuli 8  4  1  5  0  0  0  0  0  18  1  38  40  3  -3  2  0  0  0  1  0  0  0  6.00  48           269 000
Jukurit
60380455 Dzierkals Martins 7  0  2  2  0  0  0  0  0  12  0  0  0  1  -4  4  0  0  0  0  0  0  1  2.86  20           268 500
21600081 Henritius Teemu 10  3  4  7  0  0  0  1  0  14  0  98  101  7  -10  0  0  1  0  0  0  0  0  4.60  46           296 500
21659838 Hotakainen Valtteri 6  0  0  0  0  0  0  0  0  7  0  26  36  0  -2  0  0  0  0  0  0  0  0  0.00  0           210 000
30851669 Huttunen Heikki 3  0  0  0  0  0  0  0  0  5  0  0  0  0  0  2  0  0  0  0  0  0  0  2.00  6           197 500
21888612 Kalliola Joonas 7  0  1  1  0  0  0  0  0  12  2  3  9  1  -2  2  0  0  0  0  0  0  0  2.00  14           229 000
24174051 Leskinen Ville 9  2  0  2  0  0  0  0  0  38  1  0  0  2  -8  6  0  1  0  0  0  0  1  4.33  39           335 500
30712591 Nikkanen Henri 0  0  0  0  0  0  0  0  0  0  0  0  0  0  0  0  0  0  0  0  0  0  0  0  0           220 000
22815419 Partanen Mika 10  4  1  5  0  0  0  0  0  22  0  0  0  5  -9  12  0  0  1  1  0  0  0  4.50  45           316 000
100028135 Pereskokov Vadim 9  2  5  7  0  0  1  0  0  25  0  0  0  9  -8  14  0  0  0  1  0  0  0  6.89  62           338 000
22895620 Piitulainen Jesper 4  0  1  1  0  0  0  0  0  10  2  0  0  1  -3  0  0  0  0  0  0  0  0  2.50  10           310 000
25116623 Ritamaki Janne 10  0  1  1  0  0  0  0  0  16  3  0  0  2  -5  4  0  0  0  0  0  0  0  2.10  21           256 000
23075106 Roine Miika 10  3  1  4  0  0  0  0  0  18  3  3  0  1  -8  0  0  0  0  0  0  0  0  3.20  32           314 000
60346719 Sarault Charles 10  1  5  6  0  0  1  0  0  29  1  23  15  4  -6  2  0  0  0  0  0  0  0  5.40  54           291 500
31854445 Tanus Kristian 6  0  0  0  0  0  0  0  0  4  1  28  40  0  -2  2  0  0  0  0  0  0  0  0.17  1           243 000
23702275 Vahatalo Julius 10  3  0  3  0  0  1  0  0  15  1  43  64  6  -11  0  0  0  1  0  0  0  0  2.60  26           271 000
60346721 Weigel Fredric 9  0  1  1  0  0  0  0  0  8  0  66  50  2  -4  2  0  0  0  0  0  0  0  1.78  16           256 000
JYP
24415613 Hytonen Juha-Pekka 9  3  3  6  1  0  2  0  0  12  0  72  62  7  -2  6  0  0  0  1  0  0  1  8.11  73           332 000
24466950 Immonen Jarkko 9  3  4  7  0  0  0  0  0  35  3  120  71  9  -2  2  0  1  1  0  0  0  0  10.11  91           474 500
30575699 Kalajanniska Oskari 7  0  1  1  0  0  0  0  0  7  0  0  0  1  -1  2  0  0  0  0  0  0  0  1.86  13           218 000
24811398 Louhivaara Ossi 8  1  2  3  0  1  0  0  0  15  5  0  0  5  -2  2  0  0  0  0  0  0  1  5.00  40           297 500
24190336 Nattinen Julius 8  8  1  9  0  0  3  0  0  35  3  0  0  7  -2  2  0  1  1  1  2  0  1  13.13  105           472 000
27900714 Palmu Petrus 9  4  8  12  0  0  1  0  0  49  1  0  0  10  -2  0  0  0  1  0  0  0  0  11.89  107           457 500
28967947 Ratinen Samuli 9  1  1  2  0  0  0  0  0  19  2  0  0  5  -3  2  0  0  0  0  0  0  2  4.00  36           254 500
33373610 Rooba Robert 9  3  3  6  0  0  0  0  0  38  0  0  0  6  -2  2  0  0  1  0  1  0  0  7.33  66           341 500
25130683 Rutanen Aleksi 1  0  0  0  0  0  0  0  0  1  0  0  0  0  0  0  0  0  0  0  0  0  0  1.00  1           197 500
29937251 Siikanen Patrik 4  0  0  0  0  0  0  0  0  3  0  5  2  0  -1  0  0  0  0  0  0  0  2  1.50  6           204 500
27355408 Siikonen Miska 9  0  5  5  0  0  0  0  0  17  4  85  55  10  -2  6  0  0  0  0  0  0  0  7.44  67           390 000
28948856 Straka Anton 8  0  0  0  0  0  0  0  0  8  0  20  27  1  -1  2  0  0  0  0  0  0  0  0.75  6           221 000
23505155 Tuppurainen Jani 9  3  8  11  0  0  0  0  0  26  1  0  0  9  -2  4  0  0  0  0  0  0  1  9.78  88           402 000
27647886 Turkulainen Jerry 9  3  6  9  0  0  0  1  0  28  0  0  0  9  -2  0  0  1  1  2  0  0  0  9.44  85           420 000
KalPa
40291921 Aaltonen Leevi 7  0  1  1  0  0  0  0  0  18  0  0  0  1  -4  2  0  0  0  0  0  0  0  2.29  16           226 000
29554508 Ikonen Joni 0  0  0  0  0  0  0  0  0  0  0  0  0  0  0  0  0  0  0  0  0  0  0  0  0           255 000
21804861 Jokinen Tommi 9  2  0  2  0  0  0  0  0  17  2  0  0  2  -4  6  0  0  0  1  0  0  0  3.89  35           293 500
30010662 Juusola Mikko 0  0  0  0  0  0  0  0  0  0  0  0  0  0  0  0  0  0  0  0  0  0  0  0  0           185 000
21851458 Jarvinen Matti 9  1  3  4  0  0  1  0  0  19  1  109  112  2  -10  2  0  0  1  0  0  2  0  3.78  34           291 000
28576383 Kantola Kai 9  1  0  1  0  0  0  0  0  14  1  3  4  2  -5  0  0  0  1  0  0  0  0  1.78  16           262 500
21983012 Keranen Janne 5  0  1  1  0  0  0  0  0  9  1  0  0  2  -4  2  0  0  0  0  0  0  0  2.40  12           309 000
27471447 Klemetti Aleksi 9  3  0  3  0  0  1  0  0  11  4  0  0  4  -4  8  0  0  0  0  0  0  0  4.89  44           305 500
28570745 Knuutinen Henri 2  0  0  0  0  0  0  0  0  0  0  0  0  0  0  0  0  0  0  0  0  0  0  0.00  0           205 000
24226640 Kononen Juuso 9  0  1  1  0  0  0  0  0  8  1  0  0  1  -1  2  0  1  0  0  0  0  0  1.56  14           214 000
22750794 Nuutinen Mikko 8  1  3  4  0  0  0  0  0  18  1  0  1  3  -4  4  0  0  0  0  0  0  0  4.38  35           262 000
25057054 Pitkanen Miikka 9  0  6  6  0  0  0  0  0  29  0  39  57  5  -2  6  0  0  0  0  0  1  0  5.33  48           360 000
60224611 Rantaeskola Julius 2  0  0  0  0  0  0  0  0  0  0  0  0  0  -1  0  0  0  0  0  0  0  0  -0.50  -1           194 000
25663901 Ruuttu Alexander 9  2  0  2  0  0  0  0  0  19  0  0  2  4  -10  12  0  0  0  1  0  0  0  2.22  20           320 500
34250949 Sebok Balazs 9  1  2  3  0  0  0  0  0  16  2  47  75  3  -7  4  0  0  0  0  0  0  1  2.22  20           258 000
25345944 Vartiainen Tuomas 9  0  1  1  0  0  0  0  0  11  0  0  0  1  -2  2  0  0  0  0  0  0  0  1.56  14           241 000
24206929 Virtanen Mikko 9  0  0  0  0  0  0  0  0  15  3  33  49  0  -2  2  0  0  0  0  0  0  0  0.89  8           228 000
KooKoo
60342510 Bucek Samuel 0  0  0  0  0  0  0  0  0  0  0  0  0  0  0  0  0  0  0  0  0  0  0  0  0           210 000
21440937 Friberg Jere 0  0  0  0  0  0  0  0  0  0  0  0  0  0  0  0  0  0  0  0  0  0  0  0  0           220 000
60342516 Gallo Vilmos 9  1  6  7  0  0  0  0  0  31  0  0  0  4  -3  10  0  0  0  0  1  0  0  7.11  64           353 000
24451091 Haataja Juha-Pekka 9  1  7  8  0  0  0  0  0  33  0  0  1  5  -2  2  0  0  0  1  1  0  0  7.56  68           409 500
21499603 Hakulinen Anrei 9  4  5  9  0  0  1  0  0  44  0  0  0  5  -3  4  0  0  2  1  0  0  0  9.78  88           447 500
21802135 Jokinen Markus 9  0  0  0  0  0  0  0  0  20  0  1  3  0  -1  4  0  0  0  0  0  0  0  1.33  12           227 000
100033523 Karlsson Erik 9  2  2  4  0  0  1  0  0  17  3  51  65  1  -4  2  0  1  0  0  0  0  1  3.67  33           259 000
22051338 Koivisto Kimi 9  1  0  1  0  0  0  0  0  24  1  23  63  2  -1  8  0  0  0  0  0  0  1  2.33  21           274 000
30417647 Korhonen Olli 0  0  0  0  0  0  0  0  0  0  0  0  0  0  0  0  0  0  0  0  0  0  0  0  0           200 000
24680943 Kahkonen Toni 9  2  0  2  0  0  0  0  0  17  0  1  1  3  -4  2  0  0  0  0  0  0  0  2.89  26           336 000
60342514 Mingoia Trevor 7  3  3  6  0  0  1  0  0  28  0  0  2  2  -2  2  0  0  0  0  0  0  0  7.00  49           388 000
40172010 Oden Joonas 9  1  1  2  0  0  1  0  0  29  2  0  0  2  -2  0  0  0  0  0  0  0  3  4.22  38           267 500
24962616 Ojantakanen Kasperi 4  0  0  0  0  0  0  0  0  2  0  15  14  0  -1  0  0  0  0  0  0  0  1  0.75  3           213 000
60348367 Platzer Kyle 7  1  1  2  0  0  0  0  0  25  2  35  42  2  -1  0  0  0  0  1  0  0  0  4.29  30           266 500
23330074 Stromberg Kim 9  6  4  10  0  0  2  0  0  31  2  102  106  5  -2  4  0  1  0  3  0  1  0  10.89  98           409 000
24153195 Suuronen Toni 9  0  0  0  0  0  0  0  0  11  0  0  0  1  -1  4  0  0  0  0  0  0  0  1.44  13           243 000
25494471 Tamminen Sami 0  0  0  0  0  0  0  0  0  0  0  0  0  0  0  0  0  0  0  0  0  0  0  0  0           190 000
Karpat
21330445 Anttila Sami 3  1  0  1  0  0  0  0  0  8  2  0  0  2  0  0  0  0  0  0  0  0  0  5.33  16           257 500
24406130 Hermonen Julius 3  0  0  0  0  0  0  0  0  3  0  0  0  0  -1  0  0  0  0  0  0  0  0  0.33  1           237 500
21673131 Humaloja Miska 9  0  0  0  0  0  0  0  0  13  1  29  21  2  -6  6  0  0  0  0  0  0  0  1.56  14           237 000
24474272 Jokinen Jussi 5  0  4  4  0  0  0  0  0  10  0  7  6  4  -2  4  0  0  0  0  0  0  0  6.80  34           441 500
21819267 Junttila Julius 6  3  2  5  0  0  2  0  0  30  1  0  0  4  -3  0  0  0  2  0  1  0  1  10.00  60           529 500
21940848 Karvinen Otto 8  0  0  0  0  0  0  0  0  11  3  1  2  2  -5  27  0  0  0  0  0  0  1  0.50  4           230 500
40245614 Koblizek Radek 1  0  0  0  0  0  0  0  0  1  0  0  0  0  0  0  0  0  0  0  0  0  0  1.00  1           274 500
28727446 Koskenkorva Jesse 6  0  0  0  0  0  0  0  0  7  0  38  33  1  0  2  0  0  0  0  0  0  0  1.67  10           261 500
40106629 Kristof Michal 8  1  4  5  0  0  1  0  0  28  1  55  45  4  -2  0  0  0  1  0  0  0  0  6.63  53           368 500
24803597 Lammikko Juho 9  4  10  14  1  0  0  0  0  37  2  95  108  16  -2  2  0  0  0  2  0  0  2  14.22  128           551 000
24808136 Lindsten Jasper 9  0  1  1  0  0  0  0  0  10  0  0  0  1  -5  0  0  0  0  0  0  0  0  0.78  7           278 500
28489001 Metsavainio Tino 5  0  0  0  0  0  0  0  0  5  0  25  22  0  -2  0  0  0  0  0  0  0  0  0.40  2           212 000
25007554 Pesonen Janne 0  0  0  0  0  0  0  0  0  0  0  0  0  0  0  0  0  0  0  0  0  0  0  0  0           361 500
27833056 Puljujarvi Jesse 9  8  4  12  0  0  2  1  0  70  0  0  0  13  -2  16  0  0  3  2  0  3  0  16.56  149           638 500
25013577 Pyorala Mika 9  5  9  14  0  0  0  1  0  35  2  1  1  14  -2  6  0  1  2  1  0  0  0  14.22  128           506 000
31899057 Raty Aatu 3  0  0  0  0  0  0  0  0  9  0  10  10  1  -1  0  0  0  0  0  0  0  0  2.00  6           246 500
31762087 Raty Aku 7  0  1  1  0  0  0  0  0  21  1  0  0  1  -2  4  0  0  0  0  0  0  0  3.00  21           292 500
25589140 Sailio Jari 8  0  1  1  0  0  0  0  0  9  0  0  1  2  -3  0  0  0  0  0  0  0  1  1.50  12           242 000
40375957 Sedlak Zdenek 0  0  0  0  0  0  0  0  0  0  0  0  0  0  0  0  0  0  0  0  0  0  0  0  0           210 000
32558931 Tieksola Tuukka 0  0  0  0  0  0  0  0  0  0  0  0  0  0  0  0  0  0  0  0  0  0  0  0  0           210 000
Lukko
100034134 Danforth Justin 9  4  3  7  0  0  0  0  0  46  3  103  87  6  -6  4  0  0  0  2  1  3  3  10.89  98           544 000
21400252 Elo Eero 1  0  1  1  0  0  0  0  0  0  0  0  0  1  0  0  0  0  0  0  0  0  0  6.00  6           306 500
24546935 Koivisto Toni 8  2  1  3  0  0  0  1  0  14  2  0  0  4  -3  0  0  0  0  0  0  0  0  4.25  34           338 500
23889127 Koivistoinen Eetu 9  0  1  1  0  0  0  0  0  11  2  61  38  1  -1  4  0  0  0  0  0  0  0  2.78  25           278 000
22244996 Laakso Tapio 7  1  0  1  0  0  1  0  0  10  1  49  37  4  -2  10  0  0  0  0  0  0  0  4.86  34           273 500
22396653 Liedes Heikki 9  0  0  0  0  0  0  0  0  14  0  4  7  3  -3  2  0  0  0  0  0  0  1  1.89  17           237 000
30682391 Nyman Linus 9  0  3  3  0  0  0  0  0  15  5  0  0  5  -4  2  0  0  0  0  0  0  1  4.00  36           297 500
31903545 Petman Mikko 8  0  0  0  0  0  0  0  0  5  0  0  0  1  -3  0  0  0  0  0  0  0  0  0.38  3           203 000
31779229 Petman Ville 9  0  0  0  0  0  0  0  0  6  0  0  1  0  -3  6  0  0  0  0  0  0  0  0.78  7           202 000
60348452 Pospisil Kristian 9  0  1  1  0  0  0  0  0  21  0  1  1  2  -2  33  0  0  0  0  1  0  0  2.22  20           296 500
24178578 Ruotsi Jesse 2  0  0  0  0  0  0  0  0  0  0  0  0  0  0  0  0  0  0  0  0  0  0  0.00  0           185 000
23311954 Sopanen Vili 9  1  1  2  0  0  0  0  0  26  1  0  1  2  -3  0  0  0  0  0  0  0  1  3.00  27           293 500
25461491 Tammela Jonne 9  2  4  6  0  0  1  0  0  22  1  2  0  8  -5  4  0  1  1  0  1  0  1  7.44  67           360 500
60348447 Westerholm Pathrik 9  4  5  9  0  0  1  0  0  28  1  41  61  8  -5  2  0  1  0  0  0  0  1  7.89  71           467 500
60348448 Westerholm Ponthus 9  3  4  7  0  0  0  1  0  22  0  0  3  8  -5  4  0  0  2  0  1  0  0  7.44  67           470 500
32294910 Ylitalo Niklas 0  0  0  0  0  0  0  0  0  0  0  0  0  0  0  0  0  0  0  0  0  0  0  0  0           170 000
Pelicans
24242404 Aaltonen Juhamatti 9  2  5  7  0  0  0  0  0  46  3  1  1  6  -7  2  0  1  0  0  2  0  0  8.11  73           514 000
24290689 Bjorninen Hannes 9  4  2  6  0  0  0  0  0  27  0  130  81  6  -7  2  0  0  0  1  1  1  0  8.56  77           472 000
21399185 Elimaki Roope 2  0  0  0  0  0  0  0  0  2  0  9  12  0  0  2  0  0  0  0  0  0  0  1.00  2           212 000
25646106 Gymer Frank 1  0  0  0  0  0  0  0  0  0  0  0  0  0  0  0  0  0  0  0  0  0  0  0.00  0           230 000
30636693 Haatanen Aleks 3  0  0  0  0  0  0  0  0  5  0  0  0  0  0  0  0  0  0  0  0  0  0  1.00  3           207 000
60345099 Hari Janos 7  0  1  1  0  0  0  0  0  10  0  38  50  1  -2  2  0  0  0  0  0  0  0  1.00  7           332 000
29658365 Hamalainen Sakke 3  0  0  0  0  0  0  0  0  2  1  12  21  0  0  0  0  0  0  0  0  0  0  -0.33  -1           214 000
27772764 Lahtinen Severi 2  0  0  0  0  0  0  0  0  2  0  0  0  0  0  4  0  0  0  0  0  0  0  2.50  5           235 000
22504856 Mankinen Jesse 2  1  0  1  0  0  0  0  0  5  1  0  0  1  -1  0  0  0  0  0  0  0  0  5.50  11           306 000
29798827 Merela Waltteri 9  0  0  0  0  0  0  0  0  14  1  0  0  1  -2  2  0  0  0  0  0  0  0  1.33  12           252 000
22598901 Mustonen Aleksi 9  1  3  4  0  0  0  0  0  16  1  44  44  2  -4  0  0  0  0  0  0  0  1  3.33  30           328 500
24916798 Nieminen Otto 4  0  0  0  0  0  0  0  0  8  3  0  0  1  -1  0  0  0  0  0  0  0  0  2.00  8           228 000
25618516 Saarelainen Miro-Pekka 7  1  3  4  0  0  1  0  0  16  0  0  0  4  -6  2  0  0  0  0  0  0  1  5.14  36           265 500
30728860 Salonen Samuel 6  0  0  0  0  0  0  0  0  11  2  1  0  0  -1  4  0  0  0  0  0  0  0  2.00  12           222 500
25458802 Tanus Jonatan 7  1  0  1  0  0  0  0  0  22  2  0  0  2  -6  4  0  0  0  0  0  0  0  3.14  22           270 000
27847136 Toivola Artturi 8  0  1  1  0  0  0  0  0  18  3  53  63  2  -4  2  0  0  0  0  0  0  0  2.00  16           251 000
23521841 Tyrvainen Antti 9  2  1  3  0  0  1  0  0  18  4  1  0  3  -7  36  0  0  0  0  0  0  0  3.00  27           338 000
25443752 Vartiainen Taavi 2  0  0  0  0  0  0  0  0  0  1  0  0  0  -2  2  0  0  0  0  0  0  0  0.50  1           216 000
29937154 Ylonen Jesse 9  1  3  4  0  0  0  0  0  25  1  0  0  4  -4  2  0  1  0  1  0  0  0  4.89  44           347 500
SaiPa
27776919 Iso-Mustajarvi Tomi 10  0  2  2  0  0  0  0  0  14  5  82  63  3  -6  0  0  0  0  0  0  0  0  3.10  31           266 000
21878800 Kaksonen Elmeri 5  1  1  2  0  0  0  0  0  9  1  7  16  1  -2  0  0  0  0  0  0  0  0  2.40  12           247 000
24558127 Kiiskinen Tuomas 7  1  4  5  0  0  0  0  0  9  4  0  0  5  -7  2  0  1  0  0  0  0  0  5.29  37           354 000
24666721 Koho Ville 8  0  1  1  0  0  0  0  0  6  1  47  59  2  -3  0  0  0  0  0  0  0  0  0.75  6           237 500
27777125 Kuronen Mikael 10  0  1  1  0  0  0  0  0  12  6  2  4  3  -5  6  0  0  0  0  0  0  2  2.80  28           253 000
22372826 Leivo Tomi 0  0  0  0  0  0  0  0  0  0  0  0  0  0  0  0  0  0  0  0  0  0  0  0  0           215 000
32569153 Loimaranta Veikko 2  0  0  0  0  0  0  0  0  0  0  0  0  0  0  0  0  0  0  0  0  0  0  0.00  0           205 000
29018345 Luusuaniemi Aatu 0  0  0  0  0  0  0  0  0  0  0  0  0  0  0  0  0  0  0  0  0  0  0  0  0           190 000
22483058 Lofman Anssi 7  2  4  6  0  0  0  0  0  16  0  56  42  7  -6  14  0  1  1  0  0  0  0  7.29  51           291 000
32780178 Mantykivi Matias 5  1  0  1  0  0  0  0  0  3  0  0  0  1  -2  0  0  0  0  0  0  0  0  1.60  8           213 000
22710462 Nikko Joni 9  7  1  8  0  0  1  0  0  32  3  0  0  7  -5  0  0  0  1  0  0  0  0  9.00  81           357 500
30728763 Ojantakanen Valtteri 0  0  0  0  0  0  0  0  0  0  0  0  0  0  0  0  0  0  0  0  0  0  0  0  0           200 000
29936595 Oksanen Emil 7  0  2  2  0  0  0  0  0  20  1  0  0  2  -3  2  0  0  0  0  1  0  0  3.57  25           280 000
60348449 Persson John 8  5  1  6  0  0  2  0  0  32  1  0  0  6  -10  27  0  1  1  1  1  0  0  7.75  62           379 000
29859517 Piipponen Topi 10  2  1  3  0  0  1  0  0  10  6  0  0  4  -3  2  0  0  0  0  0  0  0  3.70  37           245 500
60244105 Ramstedt Teemu 10  1  8  9  0  0  0  0  0  20  1  70  75  6  -8  4  0  0  0  1  0  0  0  6.10  61           351 000
23137280 Saari Micke 0  0  0  0  0  0  0  0  0  0  0  0  0  0  0  0  0  0  0  0  0  0  0  0  0           230 000
60388282 Salituro Dante 1  0  0  0  0  0  0  0  0  1  0  0  2  0  -2  0  0  0  0  0  0  0  0  -2.00  -2           298 000
23555503 Vainikainen Ville 10  1  2  3  0  0  0  0  0  23  2  0  1  3  -5  0  0  1  0  0  0  0  0  3.20  32           272 000
30356928 Virtanen Santeri 3  2  1  3  0  0  0  0  0  5  0  11  13  3  -3  0  0  0  0  0  0  0  0  6.67  20           246 500
40315414 Zaborsky Tomas 10  3  6  9  0  0  2  0  0  44  0  0  1  6  -9  2  0  0  1  1  0  0  0  7.90  79           405 500
Sport
21292664 Ainali Aleksi 9  1  3  4  0  0  0  0  0  26  0  56  46  4  -9  37  0  0  0  0  1  0  0  4.44  40           316 500
21345676 Asplund Turo 9  0  2  2  0  0  0  0  0  18  1  96  80  2  -6  2  0  0  0  0  0  0  0  2.67  24           285 500
60348463 Desousa Chris 9  3  3  6  0  0  0  1  0  54  0  8  13  3  -6  2  0  0  0  0  0  1  0  6.78  61           353 000
29864256 Erholtz Eemil 6  1  2  3  0  0  0  0  0  20  0  0  0  2  -2  0  0  1  0  0  0  0  0  4.67  28           243 000
21411429 Erkinjuntti Antti 6  0  2  2  0  0  0  0  0  22  1  0  0  3  -2  2  0  0  0  0  1  0  0  4.83  29           369 000
30936623 Haarala Santeri 1  0  0  0  0  0  0  0  0  1  0  0  4  0  0  0  0  0  0  0  0  0  0  0.00  0           185 000
24641005 Kalapudas Antti 8  1  3  4  0  0  0  0  0  21  1  48  59  1  -6  0  0  0  0  0  1  1  0  3.63  29           300 500
21881428 Kallela Toni 8  0  0  0  0  0  0  0  0  19  0  0  0  0  -6  2  0  0  0  0  0  0  3  1.63  13           294 500
29551488 Kuiri Niko 9  1  0  1  0  0  1  0  0  13  4  52  77  2  -2  2  0  0  0  0  0  0  2  2.33  21           266 000
27657957 Lehtimaki Miro 0  0  0  0  0  0  0  0  0  0  0  0  0  0  0  0  0  0  0  0  0  0  0  0  0           215 000
22441087 Liuksiala Juho 9  2  3  5  0  0  0  0  0  48  1  0  1  3  -6  2  0  0  0  0  0  0  2  6.22  56           322 500
22520979 Markkula Samu 1  0  0  0  0  0  0  0  0  2  0  0  0  0  0  2  0  0  0  0  0  0  0  3.00  3           228 000
24230814 Paukku Jesse 9  1  1  2  0  0  0  0  0  10  5  0  0  3  -5  2  0  0  1  0  0  0  1  3.11  28           248 000
23064609 Riska Erik 9  1  0  1  0  0  0  1  0  13  1  14  17  1  -4  2  0  0  0  0  0  0  0  1.89  17           237 000
25454518 Talaja Roope 7  3  5  8  0  0  0  0  0  31  1  0  0  2  -4  29  0  0  1  1  0  0  0  8.00  56           353 500
27854909 Vidgren Aaro 8  0  1  1  0  0  0  0  0  16  0  1  1  1  -2  0  0  0  0  0  0  0  1  1.88  15           240 000
Tappara
34254136 Bertrand Charles 9  5  2  7  0  0  0  1  0  36  1  0  0  7  -3  2  0  2  0  1  0  0  0  8.67  78           478 000
21785090 Jasu Juhani 9  0  0  0  0  0  0  0  0  3  3  62  50  2  -4  2  0  0  0  0  0  0  1  1.56  14           292 500
21924709 Karjalainen Jere 9  4  3  7  1  0  0  0  0  30  5  0  0  3  -3  2  0  0  1  0  0  0  0  7.67  69           458 500
24622477 Kuusela Kristian 9  1  7  8  0  0  1  0  0  18  2  0  0  6  -4  6  0  1  1  1  0  0  0  7.56  68           537 000
22357760 Lehtonen Matias 7  0  1  1  0  0  0  0  0  6  3  0  0  1  -2  2  0  0  0  0  0  0  0  1.86  13           221 000
27746619 Levtchi Anton 9  1  1  2  0  0  0  0  0  22  0  1  4  4  -3  2  0  0  0  0  0  1  0  3.22  29           389 000
22497989 Malinen Jarkko 2  0  1  1  0  0  0  0  0  0  0  4  4  1  -1  0  0  0  0  0  0  0  0  2.50  5           305 000
29846355 Moilanen Sami 9  1  0  1  0  0  0  0  0  11  3  0  0  2  -1  0  0  0  0  0  0  0  0  2.22  20           243 500
100033593 Morley Tyler 9  4  6  10  2  0  1  0  1  33  1  94  87  8  -5  4  0  0  1  2  0  1  2  12.44  112           582 000
23764585 Ojamaki Niko 9  3  0  3  0  0  2  0  0  35  2  1  0  5  -4  0  0  0  2  0  1  0  2  6.67  60           468 500
23777132 Ollikainen Anton 0  0  0  0  0  0  0  0  0  0  0  0  0  0  0  0  0  0  0  0  0  0  0  0  0           200 000
40102012 Puistola Patrik 5  0  0  0  0  0  0  0  0  3  0  0  0  0  0  0  0  0  0  0  0  0  0  0.60  3           219 500
25113804 Rauhala Otto 9  0  2  2  0  1  0  0  0  11  1  52  56  2  -2  0  0  0  0  0  0  0  0  2.00  18           276 000
31574013 Simontaival Kasper 1  0  0  0  0  0  0  0  0  2  0  0  0  0  -1  0  0  0  0  0  0  0  0  0.00  0           195 000
29942233 Vanhatalo Lassi 0  0  0  0  0  0  0  0  0  0  0  0  0  0  0  0  0  0  0  0  0  0  0  0  0           185 000
23597163 Vauhkonen Olavi 3  1  0  1  0  0  1  0  0  6  0  0  0  1  -3  0  0  0  0  0  0  0  0  3.67  11           299 000
28262723 Virta Patrik 9  1  2  3  0  0  0  0  0  21  1  71  56  4  -3  4  0  0  0  0  0  0  1  4.78  43           419 500
TPS
40435937 Budish Zach 10  0  1  1  0  0  0  0  0  24  2  18  18  0  -8  4  0  0  0  0  0  0  1  1.60  16           361 500
24315179 Filppula Ilari 9  0  3  3  0  0  1  0  0  18  0  47  76  3  -7  4  0  0  0  0  0  0  0  2.11  19           390 500
60347520 Holm Anton 10  4  0  4  0  0  0  0  0  41  0  0  0  4  -6  4  0  1  0  0  0  0  0  5.30  53           375 500
31835642 Intonen Aarne 3  0  0  0  0  0  0  0  0  5  0  13  11  0  -1  0  0  0  0  0  0  0  0  1.33  4           230 500
27706219 Janatuinen Joel 7  2  0  2  0  0  0  0  0  12  0  0  2  2  -6  2  0  1  0  0  0  0  0  2.71  19           292 000
29805082 Karvonen Elias 10  1  5  6  0  0  0  0  0  16  3  61  54  3  -7  4  0  0  0  0  0  0  0  4.50  45           263 000
24674991 Korpikoski Lauri 4  0  0  0  0  0  0  0  0  16  2  0  1  0  -3  0  0  0  0  0  0  0  0  2.00  8           347 000
23837263 Kuru Hannu 10  0  0  0  0  0  0  0  0  10  2  51  38  2  -4  0  0  0  0  0  0  0  0  1.40  14           224 000
29477410 Larinmaa Jesper 0  0  0  0  0  0  0  0  0  0  0  0  0  0  0  0  0  0  0  0  0  0  0  0  0           165 000
22341860 Lehtinen Oskari 3  0  0  0  0  0  0  0  0  2  0  0  0  1  -1  0  0  0  0  0  0  0  0  0.67  2           222 000
29991637 Nurmi Markus 10  2  1  3  0  0  0  0  0  17  0  0  2  4  -6  4  0  1  0  0  0  0  0  3.20  32           269 500
22770952 Nattinen Topi 0  0  0  0  0  0  0  0  0  0  0  0  0  0  0  0  0  0  0  0  0  0  0  0  0           295 000
40005897 Pajuniemi Lauri 9  4  1  5  0  0  0  0  0  41  2  0  0  3  -5  0  0  3  0  0  1  0  0  6.33  57           311 000
34601569 Parssinen Juuso 0  0  0  0  0  0  0  0  0  0  0  0  0  0  0  0  0  0  0  0  0  0  0  0  0           200 000
60398060 Squires Greg 8  0  4  4  0  0  0  0  0  30  0  0  2  3  -3  8  0  0  0  0  0  0  0  5.13  41           363 000
25651492 Suoranta Simon 9  1  1  2  0  0  0  0  0  14  3  0  0  2  -6  2  0  0  0  0  1  0  2  3.22  29           320 500
29584248 Valtola Olli 0  0  0  0  0  0  0  0  0  0  0  0  0  0  0  0  0  0  0  0  0  0  0  0  0           180 000
29837610 Vayrynen Teemu 9  0  1  1  0  0  0  0  0  15  1  0  0  1  -3  0  0  0  0  0  0  0  2  2.00  18           251 500
23677889 Wirtanen Petteri 10  1  0  1  0  0  0  0  0  19  1  97  100  2  -6  12  0  0  0  0  0  0  0  2.80  28           366 000
Assat
24271404 Appelgren Niklas 10  1  0  1  0  0  0  0  0  22  1  47  80  2  -6  4  0  0  0  0  0  0  0  1.20  12           229 500
60371439 Hedberg Edwin 10  3  0  3  0  0  0  1  0  33  0  0  0  2  -7  0  0  0  1  0  0  0  2  4.10  41           380 000
32269686 Hirvonen Roni 9  0  2  2  0  0  0  0  0  19  2  2  2  4  -5  8  0  0  0  0  0  0  0  3.67  33           249 000
27852901 Juhola Jouka 2  0  0  0  0  0  0  0  0  1  0  0  0  0  0  0  0  0  0  0  0  0  0  0.50  1           216 000
30561454 Killinen Lenni 5  0  0  0  0  0  0  0  0  8  0  0  0  0  -2  2  0  0  0  0  0  0  0  1.00  5           245 500
22024624 Kivela Niko 0  0  0  0  0  0  0  0  0  0  0  0  0  0  0  0  0  0  0  0  0  0  0  0  0           200 000
31165561 Kivenmaki Otto 10  0  1  1  0  0  0  0  0  13  2  22  29  1  -5  0  0  0  0  0  0  0  1  1.10  11           231 000
31639314 Kulmala Lauri 0  0  0  0  0  0  0  0  0  0  0  0  0  0  0  0  0  0  0  0  0  0  0  0  0           195 000
22479185 Lahteenmaki Sami 9  0  4  4  0  0  0  0  0  20  0  0  2  3  -6  8  0  0  0  0  0  0  0  3.89  35           294 000
30419043 Makinen Atte 4  0  0  0  0  0  0  0  0  4  2  0  0  0  -2  2  0  0  0  0  0  0  0  0.75  3           213 000
27666320 Makinen Miro 8  0  0  0  0  0  0  0  0  11  1  9  9  2  -4  2  0  0  0  0  0  0  1  1.50  12           217 000
28731241 Pihlajamaki Valtteri 4  0  0  0  0  0  0  0  0  6  3  0  0  0  -1  2  0  1  0  0  0  0  0  2.00  8           243 000
23039812 Rekonen Aleksi 9  0  1  1  0  0  0  0  0  22  3  28  31  1  -4  12  0  0  0  0  0  0  0  1.67  15           262 000
23181087 Salmio Mikko 10  1  0  1  0  0  1  0  0  14  3  0  0  2  -2  2  0  0  0  0  0  0  0  2.40  24           279 000
60348669 Spink Tylor 10  1  4  5  0  0  1  0  0  20  1  85  58  4  -6  6  0  0  2  0  0  2  0  6.20  62           340 000
60348671 Spink Tyson 10  5  1  6  0  0  0  0  0  26  0  0  0  4  -6  2  0  1  2  1  1  0  0  6.30  63           341 500
23441604 Tiivola Peter 10  1  1  2  0  0  1  0  0  14  1  81  79  2  -6  2  0  0  0  0  0  0  0  2.50  25           326 000
