HIFK
ID Maalivahti O M S P V H TP TO PM NP JM OR X XX XXX LPP/O LPP Arvo
21406421 Engren Atte 6  0  0  0  2  2  2  142  18  0  0  0  1  1  1  5.00  30               335 000
31915960 Taponen Roope 0  0  0  0  0  0  0  0  0  0  0  0  0  0  0  0  0               260 000
23486067 Tuohimaa Frans 8  0  1  1  6  2  0  175  15  1  0  0  1  1  1  9.75  78               345 000
HPK
30798997 Aalto Tuomas 0  0  0  0  0  0  0  0  0  0  0  0  0  0  0  0  0               225 000
28944258 Karjalainen Antti 0  0  0  0  0  0  0  0  0  0  0  0  0  0  0  0  0               300 000
23035023 Reijola Rasmus 1  0  0  0  0  1  0  8  3  0  0  0  0  0  0  -5.00  -5               265 000
23684063 Voutilainen Joona 12  0  1  1  5  3  4  289  25  0  0  0  3  2  1  8.00  96               340 000
Ilves
100030776 Dostal Lukas 9  0  1  1  8  1  0  237  16  1  2  0  0  0  3  12.44  112               360 000
24546168 Kolppanen Ville 4  0  0  0  2  1  1  82  7  2  0  0  0  0  2  12.75  51               335 000
30117507 Makiniemi Eetu 0  0  0  0  0  0  0  0  0  0  0  0  0  0  0  0  0               235 000
Jukurit
24280631 Aho Juhana 2  0  0  0  0  1  0  12  4  0  0  0  0  0  0  -2.50  -5               280 000
22993098 Rajaniemi Sami 13  0  0  0  2  8  2  289  42  0  0  0  0  0  0  2.00  26               315 000
31267715 Randelin Eetu 0  0  0  0  0  0  0  0  0  0  0  0  0  0  0  0  0               225 000
JYP
22322342 Laurikainen Eetu 8  0  0  0  5  3  0  212  20  0  0  0  0  2  0  7.63  61               340 000
27692297 Parkkinen Niko 1  0  0  0  0  0  1  26  3  0  0  0  0  0  0  6.00  6               255 000
29857823 Ruusu Markus 4  0  0  0  3  1  0  81  9  0  0  0  0  0  0  5.25  21               310 000
KalPa
24555926 Kilpelainen Eero 9  0  0  0  5  2  2  193  21  2  2  0  3  1  0  7.67  69               335 000
25655472 Kiviaho Henri 0  0  0  0  0  0  0  0  0  0  0  0  0  0  0  0  0               280 000
22861900 Perhonen Samu 4  0  0  0  1  2  1  107  12  0  0  0  1  0  1  6.00  24               305 000
KooKoo
28890904 Halonen Niilo 4  0  0  0  1  1  1  73  10  0  0  0  0  2  0  3.50  14               305 000
100035404 Haukeland Henrik 11  0  1  1  5  3  3  245  27  1  2  0  0  4  1  7.91  87               335 000
31635062 Salminen Oskari 0  0  0  0  0  0  0  0  0  0  0  0  0  0  0  0  0               270 000
Karpat
32498965 Annunen Justus 2  0  0  0  2  0  0  29  3  0  0  0  0  0  0  5.50  11               350 000
31589972 Blomqvist Joel 1  0  0  0  0  0  0  3  1  0  0  0  0  0  0  -1.00  -1               285 000
60343378 Rybar Patrik 11  0  1  1  7  3  1  249  15  2  25  0  0  2  1  10.36  114               360 000
Lukko
27682964 Lehtinen Lassi 5  0  0  0  2  1  2  115  13  0  0  0  1  1  0  6.20  31               325 000
30131813 Makela Alex 0  0  0  0  0  0  0  0  0  0  0  0  0  0  0  0  0               245 000
23249408 Setanen Oskari 8  0  1  1  3  3  2  176  23  0  0  0  0  0  1  5.13  41               330 000
Pelicans
24329479 Helenius Riku 1  0  0  0  0  0  0  4  2  0  0  0  0  0  0  -2.00  -2               300 000
29933802 Patrikainen Jasper 0  0  0  0  0  0  0  0  0  0  0  0  0  0  0  0  0               245 000
23468166 Tolvanen Atte 10  0  0  0  1  8  1  246  33  0  0  0  1  0  1  2.40  24               320 000
SaiPa
28628202 Kaarlehto Karolus 4  0  0  0  2  2  0  76  11  0  0  0  0  0  0  2.50  10               300 000
27843800 Westerholm Niclas 8  0  0  0  1  5  2  210  25  1  0  0  0  1  0  5.50  44               315 000
Sport
24390673 Hovinen Niko 12  0  0  0  3  6  2  268  22  0  0  0  3  0  1  5.42  65               315 000
34379697 Molder Conrad 1  0  0  0  0  0  0  0  0  0  0  0  0  0  0  0.00  0               260 000
60348834 Steen Stefan 6  0  0  0  1  0  2  86  9  0  0  0  1  1  0  3.50  21               305 000
Tappara
60350437 Garteig Michael 5  0  0  0  0  4  0  84  14  0  0  0  0  0  0  -0.40  -2               330 000
21589720 Heljanko Christian 10  0  0  0  5  2  2  197  20  0  0  0  1  0  0  5.50  55               345 000
TPS
29948198 Anttila Eetu 0  0  0  0  0  0  0  0  0  0  0  0  0  0  0  0  0               230 000
25650749 Pohjanoksa Julius 5  0  0  0  1  2  1  106  9  0  0  0  1  0  2  6.20  31               305 000
23451584 Tirronen Rasmus 9  0  0  0  3  4  2  196  28  1  0  0  0  1  0  4.33  39               330 000
Assat
21296411 Aittokallio Sami 5  0  0  0  1  4  0  81  14  1  2  0  0  0  1  2.80  14               305 000
22333713 Lehti Niklas 0  0  0  0  0  0  0  0  0  0  0  0  0  0  0  0  0               270 000
60348668 Tarasov Daniil 9  0  1  1  2  3  2  216  18  0  0  0  3  1  1  7.89  71               335 000
HIFK
ID Puolustaja O M S P AVM AVS VM TM JA L B ALV ALH + - JM OR X XX XXX KL ELP NL LPP/O LPP Arvo
24260583 Ahonen Rony 14  0  6  6  0  0  0  0  0  16  9  0  0  9  -2  4  0  0  0  0  1  0  0  5.86  82               300 000
21849554 Jarvinen Joonas 14  0  4  4  0  0  0  0  0  25  4  0  0  10  -10  6  0  1  0  0  1  0  0  4.43  62               275 000
24555256 Kankaanpera Markus 0  0  0  0  0  0  0  0  0  0  0  0  0  0  0  0  0  0  0  0  0  0  0  0  0               210 000
22148966 Kousa Mikko 14  1  7  8  0  0  0  0  0  40  1  0  0  5  -15  8  0  1  0  0  0  0  0  5.00  70               350 000
22240990 Laakso Aleksi 13  0  0  0  0  0  0  0  0  15  5  0  0  2  -6  0  0  0  0  0  0  0  0  0.62  8               230 000
22474067 Lyytinen Joonas 14  0  6  6  0  0  0  0  0  35  2  0  0  8  -4  6  0  0  0  0  0  0  0  5.71  80               325 000
100025878 Motin Johan 14  0  4  4  0  0  0  0  0  15  6  0  0  9  -6  18  0  0  0  0  0  0  0  4.14  58               250 000
30692420 Ulander Elias 0  0  0  0  0  0  0  0  0  0  0  0  0  0  0  0  0  0  0  0  0  0  0  0  0               180 000
25357521 Varakas Ville 14  1  3  4  0  0  1  0  0  32  7  0  0  6  -10  6  0  1  0  0  0  0  0  4.29  60               270 000
30482177 Winberg Tobias 1  0  0  0  0  0  0  0  0  0  0  0  0  0  0  0  0  0  0  0  0  0  0  0.00  0               200 000
HPK
23806498 Eronen Elmeri 12  1  5  6  0  0  1  0  0  25  6  0  0  10  -9  8  0  0  2  0  0  0  0  7.17  86               350 000
23837234 Friman Niklas 12  0  2  2  0  0  0  0  0  26  3  0  0  8  -8  4  0  0  0  0  1  0  0  3.75  45               250 000
40020340 Jeskanen Valtteri 1  0  0  0  0  0  0  0  0  1  0  0  0  0  -1  0  0  0  0  0  0  0  0  -1.00  -1               180 000
21926286 Karjalainen Miro 13  0  0  0  0  0  0  0  0  18  2  0  0  2  -2  40  0  0  0  0  2  0  0  1.15  15               215 000
24786410 Laatikainen Arto 13  0  2  2  0  0  0  0  0  23  3  0  0  7  -8  8  0  0  0  0  0  0  0  3.23  42               245 000
30644067 Latvala Otto 13  0  0  0  0  0  0  0  0  16  0  0  0  3  -2  2  0  0  0  0  1  0  0  1.38  18               225 000
22452814 Lukka Santeri 13  1  4  5  0  0  0  0  0  31  3  0  0  7  -4  2  0  0  0  0  2  0  0  5.46  71               270 000
22709389 Nikkila Petteri 13  0  6  6  0  0  0  0  0  31  11  0  0  9  -10  8  0  0  0  1  0  0  0  6.15  80               340 000
22745204 Nurmikanta Nico 1  0  0  0  0  0  0  0  0  0  0  0  0  0  0  2  0  0  0  0  0  0  0  2.00  2               210 000
27574920 Tyni Paavo 0  0  0  0  0  0  0  0  0  0  0  0  0  0  0  0  0  0  0  0  0  0  0  0  0               205 000
Ilves
21403877 Elorinne Aleksi 9  0  1  1  0  0  0  0  0  17  3  0  0  8  -4  4  0  0  0  0  0  0  0  4.22  38               250 000
31228178 Hatakka Santeri 4  0  0  0  0  0  0  0  0  2  2  0  0  1  0  4  0  0  0  0  0  0  0  2.50  10               215 000
29995510 Laaksonen Oskari 12  0  2  2  0  0  0  0  0  19  1  0  0  5  -6  2  0  0  0  0  2  0  0  2.83  34               270 000
29935596 Laitamaki Elias 0  0  0  0  0  0  0  0  0  0  0  0  0  0  0  0  0  0  0  0  0  0  0  0  0               180 000
22487436 Maalahti Kalle 13  0  3  3  0  0  0  0  0  30  4  0  0  5  -5  14  0  1  0  0  2  0  0  4.92  64               315 000
29641327 Matinpalo Nikolas 7  0  0  0  0  0  0  0  0  13  0  0  0  2  -3  0  0  0  0  0  2  0  0  1.86  13               195 000
28905831 Parikka Jarkko 13  0  5  5  0  0  0  0  0  30  3  0  0  11  -5  6  0  0  0  0  2  0  0  6.38  83               310 000
22843711 Peltola Niko 13  3  8  11  0  0  0  1  0  29  9  0  0  14  -3  10  0  1  1  0  1  0  1  11.92  155               410 000
23168071 Salmela Tuomas 11  1  1  2  0  0  0  0  0  16  3  0  1  6  -2  6  0  0  0  0  0  0  0  4.18  46               240 000
32522158 Thomson Lassi 9  3  1  4  0  0  1  0  0  26  2  0  0  4  -1  4  0  0  0  0  1  0  0  7.44  67               335 000
Jukurit
24276289 Alho Aku 0  0  0  0  0  0  0  0  0  0  0  0  0  0  0  0  0  0  0  0  0  0  0  0  0               195 000
60346724 Galvas Jakub 13  0  3  3  0  0  0  0  0  40  2  0  0  6  -16  8  0  0  0  0  0  3  0  3.15  41               260 000
21700651 Hyvarinen Ville 12  0  1  1  0  0  0  0  0  9  12  0  0  5  -5  4  0  0  0  0  0  0  0  2.58  31               220 000
21772430 Jaatinen Antti 11  0  0  0  0  0  0  0  0  12  1  0  0  1  -4  20  0  0  0  0  0  0  0  0.91  10               215 000
60346723 Jakovenko Aleksandr 5  1  4  5  0  0  0  0  0  13  2  0  0  4  -5  2  0  0  0  0  0  0  0  9.20  46               330 000
24229715 Jalonen Jimi 12  0  2  2  0  0  0  0  0  15  3  0  0  2  -5  6  0  1  0  0  1  0  0  2.50  30               235 000
28547299 Kemppainen Samuel 3  0  0  0  0  0  0  0  0  2  0  0  0  0  -2  0  0  0  0  0  0  0  0  -1.00  -3               210 000
31128854 Kokkonen Mikko 11  2  1  3  0  0  1  0  0  45  1  0  0  3  -11  2  0  0  0  1  0  0  0  4.09  45               250 000
24535632 Kuukka Mikko 3  0  0  0  0  0  0  0  0  4  1  0  0  1  -2  0  0  0  0  0  0  0  0  0.67  2               210 000
22891255 Piipponen Samuli 13  0  4  4  0  1  0  0  0  31  7  0  0  6  -12  4  0  0  1  0  0  1  0  3.92  51               240 000
30439447 Rindell Axel 13  2  5  7  0  0  0  0  0  85  2  0  0  7  -8  2  0  1  3  0  2  1  0  8.85  115               345 000
JYP
24182470 AllXn Roni 11  0  3  3  0  1  0  0  0  10  3  0  0  9  -3  4  0  0  0  0  0  0  0  5.00  55               245 000
28705727 Honka Anttoni 12  1  5  6  0  0  0  0  0  43  1  0  0  11  -6  2  0  1  1  1  0  0  0  7.67  92               350 000
21650701 Honka Julius 13  1  2  3  0  0  0  0  0  47  5  0  0  8  -8  8  0  2  0  0  5  3  0  6.62  86               365 000
21799484 Jokinen Jaakko 9  0  1  1  0  0  0  0  0  8  0  0  0  8  -5  4  0  0  0  0  1  0  0  3.44  31               225 000
21892307 Kalteva Mikko 13  1  2  3  0  0  1  0  0  24  4  0  0  18  -10  4  0  0  0  1  1  0  0  6.46  84               330 000
24715452 Lindroos Alex 11  0  1  1  0  0  0  0  0  16  3  0  1  3  -4  6  0  0  0  0  0  0  0  2.18  24               220 000
24868147 Maenpaa Mikko 11  1  2  3  0  0  1  0  0  22  1  0  0  8  -7  2  0  0  0  1  0  1  0  5.00  55               320 000
23557763 Vainio Juuso 11  0  3  3  0  0  0  0  0  33  4  0  1  10  -10  4  0  0  0  0  2  0  0  5.18  57               325 000
27776197 Viinikainen Joonas 0  0  0  0  0  0  0  0  0  0  0  0  0  0  0  0  0  0  0  0  0  0  0  0  0               195 000
32645093 Viinikainen Olli-Petteri 0  0  0  0  0  0  0  0  0  0  0  0  0  0  0  0  0  0  0  0  0  0  0  0  0               200 000
KalPa
40431875 Gallet Hugo 3  0  0  0  0  0  0  0  0  1  0  0  0  0  -1  4  0  0  0  0  0  0  0  1.00  3               200 000
60408300 Graham Jesse 12  0  4  4  0  0  0  0  0  44  0  0  0  12  -8  6  0  1  0  0  0  4  1  7.25  87               340 000
21685718 Huttunen Otto 11  1  0  1  0  0  1  0  0  19  2  0  0  5  -4  29  0  0  1  0  3  0  0  3.18  35               220 000
24725109 Lappalainen Lasse 4  0  1  1  0  0  0  0  0  16  1  0  0  4  -3  0  0  1  0  0  1  0  0  6.25  25               330 000
31046431 Nousiainen Kim 12  1  4  5  0  0  0  0  0  39  5  0  0  8  -7  20  0  1  0  0  1  0  0  6.42  77               275 000
22808510 Parikka Valtteri 0  0  0  0  0  0  0  0  0  0  0  0  0  0  0  0  0  0  0  0  0  0  0  0  0               250 000
30951530 Riekkinen Joona 13  1  4  5  0  0  0  0  0  28  2  0  0  10  -4  2  0  0  0  0  0  0  0  5.85  76               255 000
23242492 Seppala Mikael 11  1  3  4  0  0  0  0  0  24  5  0  0  14  -9  2  0  0  0  0  0  1  0  6.55  72               285 000
25517031 Timonen Jussi 12  0  0  0  0  0  0  0  0  12  2  0  0  8  -2  8  0  0  0  0  0  0  0  3.08  37               230 000
100030506 Wilson Ryan 11  0  1  1  0  0  0  0  0  13  5  0  0  7  -8  4  0  0  0  0  0  0  0  2.55  28               225 000
KooKoo
29587960 Berger Martin 11  1  2  3  0  0  0  0  0  37  3  0  0  10  -4  70  0  0  0  0  2  0  0  5.45  60               250 000
40339220 Bonsaksen Alexander 14  1  1  2  0  0  0  0  0  42  3  0  0  6  -8  12  0  1  0  0  0  0  0  4.07  57               240 000
60342512 Caito Matthew 14  1  8  9  0  0  0  0  0  65  0  0  0  12  -9  18  0  0  0  0  0  4  0  9.86  138               410 000
28942315 Laavainen Roope 12  0  2  2  0  0  0  0  0  15  1  0  0  5  -2  2  0  0  0  0  0  0  0  2.83  34               230 000
22510552 Manninen Oskari 14  3  3  6  0  0  1  0  0  48  4  0  0  13  -6  4  0  0  0  0  1  0  0  8.00  112               325 000
25042564 Pelli Arttu 6  0  1  1  0  0  0  0  0  8  0  0  0  2  -3  12  0  0  0  0  0  0  0  1.33  8               215 000
28273262 Rautanen Juho 13  0  2  2  0  0  0  0  0  39  6  0  0  5  -8  2  0  0  0  0  0  0  0  3.00  39               225 000
30870187 Salmela Santeri 0  0  0  0  0  0  0  0  0  0  0  0  0  0  0  0  0  0  0  0  0  0  0  0  0               180 000
32033595 Seppala Peetro 2  0  0  0  0  0  0  0  0  4  1  0  0  1  -1  0  0  0  0  0  0  0  0  2.50  5               235 000
60411600 Sulak Libor 9  5  3  8  0  0  0  0  0  56  1  0  0  12  -9  8  0  0  1  1  5  0  0  15.00  135               435 000
23576346 Valtola Kalle 0  0  0  0  0  0  0  0  0  0  0  0  0  0  0  0  0  0  0  0  0  0  0  0  0               220 000
Karpat
60342557 Bystrom Ludwig 13  1  6  7  0  0  0  0  0  38  7  0  1  10  -3  4  0  0  0  0  0  1  0  7.85  102               360 000
40428666 Heshka Shaun 13  1  4  5  0  0  1  0  0  58  6  0  0  12  -5  4  0  0  1  1  1  1  0  8.54  111               385 000
24353539 Huttula Joona 10  0  0  0  0  0  0  0  0  20  2  0  0  2  -4  2  0  0  0  0  0  0  0  1.40  14               215 000
60342562 Krejcik Jakub 11  3  6  9  0  0  1  0  0  45  2  0  0  18  -5  6  0  0  1  1  1  2  0  14.00  154               440 000
40312846 Kukkonen Lasse 8  1  0  1  0  0  0  0  0  10  7  0  0  2  0  2  0  0  0  0  0  0  0  3.38  27               240 000
24825038 Makela Aleksi 3  0  0  0  0  0  0  0  0  2  1  0  0  1  -1  0  0  0  0  0  0  0  0  1.33  4               215 000
22679723 Niemela Mikko 11  1  2  3  0  0  1  0  0  24  4  0  0  9  -3  4  0  0  0  0  0  0  0  6.09  67               280 000
31555838 Niemela Topi 8  0  1  1  0  0  0  0  0  17  1  0  0  1  -1  4  0  0  0  0  0  0  0  3.00  24               230 000
29528916 Niskala Jaakko 4  1  0  1  0  0  0  0  0  7  2  0  0  4  -2  4  0  2  0  0  0  0  0  7.50  30               210 000
29679441 Ronkainen Taneli 0  0  0  0  0  0  0  0  0  0  0  0  0  0  0  0  0  0  0  0  0  0  0  0  0               210 000
31017907 Vanttaja Olli 2  0  0  0  0  0  0  0  0  2  0  0  0  0  -1  0  0  0  0  0  0  0  0  0.00  0               200 000
Lukko
24381077 Heikkinen Ilkka 11  0  3  3  0  0  0  0  0  35  4  0  0  5  -8  2  0  0  0  0  2  0  0  4.18  46               270 000
32058428 Heinola Ville 11  0  1  1  0  0  0  0  0  25  2  0  0  6  -5  10  0  0  0  0  1  1  1  4.18  46               355 000
60348405 Klok Lukas 12  3  6  9  0  1  0  0  0  21  3  0  0  12  -13  26  0  0  1  0  0  0  1  8.83  106               345 000
31585390 Kukkonen Miska 6  0  0  0  0  0  0  0  0  4  0  0  0  1  -1  0  0  0  0  0  0  0  0  0.67  4               215 000
29650046 Laitinen Vili 3  0  0  0  0  0  0  0  0  1  1  0  0  2  0  0  0  0  0  0  0  0  0  2.67  8               210 000
60348440 Nemecek David 10  0  2  2  0  0  0  0  0  15  6  0  0  4  -7  8  0  0  0  0  0  0  0  3.30  33               225 000
30932931 Palojarvi Antti 0  0  0  0  0  0  0  0  0  0  0  0  0  0  0  0  0  0  0  0  0  0  0  0  0               200 000
60348444 Press Robin 13  2  7  9  0  0  1  0  0  59  5  0  0  14  -11  2  0  1  0  0  0  0  0  9.31  121               395 000
29948541 Reunanen Tarmo 12  2  3  5  0  0  0  0  1  40  1  0  0  9  -12  6  0  0  0  0  2  1  0  6.50  78               330 000
24177003 Sevanen Roni 12  0  1  1  0  0  0  0  0  11  3  0  0  7  -4  6  0  0  0  0  0  0  0  2.92  35               235 000
Pelicans
30136368 Ek Aleksi 0  0  0  0  0  0  0  0  0  0  0  0  0  0  0  0  0  0  0  0  0  0  0  0  0               190 000
24459695 Ikonen Ossi 13  0  4  4  0  0  0  0  0  37  1  0  0  8  -14  10  0  3  1  0  3  1  2  5.38  70               270 000
24494485 Jaakola Topi 13  0  2  2  0  0  0  0  0  46  7  0  0  2  -9  2  0  0  0  0  1  2  0  3.08  40               240 000
24493554 Jalasvaara Janne 3  0  1  1  0  0  0  0  0  5  0  0  0  3  -3  2  0  0  0  0  0  0  0  5.00  15               255 000
24509817 Jurgens Casimir 0  0  0  0  0  0  0  0  0  0  0  0  0  0  0  0  0  0  0  0  0  0  0  0  0               275 000
29933776 Kinnunen Santtu 10  0  0  0  0  0  0  0  0  33  3  0  0  1  -6  0  0  0  0  0  0  0  0  1.20  12               215 000
24783853 Lintuniemi Alex 13  1  1  2  0  0  0  0  0  43  0  0  0  7  -11  22  0  0  0  0  0  0  0  3.62  47               245 000
60348370 Pietroniro Matteo 4  0  0  0  0  0  0  0  0  3  0  0  0  0  -1  0  0  0  0  0  0  0  0  0.25  1               205 000
28949855 Pynnonen Jarkko 10  0  0  0  0  0  0  0  0  12  5  0  0  1  -7  2  0  0  0  0  0  0  0  0.30  3               210 000
100040219 Shchemerov Alexsandr 10  0  4  4  0  1  0  0  0  19  1  0  0  8  -8  2  0  0  0  0  0  0  0  4.90  49               250 000
23424825 Teppo Miihkali 12  0  3  3  0  0  0  0  0  10  5  0  0  2  -9  2  0  0  0  0  0  0  0  1.50  18               220 000
SaiPa
40005621 Airola Santeri 0  0  0  0  0  0  0  0  0  0  0  0  0  0  0  0  0  0  0  0  0  0  0  0  0               200 000
24270214 Autio Erik 11  0  2  2  0  0  0  0  0  31  4  0  0  6  -6  8  0  0  0  0  0  0  0  4.27  47               245 000
60407804 Bernhardt David 12  0  3  3  0  0  0  0  0  26  3  0  0  7  -7  4  0  0  1  0  0  5  1  5.08  61               250 000
60348446 Grman Mario 7  0  2  2  0  0  0  0  0  10  5  0  0  3  -2  2  0  0  0  0  0  0  1  4.43  31               230 000
22064150 Kojo Markus 8  0  1  1  0  0  0  0  0  7  1  0  0  5  -2  24  0  0  0  0  0  0  0  2.25  18               220 000
25091997 Riikola Simo-Pekka 8  0  0  0  0  0  0  0  0  7  0  0  0  0  -2  6  0  0  0  0  0  0  0  0.88  7               215 000
28891819 Salo Robin 12  3  5  8  0  0  0  0  0  51  7  0  0  10  -9  0  0  1  1  0  0  4  0  9.33  112               355 000
23241406 Seppala Jere 10  0  1  1  0  0  0  0  0  8  2  0  0  2  -4  10  0  0  0  0  0  0  0  2.20  22               225 000
25543115 Sneck Jere 3  0  1  1  0  0  0  0  0  5  1  0  0  1  -1  0  0  0  0  0  0  0  0  3.67  11               215 000
30033458 Torikka Kasperi 0  0  0  0  0  0  0  0  0  0  0  0  0  0  0  0  0  0  0  0  0  0  0  0  0               195 000
28842826 Vainio Veeti 8  4  3  7  0  0  0  1  0  47  1  1  0  8  -3  16  0  1  0  0  4  1  0  16.00  128               350 000
Sport
60348460 Geiger Paul 4  0  1  1  0  0  0  0  0  3  2  0  0  3  -1  2  0  0  0  0  0  0  0  4.50  18               245 000
24324348 Grondahl Ari 14  1  2  3  0  0  1  0  0  37  10  0  1  6  -8  10  0  0  0  1  1  1  0  4.86  68               250 000
22675468 Nevalainen Niklas 13  1  2  3  0  0  0  0  0  29  1  0  0  4  -8  12  0  0  0  1  0  1  0  4.00  52               240 000
40277186 Seigo Steven 1  0  0  0  0  0  0  0  0  6  0  0  0  0  -1  0  0  0  0  0  0  0  0  1.00  1               260 000
23470251 Tommila Juho 7  0  3  3  0  0  0  0  0  27  3  0  0  2  -4  4  0  0  0  0  0  0  0  5.57  39               230 000
23485961 Tuohilampi Kristian 12  0  2  2  0  0  0  0  0  16  0  0  0  4  -4  8  0  0  0  0  0  0  0  2.92  35               225 000
25334515 Viljanen Valtteri 14  2  8  10  0  0  0  0  1  51  8  0  0  7  -10  6  0  2  0  0  0  1  0  8.21  115               335 000
23620535 Westermarck Victor 14  0  2  2  0  0  0  0  0  26  3  0  0  2  -4  27  0  0  0  0  0  0  0  1.71  24               220 000
60348466 Wilson Jared 14  0  1  1  0  0  0  0  0  22  1  0  0  6  -8  20  0  0  0  0  0  0  1  2.07  29               215 000
23805761 Ylitalo Eemeli 0  0  0  0  0  0  0  0  0  0  0  0  0  0  0  0  0  0  0  0  0  0  0  0  0               195 000
Tappara
40371281 Blood Ben 13  1  0  1  0  0  0  0  0  25  2  0  0  7  -11  6  0  0  0  0  0  0  0  2.46  32               235 000
100026176 Has Hugo 0  0  0  0  0  0  0  0  0  0  0  0  0  0  0  0  0  0  0  0  0  0  0  0  0               215 000
21974869 Kemilainen Valtteri 11  0  8  8  0  0  0  0  0  63  1  0  0  9  -7  8  0  0  0  0  3  1  0  10.18  112               425 000
24884833 Mantyla Tuukka 8  1  0  1  0  0  0  0  1  8  0  0  0  3  -2  14  0  0  0  1  0  0  0  3.00  24               230 000
24127529 Rouhiainen Jere 5  1  1  2  0  0  0  0  0  12  0  0  0  2  -7  2  0  0  0  0  0  0  0  3.40  17               230 000
23334106 Suhonen Teemu 13  2  9  11  0  0  1  0  0  43  3  0  0  9  -6  2  0  0  1  0  0  0  0  9.23  120               380 000
30738423 Utunen Toni 12  0  2  2  0  0  0  0  0  12  1  0  0  3  -4  2  0  0  0  0  0  0  0  2.17  26               220 000
23680559 Vittasmaki Veli-Matti 13  0  3  3  0  0  0  0  0  16  1  0  0  6  -10  0  0  0  0  0  0  0  0  2.15  28               295 000
32604513 Wehmas Jeremi 1  0  0  0  0  0  0  0  0  0  0  0  0  0  0  0  0  0  0  0  0  0  0  0.00  0               200 000
60350439 Ytterell Alexander 13  3  1  4  0  0  1  0  0  42  2  0  0  5  -7  4  0  1  0  1  0  0  0  5.38  70               265 000
TPS
29934157 Anttalainen Aleksi 12  0  0  0  0  0  0  0  0  15  3  0  0  2  -5  31  0  0  0  0  0  0  0  0.67  8               210 000
24318448 Forsstrom Jani 3  1  0  1  0  0  0  0  0  1  0  0  0  2  -1  0  0  0  0  0  0  0  0  4.67  14               225 000
31765398 Kaskinen Olli 0  0  0  0  0  0  0  0  0  0  0  0  0  0  0  0  0  0  0  0  0  0  0  0  0               190 000
60347522 Larsson Henrik 13  0  12  12  0  0  0  0  0  30  1  0  0  7  -12  6  0  1  1  0  0  1  0  7.69  100               345 000
60415917 Olsson Jens 2  0  0  0  0  0  0  0  0  5  2  0  0  2  -3  0  0  0  0  0  1  0  0  3.50  7               240 000
100029133 Piskula Joseph 13  0  2  2  0  0  0  0  0  24  6  0  0  10  -10  24  0  0  0  0  1  0  2  4.46  58               250 000
24190598 Salonen Aleksi 11  0  0  0  0  0  0  0  0  19  4  0  0  3  -6  2  0  0  0  0  0  0  0  1.18  13               235 000
24223973 Sund Tony 13  2  3  5  0  0  0  0  1  45  2  0  1  10  -12  10  0  0  0  0  2  0  1  6.77  88               295 000
30893766 Viro Eemil 5  0  1  1  0  0  0  0  0  6  0  0  0  2  -4  0  0  0  0  0  0  0  0  1.60  8               200 000
60347523 Windlert Filip 7  0  0  0  0  0  0  0  0  8  1  0  0  2  -5  4  0  0  0  0  0  0  0  1.00  7               230 000
Assat
31848134 Ketola Juuso 0  0  0  0  0  0  0  0  0  0  0  0  0  0  0  0  0  0  0  0  0  0  0  0  0               180 000
24820363 Marttinen Jyri 11  1  0  1  0  0  0  0  0  25  1  0  0  6  -8  18  0  0  0  0  0  0  0  2.73  30               235 000
30984675 Matinmikko Aleksi 0  0  0  0  0  0  0  0  0  0  0  0  0  0  0  0  0  0  0  0  0  0  0  0  0               200 000
31209498 Niemelainen Markus 11  0  2  2  0  0  0  0  0  21  8  0  0  9  -6  4  0  0  0  0  0  0  0  4.45  49               245 000
29782985 Peltomaki Niklas 9  0  1  1  0  0  0  0  0  14  0  0  0  3  -4  2  0  0  0  0  0  0  0  2.00  18               220 000
23167645 Salmela Saku 12  1  3  4  0  0  0  1  0  15  1  0  0  7  -7  6  0  0  0  0  0  0  0  4.42  53               255 000
60351426 Stenqvist Jakob 8  2  3  5  0  0  0  0  0  7  1  0  0  3  -6  4  0  0  0  0  0  0  0  5.25  42               260 000
23384884 Taimi Tommi 9  3  2  5  0  0  1  0  0  33  2  0  0  4  -4  8  0  0  0  0  0  0  0  8.22  74               355 000
25381270 Vainio Olli 12  2  3  5  0  0  0  0  1  37  5  0  0  6  -7  0  0  0  0  0  1  1  0  6.08  73               285 000
24177621 Varttinen Aleksi 0  0  0  0  0  0  0  0  0  0  0  0  0  0  0  0  0  0  0  0  0  0  0  0  0               215 000
28504481 Vuorisalo Teemu 9  3  1  4  0  0  0  0  0  28  2  0  0  2  -2  0  0  1  0  0  0  0  0  6.00  54               250 000
60351425 Akerstrom Simon 5  0  0  0  0  0  0  0  0  7  0  0  0  2  -2  4  0  0  0  0  0  0  0  2.20  11               225 000
HIFK
ID Hyokkaaja O M S P AVM AVS VM TM JA L B ALV ALH + - JM OR X XX XXX KL ELP NL LPP/O LPP Arvo
28019536 And Terry 0  0  0  0  0  0  0  0  0  0  0  0  0  0  0  0  0  0  0  0  0  0  0  0  0           200 000
60347997 Dyk Sebastian 11  4  5  9  0  0  4  0  0  62  3  0  0  7  -6  2  0  0  0  1  0  2  1  9.82  108           400 000
29695519 Engberg Teemu 9  0  0  0  0  0  0  0  0  8  1  1  0  1  -4  4  0  0  0  0  0  0  0  1.22  11           210 000
29735822 Heljanko Rasmus 7  0  0  0  0  0  0  0  0  9  2  0  1  0  0  0  0  1  0  0  0  0  0  1.14  8           205 000
30731093 Hamalainen Janne 0  0  0  0  0  0  0  0  0  0  0  0  0  0  0  0  0  0  0  0  0  0  0  0  0           190 000
30345845 Jaaska Juha 3  1  1  2  0  0  0  0  0  11  0  11  18  1  -1  0  0  0  0  0  0  1  0  5.67  17           260 000
24650025 Kangasniemi Iikka 14  3  7  10  0  0  0  0  0  32  1  0  0  8  -10  6  0  0  0  1  0  0  1  5.93  83           320 000
24555418 Keranen Juho 13  0  1  1  0  0  0  0  0  11  1  57  49  2  -6  4  0  0  0  0  0  0  0  1.38  18           220 000
21983740 Keranen Michael 12  6  3  9  0  0  0  1  0  44  1  48  52  4  -7  4  0  0  0  2  0  0  0  6.92  83           340 000
34367447 Lambert Brad 1  0  0  0  0  0  0  0  0  4  0  0  0  0  -1  0  0  0  0  0  0  0  0  1.00  1           185 000
22393300 Leskinen Ville 3  1  1  2  0  0  0  0  0  11  0  0  0  1  -2  0  0  0  0  0  0  1  1  6.67  20           385 000
31261902 Lundell Anton 3  1  1  2  0  0  0  0  0  8  0  23  15  1  -3  0  0  0  0  0  0  0  0  5.67  17           315 000
31425081 Myllyla Wiljami 1  0  0  0  0  0  0  0  0  0  0  0  0  0  0  0  0  0  0  0  0  0  0  0.00  0           175 000
29615777 Nordgren Niklas 6  0  0  0  0  0  0  0  0  8  0  0  0  0  0  0  0  0  0  0  0  0  0  1.00  6           230 000
22756329 Nykopp Thomas 6  0  0  0  0  0  0  0  0  5  1  41  32  2  -3  0  0  0  0  0  0  0  0  1.50  9           215 000
27752328 Paajanen Otto 13  5  5  10  0  0  0  0  0  35  2  136  135  8  -9  8  0  0  1  0  0  2  0  7.00  91           330 000
25012824 Petrell Lennart 7  1  0  1  0  0  0  0  0  15  2  0  0  1  -2  0  0  1  0  0  0  0  0  2.57  18           225 000
25630280 Saarinen Jesse 6  2  5  7  0  0  0  0  0  13  0  0  0  2  -5  4  0  1  0  0  0  0  0  7.33  44           330 000
23165391 Sallinen Jere 13  8  4  12  0  0  3  0  0  41  5  77  97  8  -10  4  0  1  1  2  1  0  0  8.69  113           350 000
23394612 Tallberg Teemu 14  2  1  3  0  0  0  0  0  34  6  0  0  10  -7  6  0  0  0  0  0  0  0  4.21  59           230 000
25506929 Turunen Teemu 12  5  11  16  0  0  1  0  0  41  3  0  0  8  -9  2  0  0  3  2  0  1  0  10.50  126           435 000
23793763 Asten Micke-Max 14  1  1  2  0  0  0  0  0  23  6  9  13  5  -3  4  0  1  0  0  0  0  0  2.93  41           220 000
HPK
40432221 Cornet Philippe 5  0  1  1  0  0  0  0  0  8  1  0  0  1  0  2  0  0  0  0  0  0  0  2.80  14           275 000
29690417 Innala Jere 13  2  7  9  0  0  2  0  0  56  2  0  0  5  -10  2  0  1  2  0  0  0  0  6.46  84           325 000
30013562 Jokinen Jere 0  0  0  0  0  0  0  0  0  0  0  0  0  0  0  0  0  0  0  0  0  0  0  0  0           190 000
27775017 Kanninen Henri 13  2  3  5  0  0  0  0  0  34  4  54  42  6  -8  6  0  0  1  0  0  1  1  5.15  67           270 000
33388168 Kombe Kristjan 0  0  0  0  0  0  0  0  0  0  0  0  0  0  0  0  0  0  0  0  0  0  0  0  0           195 000
40432227 Krivosik Filip 12  2  1  3  0  0  0  0  0  29  1  0  0  3  -4  2  0  0  0  0  0  0  0  3.17  38           245 000
100027950 Kunyk Cody 13  4  8  12  0  0  0  0  1  41  3  111  115  10  -10  4  0  3  0  1  0  1  1  8.38  109           355 000
24769356 Lahtela Mikko 13  1  3  4  0  0  1  0  0  11  2  65  59  4  -3  2  0  0  0  1  0  0  0  3.15  41           230 000
22450515 Lucenius Niclas 13  3  2  5  0  0  0  0  0  21  2  43  29  3  -7  0  0  0  1  1  0  0  0  3.85  50           260 000
24876676 Monto Joona 12  2  5  7  0  0  1  0  0  12  2  4  6  6  -5  0  0  0  0  0  0  0  0  4.00  48           240 000
22671530 Nenonen Markus 13  4  6  10  0  0  1  0  0  60  2  0  0  9  -7  0  0  1  1  0  0  0  0  7.54  98           340 000
29859533 Puustinen Valtteri 12  5  6  11  0  0  0  0  1  45  4  0  0  11  -8  6  0  0  0  2  1  0  2  9.83  118           375 000
30138036 Ronkainen Miska 1  0  0  0  0  0  0  0  0  0  0  0  0  0  -1  0  0  0  0  0  0  0  0  -1.00  -1           170 000
23097498 Ruokonen Miro 13  3  1  4  0  0  0  0  0  15  2  0  0  4  -4  0  0  0  0  0  0  0  0  2.92  38           225 000
30013384 Seppala Erkka 8  0  1  1  0  0  0  0  0  8  0  0  0  2  -1  4  0  0  0  0  0  0  0  2.00  16           210 000
23418213 Tavi Janne 3  1  0  1  0  0  0  0  0  9  0  0  0  1  -1  0  0  0  0  0  0  0  0  4.00  12           250 000
28506900 Tikka Tommi 12  3  1  4  0  0  0  0  0  21  3  133  93  5  -4  6  0  0  0  0  0  0  1  5.42  65           265 000
Ilves
21288241 Ahopelto Erik 1  0  0  0  0  0  0  0  0  2  0  0  0  0  0  0  0  0  0  0  0  0  0  1.00  1           185 000
29446865 Antonen Joose 13  2  6  8  0  0  1  0  0  27  1  0  1  6  -3  2  0  0  0  0  1  0  0  5.23  68           310 000
24464062 Ikonen Jasse 11  1  1  2  0  0  0  0  0  17  2  1  2  3  -1  2  0  0  0  1  0  0  0  2.91  32           230 000
29028513 Ikonen Joona 13  3  7  10  0  0  0  0  0  28  6  1  1  13  -4  4  0  1  0  0  0  0  1  7.38  96           305 000
32464892 Jarventie Roby 3  1  0  1  0  0  1  0  0  4  1  0  0  1  0  4  0  0  0  0  0  0  0  6.00  18           220 000
22366599 Leino Robert 13  0  10  10  0  0  0  0  0  34  5  156  149  13  -5  8  0  1  1  0  0  4  0  7.85  102           360 000
28730556 Lepaus Teemu 13  1  2  3  0  0  1  0  0  23  0  27  37  6  -3  6  0  0  0  0  0  0  0  3.23  42           265 000
30735248 Maccelli Matias 12  5  6  11  0  0  2  0  0  42  0  0  0  8  -3  6  0  0  2  2  0  0  0  9.33  112           380 000
26590031 Meskanen Ville 1  1  0  1  0  0  0  0  0  5  0  0  0  1  -4  0  0  0  0  0  0  0  0  7.00  7           365 000
24880895 Mieho Panu 7  1  1  2  0  0  0  0  0  7  2  8  9  3  -1  27  0  0  0  0  0  0  0  2.14  15           220 000
31905381 Nalli Miro 2  0  0  0  0  0  0  0  0  3  0  0  0  1  0  0  0  0  0  0  0  0  0  2.00  4           180 000
31803661 Pakkila Eetu 6  4  1  5  1  0  1  0  0  11  1  0  0  5  -2  0  0  0  1  0  0  0  0  8.67  52           245 000
23029644 Rautiainen Teemu 13  4  2  6  0  0  0  0  0  35  3  0  0  8  -6  0  0  0  0  0  0  0  0  4.92  64           300 000
25153974 Ruotsalainen Arttu 7  3  3  6  0  0  2  0  0  19  1  55  68  1  -3  0  0  1  1  0  0  1  0  6.71  47           375 000
30687613 Saarela Antti 12  1  3  4  0  0  0  0  0  26  0  40  59  5  -3  6  0  0  0  1  0  0  4  4.25  51           235 000
23351053 Suomi Eemeli 11  4  4  8  0  0  1  0  0  24  2  7  14  7  -7  4  0  0  1  0  0  2  0  6.55  72           370 000
30039025 Vainionpaa Samuli 13  2  2  4  0  0  0  0  0  20  0  37  70  7  -2  31  0  0  0  0  0  0  0  2.23  29           225 000
Jukurit
60380455 Dzierkals Martins 0  0  0  0  0  0  0  0  0  0  0  0  0  0  0  0  0  0  0  0  0  0  0  0  0           240 000
21600081 Henritius Teemu 13  1  3  4  0  0  0  0  0  18  2  121  131  4  -9  6  0  0  0  0  0  2  0  2.77  36           245 000
21659838 Hotakainen Valtteri 8  1  0  1  0  0  0  0  0  8  1  22  18  2  -3  12  0  0  0  0  0  0  0  3.50  28           215 000
30851669 Huttunen Heikki 6  0  1  1  0  0  0  0  0  6  2  0  0  0  -3  0  0  0  0  0  0  0  1  1.50  9           200 000
21888612 Kalliola Joonas 12  0  0  0  0  0  0  0  0  23  9  0  0  2  -4  8  0  0  0  0  0  0  0  2.58  31           225 000
24174051 Leskinen Ville 9  1  1  2  0  0  0  0  0  37  0  0  0  2  -10  0  0  1  0  0  0  0  2  3.33  30           270 000
30667484 Matikainen Kalle 1  0  0  0  0  0  0  0  0  0  0  0  0  0  -1  0  0  0  0  0  0  0  0  -1.00  -1           165 000
30712591 Nikkanen Henri 11  0  2  2  0  0  0  0  0  22  0  43  42  3  -6  4  0  0  0  0  0  0  0  2.55  28           220 000
22815419 Partanen Mika 12  1  3  4  0  0  0  0  0  28  1  0  1  5  -8  4  0  0  0  0  1  2  0  3.92  47           265 000
100028135 Pereskokov Vadim 13  5  5  10  0  0  1  1  0  45  1  0  0  6  -9  4  0  1  2  1  0  0  0  7.23  94           335 000
22895620 Piitulainen Jesper 6  3  1  4  0  0  0  0  0  17  0  1  3  3  -6  0  0  0  0  0  0  0  1  5.67  34           275 000
40102012 Puistola Patrik 7  3  2  5  0  0  1  1  0  15  0  0  1  4  -3  0  0  0  0  1  0  0  0  6.29  44           270 000
25116623 Ritamaki Janne 13  1  0  1  1  0  0  0  0  27  2  0  0  2  -5  10  0  0  0  0  0  0  0  2.92  38           225 000
23075106 Roine Miika 13  2  3  5  0  0  0  0  0  27  13  9  11  4  -12  4  0  0  0  0  0  0  0  3.62  47           260 000
60346719 Sarault Charles 13  3  4  7  0  0  0  0  0  21  1  77  80  6  -13  4  0  0  0  0  0  0  0  3.77  49           255 000
31854445 Tanus Kristian 7  2  3  5  0  0  0  0  0  17  0  41  46  2  -5  25  0  0  1  0  0  0  0  3.43  24           230 000
23702275 Vahatalo Julius 13  1  1  2  0  1  0  0  1  25  6  62  80  5  -6  4  0  0  0  0  1  0  1  3.00  39           230 000
JYP
24415613 Hytonen Juha-Pekka 13  6  3  9  1  1  0  0  0  15  1  109  84  11  -5  2  0  0  1  1  0  0  0  7.54  98           325 000
24466950 Immonen Jarkko 13  5  8  13  0  0  1  0  0  70  0  136  112  10  -10  2  0  1  0  0  1  0  0  9.62  125           410 000
30575699 Kalajanniska Oskari 4  0  0  0  0  0  0  0  0  5  0  0  0  0  0  0  0  0  0  0  0  0  0  0.75  3           200 000
24641005 Kalapudas Antti 10  1  2  3  0  0  0  0  0  16  0  59  67  3  -7  0  0  0  0  0  0  0  0  2.00  20           250 000
21996203 Kettunen Janne 2  0  0  0  0  0  0  0  0  2  0  0  0  0  0  0  0  0  0  0  0  0  0  1.00  2           190 000
22181127 Kumpulainen Janne 2  0  1  1  0  0  0  0  0  4  1  0  0  1  0  2  0  0  0  0  0  0  0  6.00  12           205 000
24811398 Louhivaara Ossi 13  1  0  1  1  0  0  0  0  12  4  0  0  3  -7  4  0  0  0  0  0  0  0  1.85  24           230 000
24190336 Nattinen Julius 11  9  10  19  0  1  1  0  0  48  2  8  9  18  -7  20  0  1  2  2  1  0  2  16.27  179           500 000
27900714 Palmu Petrus 11  2  4  6  0  0  2  0  0  43  0  0  0  15  -8  4  0  0  0  1  1  1  1  8.27  91           385 000
28967947 Ratinen Samuli 13  2  4  6  1  0  0  0  0  33  2  0  0  8  -6  4  0  0  1  0  0  0  7  6.46  84           260 000
33373610 Rooba Robert 13  5  2  7  0  0  0  0  0  52  1  0  0  12  -6  6  0  1  0  0  0  0  0  7.15  93           330 000
25130683 Rutanen Aleksi 3  0  0  0  0  0  0  0  0  3  0  0  0  0  0  0  0  0  0  0  0  0  0  0.67  2           185 000
29937251 Siikanen Patrik 10  0  1  1  0  0  0  0  0  13  1  12  17  2  -7  0  0  0  0  0  0  0  0  0.90  9           210 000
27355408 Siikonen Miska 10  4  4  8  0  0  0  0  0  26  1  89  77  10  -4  49  0  0  0  0  0  0  0  6.30  63           335 000
28948856 Straka Anton 11  0  0  0  0  0  0  0  0  20  1  34  26  1  -4  4  0  0  0  0  0  0  1  1.64  18           215 000
23505155 Tuppurainen Jani 11  6  8  14  0  0  2  0  0  41  3  0  0  8  -6  8  0  0  1  1  0  0  0  10.91  120           390 000
27647886 Turkulainen Jerry 13  2  10  12  0  0  1  0  0  23  0  0  0  10  -6  8  0  1  0  0  0  0  0  7.00  91           355 000
KalPa
40291921 Aaltonen Leevi 9  0  0  0  0  0  0  0  0  9  0  0  0  3  -5  0  0  0  0  0  0  0  0  0.89  8           210 000
29554508 Ikonen Joni 0  0  0  0  0  0  0  0  0  0  0  0  0  0  0  0  0  0  0  0  0  0  0  0  0           240 000
21804861 Jokinen Tommi 13  2  4  6  0  0  0  0  0  13  1  16  24  8  -7  4  0  0  0  0  0  0  0  3.54  46           245 000
30010662 Juusola Mikko 0  0  0  0  0  0  0  0  0  0  0  0  0  0  0  0  0  0  0  0  0  0  0  0  0           185 000
21851458 Jarvinen Matti 13  3  4  7  0  1  0  0  0  33  0  124  122  10  -12  4  0  0  0  0  0  2  0  5.69  74           260 000
28576383 Kantola Kai 12  9  5  14  0  0  1  0  0  49  3  16  19  14  -3  10  0  0  0  1  0  0  0  12.00  144           365 000
21983012 Keranen Janne 12  6  3  9  1  0  1  0  0  40  1  0  0  10  -13  12  0  0  2  1  0  0  0  7.42  89           345 000
27471447 Klemetti Aleksi 13  0  3  3  0  0  0  0  0  5  2  0  0  3  -7  2  0  0  0  0  0  0  0  1.54  20           240 000
28570745 Knuutinen Henri 2  0  1  1  0  0  0  0  0  1  3  0  2  2  0  0  0  0  0  0  0  0  0  5.00  10           225 000
24226640 Kononen Juuso 13  3  5  8  0  0  1  0  0  26  6  0  1  13  -1  6  0  0  1  0  0  0  0  7.23  94           270 000
22750794 Nuutinen Mikko 13  0  3  3  0  0  0  0  0  33  7  4  9  3  -7  0  0  0  0  0  0  0  0  2.46  32           235 000
25057054 Pitkanen Miikka 13  2  2  4  0  0  2  0  0  40  0  54  68  6  -5  8  0  0  0  0  2  0  1  5.00  65           280 000
60224611 Rantaeskola Julius 2  0  0  0  0  0  0  0  0  0  0  0  0  0  0  0  0  0  0  0  0  0  0  0.00  0           190 000
25663901 Ruuttu Alexander 9  1  1  2  0  0  0  0  0  20  2  8  8  4  -5  0  0  0  0  0  0  0  0  2.89  26           245 000
34250949 Sebok Balazs 13  5  12  17  1  0  1  0  0  57  0  80  94  14  -4  10  0  0  1  3  0  3  3  12.85  167           370 000
25345944 Vartiainen Tuomas 12  4  1  5  0  0  0  0  0  35  1  0  0  7  -6  4  0  0  1  0  0  0  0  5.17  62           250 000
24206929 Virtanen Mikko 9  1  0  1  0  0  0  0  0  13  2  39  42  2  -1  0  0  0  0  0  0  0  0  2.00  18           215 000
KooKoo
60342510 Bucek Samuel 0  0  0  0  0  0  0  0  0  0  0  0  0  0  0  0  0  0  0  0  0  0  0  0  0           210 000
21440937 Friberg Jere 3  0  0  0  0  0  0  0  0  1  0  7  18  0  -1  0  0  0  0  0  0  0  0  -1.33  -4           215 000
60342516 Gallo Vilmos 14  3  11  14  0  0  1  0  0  39  1  0  0  14  -5  10  0  0  0  1  1  0  0  9.00  126           365 000
24451091 Haataja Juha-Pekka 14  4  8  12  0  0  2  1  0  46  1  0  0  8  -12  2  0  0  0  1  0  0  0  6.93  97           335 000
21499603 Hakulinen Anrei 14  1  9  10  0  0  0  0  0  51  1  0  0  10  -11  16  0  1  0  0  0  0  0  5.93  83           340 000
21802135 Jokinen Markus 13  1  0  1  1  0  0  0  0  23  5  4  2  1  -3  2  0  0  0  0  0  0  0  2.38  31           225 000
100033523 Karlsson Erik 14  2  7  9  0  0  0  1  0  34  0  82  86  10  -4  4  0  1  0  0  0  0  5  6.64  93           300 000
22051338 Koivisto Kimi 14  0  1  1  0  0  0  0  0  25  0  55  63  3  -7  0  0  0  0  0  0  0  1  1.07  15           220 000
30417647 Korhonen Olli 0  0  0  0  0  0  0  0  0  0  0  0  0  0  0  0  0  0  0  0  0  0  0  0  0           200 000
24680943 Kahkonen Toni 12  5  1  6  0  0  0  0  0  33  2  2  7  9  -3  0  0  1  1  0  0  0  0  5.92  71           280 000
60342514 Mingoia Trevor 12  4  5  9  0  0  0  0  1  52  0  7  4  11  -3  2  0  0  0  1  1  0  0  8.67  104           360 000
40172010 Oden Joonas 7  1  2  3  0  0  0  1  0  17  1  0  0  3  -2  0  0  0  0  1  0  1  3  5.71  40           270 000
24962616 Ojantakanen Kasperi 12  1  3  4  0  0  0  0  0  22  1  0  0  6  0  2  0  0  0  0  0  0  1  4.08  49           235 000
60348367 Platzer Kyle 14  5  5  10  0  0  0  0  0  50  0  89  103  12  -5  6  0  0  1  1  0  0  0  7.21  101           325 000
23330074 Stromberg Kim 14  7  4  11  0  0  2  0  1  54  0  153  177  10  -11  4  0  0  1  2  0  0  0  7.71  108           350 000
24153195 Suuronen Toni 14  0  0  0  0  0  0  0  0  16  4  0  0  2  -6  35  0  0  0  0  0  0  0  1.00  14           215 000
25494471 Tamminen Sami 0  0  0  0  0  0  0  0  0  0  0  0  0  0  0  0  0  0  0  0  0  0  0  0  0           190 000
Karpat
21330445 Anttila Sami 3  0  0  0  0  0  0  0  0  10  1  0  1  1  -1  2  0  0  0  0  0  0  0  3.00  9           230 000
24406130 Hermonen Julius 9  2  2  4  0  0  0  0  0  18  0  0  1  5  -2  0  0  0  0  0  0  0  0  4.22  38           240 000
21673131 Humaloja Miska 13  2  2  4  0  0  0  0  0  16  6  45  43  2  -2  4  0  0  0  1  0  0  0  3.46  45           235 000
24474272 Jokinen Jussi 13  4  5  9  0  0  1  1  0  30  3  61  64  15  -5  4  0  0  0  0  0  0  0  7.38  96           365 000
21819267 Junttila Julius 13  6  7  13  0  0  0  0  0  52  3  1  0  14  -5  2  0  1  2  1  1  0  0  10.08  131           430 000
21940848 Karvinen Otto 5  1  1  2  0  0  0  0  0  13  2  0  0  2  0  2  0  0  0  0  0  0  0  5.20  26           235 000
40245614 Koblizek Radek 13  2  9  11  0  0  2  0  0  52  0  0  0  9  -3  4  0  0  0  2  0  0  0  8.23  107           330 000
28727446 Koskenkorva Jesse 11  0  0  0  0  0  0  0  0  11  2  69  52  2  -4  0  0  0  0  0  0  0  1  1.64  18           220 000
40106629 Kristof Michal 7  2  4  6  0  0  1  0  0  26  1  29  54  9  -2  0  0  0  1  1  0  0  0  8.43  59           365 000
24803597 Lammikko Juho 11  1  5  6  0  0  1  0  0  38  4  121  121  7  -4  22  0  0  0  0  1  0  2  6.82  75           370 000
24808136 Lindsten Jasper 2  0  0  0  0  0  0  0  0  3  0  0  0  0  -1  0  0  0  0  0  0  0  0  0.50  1           215 000
28489001 Metsavainio Tino 3  0  1  1  0  0  0  0  0  4  0  10  9  2  0  0  0  0  0  0  0  0  0  3.33  10           220 000
25007554 Pesonen Janne 5  0  1  1  0  0  0  0  0  7  1  10  18  2  -1  0  0  0  0  0  0  0  0  1.80  9           280 000
27833056 Puljujarvi Jesse 11  2  6  8  0  0  0  0  0  68  1  0  0  8  -4  0  0  0  1  1  0  4  1  9.18  101           465 000
25013577 Pyorala Mika 10  5  2  7  0  0  2  0  0  34  4  1  0  9  -2  0  0  0  1  0  0  0  0  8.30  83           380 000
31899057 Raty Aatu 5  0  0  0  0  0  0  0  0  10  0  26  23  0  -2  2  0  0  0  0  0  0  0  1.60  8           235 000
31762087 Raty Aku 8  0  1  1  0  0  0  0  0  29  0  0  1  2  -2  2  0  1  0  0  0  0  0  3.00  24           265 000
25589140 Sailio Jari 12  2  1  3  0  0  0  0  0  25  4  0  1  5  -2  6  0  0  0  0  0  0  0  3.92  47           245 000
40375957 Sedlak Zdenek 0  0  0  0  0  0  0  0  0  0  0  0  0  0  0  0  0  0  0  0  0  0  0  0  0           200 000
32558931 Tieksola Tuukka 2  0  0  0  0  0  0  0  0  3  0  0  0  0  -1  0  0  0  0  0  0  0  1  1.50  3           205 000
Lukko
100034134 Danforth Justin 13  8  8  16  0  1  1  1  0  77  6  176  117  18  -14  6  0  2  2  3  0  3  3  15.62  203           480 000
24546935 Koivisto Toni 13  0  3  3  0  0  0  0  0  5  0  0  0  4  -6  2  0  0  0  0  0  0  0  1.54  20           230 000
23889127 Koivistoinen Eetu 13  1  4  5  0  0  1  0  0  22  0  86  69  6  -2  4  0  0  0  0  0  0  0  4.38  57           240 000
22244996 Laakso Tapio 3  0  0  0  0  0  0  0  0  2  0  19  14  0  0  0  0  0  0  0  0  0  0  1.00  3           230 000
22396653 Liedes Heikki 13  0  2  2  0  0  0  0  0  16  2  27  47  6  -8  4  0  0  0  0  0  0  0  1.77  23           215 000
30682391 Nyman Linus 11  2  1  3  0  0  0  0  0  26  2  0  0  2  -7  4  0  0  0  0  0  0  1  3.27  36           235 000
31903545 Petman Mikko 13  1  2  3  0  0  1  0  0  20  1  0  0  5  -3  0  0  0  0  1  0  0  2  3.31  43           225 000
31779229 Petman Ville 7  1  0  1  0  0  0  0  0  11  3  4  3  4  -2  0  0  0  1  0  0  0  0  3.57  25           220 000
60348452 Pospisil Kristian 12  4  9  13  1  0  0  0  0  50  2  0  1  16  -7  52  0  0  1  0  4  0  0  11.33  136           360 000
24178578 Ruotsi Jesse 5  0  1  1  0  0  0  0  0  4  1  3  7  1  0  2  0  0  0  0  0  0  1  2.40  12           205 000
23311954 Sopanen Vili 3  1  0  1  0  0  0  0  0  7  0  0  0  2  -1  0  0  0  0  0  0  0  0  4.33  13           250 000
25461491 Tammela Jonne 13  5  1  6  0  0  1  0  0  27  1  0  1  7  -14  8  0  1  0  1  0  0  2  5.31  69           265 000
60348447 Westerholm Pathrik 12  2  4  6  0  0  0  1  0  44  2  92  85  5  -12  4  0  0  0  0  0  0  1  5.33  64           345 000
60348448 Westerholm Ponthus 13  6  2  8  1  0  0  0  0  52  1  1  2  9  -15  4  0  1  2  0  0  0  0  6.77  88           365 000
32294910 Ylitalo Niklas 5  0  1  1  0  0  0  0  0  3  0  0  0  2  0  2  0  1  0  0  0  0  0  2.80  14           210 000
Pelicans
24242404 Aaltonen Juhamatti 13  3  4  7  0  0  0  0  0  65  2  0  2  8  -13  10  0  0  0  0  0  0  0  6.31  82           370 000
24290689 Bjorninen Hannes 11  4  5  9  1  0  0  0  0  31  9  179  109  9  -11  8  0  0  1  0  0  6  1  11.18  123           405 000
21399185 Elimaki Roope 8  1  0  1  0  0  0  0  0  13  2  49  46  2  -5  16  0  0  0  0  0  0  0  2.50  20           220 000
25646106 Gymer Frank 7  0  0  0  0  0  0  0  0  7  1  3  6  0  -5  6  0  0  0  0  0  0  1  1.29  9           215 000
30636693 Haatanen Aleks 0  0  0  0  0  0  0  0  0  0  0  0  0  0  0  0  0  0  0  0  0  0  0  0  0           190 000
29658365 Hamalainen Sakke 0  0  0  0  0  0  0  0  0  0  0  0  0  0  0  0  0  0  0  0  0  0  0  0  0           180 000
22149570 Kouvalainen Pasi 4  0  1  1  0  0  0  0  0  2  0  0  0  2  -2  4  0  0  0  0  0  0  0  2.75  11           205 000
27772764 Lahtinen Severi 0  0  0  0  0  0  0  0  0  0  0  0  0  0  0  0  0  0  0  0  0  0  0  0  0           230 000
22504856 Mankinen Jesse 13  1  1  2  0  0  0  0  0  46  6  0  2  2  -9  0  0  0  0  0  0  1  0  2.77  36           250 000
29798827 Merela Waltteri 4  0  0  0  0  0  0  0  0  5  0  0  0  0  0  4  0  0  0  0  0  0  0  2.00  8           225 000
22598901 Mustonen Aleksi 13  3  6  9  0  0  1  0  1  27  1  84  75  4  -11  0  0  1  0  1  0  2  1  5.69  74           290 000
24916798 Nieminen Otto 6  1  0  1  0  0  0  0  0  12  0  0  0  1  -3  0  0  0  0  0  0  0  0  2.17  13           220 000
25618516 Saarelainen Miro-Pekka 13  1  0  1  0  0  0  0  0  14  4  0  0  1  -4  2  0  0  0  0  0  0  0  1.46  19           230 000
30728860 Salonen Samuel 4  0  1  1  0  0  0  0  0  5  0  1  0  1  -1  0  0  0  0  0  0  0  0  2.50  10           210 000
25458802 Tanus Jonatan 4  0  1  1  0  0  0  0  0  7  1  0  0  1  -1  2  0  0  0  0  0  0  0  3.25  13           235 000
27847136 Toivola Artturi 13  2  1  3  0  0  1  0  0  15  2  49  69  4  -8  0  0  0  0  1  0  0  0  2.08  27           225 000
23521841 Tyrvainen Antti 13  2  3  5  0  0  0  0  0  22  5  0  2  7  -14  10  0  0  0  0  0  0  0  3.92  51           255 000
25443752 Vartiainen Taavi 9  0  1  1  0  0  0  0  0  16  8  0  0  2  -4  29  0  0  0  0  0  0  0  1.78  16           215 000
29937154 Ylonen Jesse 13  4  1  5  0  0  0  0  0  51  2  0  0  3  -10  2  0  0  0  0  0  0  1  4.62  60           265 000
SaiPa
27776919 Iso-Mustajarvi Tomi 12  1  4  5  0  0  0  0  0  14  3  64  63  5  -6  2  0  0  0  0  0  0  0  3.42  41           230 000
21878800 Kaksonen Elmeri 7  0  2  2  0  0  0  0  0  18  2  0  0  3  -3  4  0  0  0  0  0  0  0  4.00  28           245 000
24666721 Koho Ville 9  0  0  0  0  0  0  0  0  8  0  45  53  2  -2  6  0  0  0  0  0  0  0  1.33  12           210 000
27777125 Kuronen Mikael 12  0  3  3  0  0  0  0  0  19  4  0  0  4  -4  29  0  0  0  0  0  0  0  2.33  28           220 000
22372826 Leivo Tomi 0  0  0  0  0  0  0  0  0  0  0  0  0  0  0  0  0  0  0  0  0  0  0  0  0           200 000
32569153 Loimaranta Veikko 1  0  0  0  0  0  0  0  0  0  0  0  0  0  0  0  0  0  0  0  0  0  0  0.00  0           195 000
29018345 Luusuaniemi Aatu 0  0  0  0  0  0  0  0  0  0  0  0  0  0  0  0  0  0  0  0  0  0  0  0  0           190 000
22483058 Lofman Anssi 12  2  4  6  0  0  0  0  0  18  1  78  114  8  -6  4  0  1  0  0  0  0  0  3.67  44           250 000
32780178 Mantykivi Matias 6  1  0  1  0  0  0  0  0  6  1  0  0  1  -1  0  0  1  0  0  0  0  0  2.33  14           210 000
22710462 Nikko Joni 12  3  0  3  0  0  1  0  0  42  0  0  0  6  -3  2  0  0  0  0  0  0  0  4.58  55           285 000
30728763 Ojantakanen Valtteri 0  0  0  0  0  0  0  0  0  0  0  0  0  0  0  0  0  0  0  0  0  0  0  0  0           195 000
29936595 Oksanen Emil 9  2  0  2  0  0  0  1  0  13  0  0  0  1  -2  0  0  0  0  0  0  0  0  2.22  20           235 000
60348449 Persson John 12  0  1  1  0  0  0  0  0  42  0  0  0  5  -5  2  0  1  0  0  1  0  0  3.25  39           255 000
29859517 Piipponen Topi 11  2  2  4  0  0  1  0  0  17  4  1  0  6  -5  0  0  0  0  1  0  0  0  4.27  47           240 000
60244105 Ramstedt Teemu 12  2  9  11  0  0  0  0  0  18  0  109  93  7  -4  6  0  1  0  1  0  0  0  7.17  86           345 000
23137280 Saari Micke 0  0  0  0  0  0  0  0  0  0  0  0  0  0  0  0  0  0  0  0  0  0  0  0  0           225 000
23555503 Vainikainen Ville 12  2  1  3  0  0  1  0  0  21  4  0  1  5  -7  4  0  0  1  0  0  0  1  3.67  44           235 000
30356928 Virtanen Santeri 10  2  1  3  0  0  0  0  0  21  0  23  27  4  -4  2  0  0  0  0  0  0  0  3.10  31           240 000
40315414 Zaborsky Tomas 12  6  6  12  0  0  0  0  0  42  3  0  1  8  -4  4  0  0  1  1  0  0  0  8.75  105           370 000
Sport
21292664 Ainali Aleksi 13  1  3  4  0  0  0  0  0  38  2  81  79  1  -5  6  0  0  0  0  0  0  0  3.38  44           240 000
21345676 Asplund Turo 14  1  7  8  0  0  0  0  0  33  3  135  103  7  -8  2  0  0  0  0  0  1  0  5.43  76           255 000
60348463 Desousa Chris 14  6  5  11  0  0  1  1  0  88  3  25  26  6  -8  6  0  0  0  3  0  0  3  9.43  132           370 000
29864256 Erholtz Eemil 11  1  1  2  0  0  0  0  0  32  1  0  0  4  -6  4  0  2  0  0  0  0  0  3.55  39           235 000
21411429 Erkinjuntti Antti 14  2  5  7  0  0  1  0  0  27  4  0  0  5  -7  0  0  0  0  0  1  0  0  4.21  59           250 000
30936623 Haarala Santeri 2  1  0  1  0  0  0  1  0  2  0  1  0  1  -1  0  0  1  0  0  0  0  0  5.50  11           210 000
21881428 Kallela Toni 11  6  4  10  0  0  1  0  1  36  0  0  0  9  -7  6  0  0  1  2  0  0  3  9.82  108           350 000
29551488 Kuiri Niko 11  0  1  1  0  0  0  0  0  15  5  46  66  3  -8  0  0  0  0  0  0  0  2  1.00  11           215 000
27657957 Lehtimaki Miro 0  0  0  0  0  0  0  0  0  0  0  0  0  0  0  0  0  0  0  0  0  0  0  0  0           190 000
22441087 Liuksiala Juho 12  0  0  0  0  0  0  0  0  33  0  0  0  1  -5  0  0  0  0  0  0  0  0  1.33  16           235 000
22520979 Markkula Samu 0  0  0  0  0  0  0  0  0  0  0  0  0  0  0  0  0  0  0  0  0  0  0  0  0           205 000
24230814 Paukku Jesse 14  2  2  4  0  0  0  0  0  20  8  0  0  2  -5  18  0  0  2  1  0  0  0  3.29  46           230 000
23064609 Riska Erik 14  0  1  1  0  0  0  0  0  19  3  27  25  4  -5  12  0  0  0  0  0  0  0  2.64  37           225 000
25116157 Riska Filip 11  2  1  3  0  0  0  0  0  11  6  65  70  5  -2  8  0  2  0  0  0  0  0  4.18  46           240 000
25454518 Talaja Roope 12  3  1  4  0  0  0  0  0  44  2  0  0  5  -9  6  0  1  0  0  0  0  1  4.83  58           305 000
27854909 Vidgren Aaro 13  0  3  3  0  0  0  0  0  25  3  0  0  3  -3  2  0  0  0  0  0  0  0  2.69  35           220 000
Tappara
34254136 Bertrand Charles 8  2  3  5  0  0  0  1  0  44  2  0  1  4  -7  31  0  0  1  0  1  0  0  6.63  53           375 000
60413494 Iacobellis Steven 5  1  3  4  0  0  0  0  0  7  2  18  20  2  -4  4  0  0  0  0  0  0  0  5.80  29           300 000
21785090 Jasu Juhani 11  0  1  1  0  0  0  0  0  11  0  85  57  2  -3  6  0  0  0  0  0  0  0  2.45  27           235 000
21924709 Karjalainen Jere 11  4  2  6  0  0  0  0  0  38  3  0  0  3  -4  2  0  0  0  2  0  0  1  6.18  68           325 000
24622477 Kuusela Kristian 13  2  5  7  0  0  0  0  0  33  1  0  0  10  -4  4  0  2  0  2  1  1  0  6.46  84           380 000
22357760 Lehtonen Matias 9  0  1  1  0  0  0  0  0  10  0  0  0  1  -1  2  0  0  0  0  0  0  0  1.56  14           215 000
27746619 Levtchi Anton 13  5  7  12  0  0  1  0  0  38  2  21  26  6  -9  0  0  0  2  0  0  1  1  7.23  94           345 000
22497989 Malinen Jarkko 13  1  6  7  0  0  0  0  0  19  1  82  82  8  -5  2  0  0  0  0  0  0  1  4.54  59           250 000
29846355 Moilanen Sami 13  0  2  2  0  0  0  0  0  6  1  0  1  5  -8  2  0  0  0  0  0  0  0  1.38  18           220 000
100033593 Morley Tyler 2  0  2  2  0  0  0  0  0  5  0  13  9  2  0  0  0  0  0  0  0  0  0  8.50  17           440 000
23764585 Ojamaki Niko 13  2  2  4  1  0  0  0  0  51  2  0  1  7  -12  4  0  0  0  0  1  5  2  5.92  77           350 000
23777132 Ollikainen Anton 0  0  0  0  0  0  0  0  0  0  0  0  0  0  0  0  0  0  0  0  0  0  0  0  0           195 000
25113804 Rauhala Otto 13  0  1  1  0  1  0  0  0  13  7  59  43  5  -8  27  0  1  0  0  0  0  0  1.92  25           225 000
31574013 Simontaival Kasper 3  0  0  0  0  0  0  0  0  1  0  0  0  0  0  0  0  0  0  0  0  0  0  0.33  1           185 000
29942233 Vanhatalo Lassi 3  0  0  0  0  0  0  0  0  2  0  0  0  0  0  0  0  0  0  0  0  0  0  0.67  2           190 000
23597163 Vauhkonen Olavi 13  2  1  3  0  0  1  0  0  31  3  5  5  4  -5  10  0  0  0  0  1  0  0  4.31  56           245 000
28262723 Virta Patrik 13  6  2  8  0  0  1  0  0  66  0  118  110  8  -10  4  0  1  1  0  1  0  1  7.77  101           360 000
TPS
40435937 Budish Zach 3  1  0  1  0  0  0  1  0  13  2  9  11  1  -2  4  0  0  0  1  0  0  0  7.33  22           320 000
24315179 Filppula Ilari 13  2  10  12  0  0  0  0  0  28  1  108  109  5  -9  4  0  0  1  0  0  0  0  6.08  79           345 000
60347520 Holm Anton 12  2  0  2  0  0  0  0  0  23  2  0  0  2  0  2  0  0  0  0  0  0  0  2.75  33           255 000
31835642 Intonen Aarne 0  0  0  0  0  0  0  0  0  0  0  0  0  0  0  0  0  0  0  0  0  0  0  0  0           205 000
27706219 Janatuinen Joel 12  2  3  5  0  0  0  0  0  22  3  0  0  6  -3  0  0  0  0  0  0  0  1  4.25  51           245 000
29805082 Karvonen Elias 5  0  0  0  0  0  0  0  0  5  0  17  20  0  -1  0  0  0  0  0  0  0  0  -0.20  -1           230 000
24674991 Korpikoski Lauri 13  2  4  6  0  0  0  0  0  30  1  1  0  5  -11  4  0  0  0  0  0  0  0  3.92  51           290 000
23837263 Kuru Hannu 8  0  0  0  0  0  0  0  0  10  0  26  23  2  0  0  0  0  0  0  1  0  2  2.00  16           215 000
29477410 Larinmaa Jesper 0  0  0  0  0  0  0  0  0  0  0  0  0  0  0  0  0  0  0  0  0  0  0  0  0           170 000
22341860 Lehtinen Oskari 5  0  0  0  0  0  0  0  0  5  0  2  0  0  -2  0  0  0  0  0  0  0  0  0.80  4           210 000
29991637 Nurmi Markus 13  2  5  7  0  0  0  0  0  24  2  0  0  13  -15  2  0  1  0  0  0  1  0  5.00  65           250 000
22770952 Nattinen Topi 13  3  6  9  0  0  1  0  0  25  0  56  67  11  -10  2  0  0  1  0  0  0  0  5.77  75           270 000
40005897 Pajuniemi Lauri 13  13  7  20  0  0  3  1  0  88  0  0  0  14  -18  4  0  2  2  4  3  1  0  15.38  200           395 000
34601569 Parssinen Juuso 6  0  2  2  0  0  0  0  0  7  0  27  34  3  -4  4  0  1  0  0  0  0  0  2.83  17           225 000
25651492 Suoranta Simon 11  1  1  2  0  0  0  0  0  26  3  0  1  1  -4  4  0  0  0  0  0  0  3  3.18  35           235 000
29584248 Valtola Olli 0  0  0  0  0  0  0  0  0  0  0  0  0  0  0  0  0  0  0  0  0  0  0  0  0           180 000
29837610 Vayrynen Teemu 12  2  0  2  0  0  0  0  0  13  4  0  1  2  -8  0  0  0  0  0  0  0  0  1.58  19           220 000
23677889 Wirtanen Petteri 13  1  2  3  0  0  0  0  0  19  11  126  123  3  -10  6  0  0  0  0  0  0  0  3.08  40           260 000
Assat
24271404 Appelgren Niklas 12  2  2  4  0  0  0  0  0  23  4  68  102  6  -10  6  0  0  1  0  0  0  0  3.25  39           230 000
29870486 Haapanen Topias 6  0  0  0  0  0  0  0  0  3  0  0  0  1  0  0  0  0  0  0  0  0  0  0.67  4           205 000
24701961 Henttonen Toni 7  0  3  3  0  0  0  0  0  23  0  0  0  2  0  2  0  0  0  0  0  0  0  4.57  32           235 000
32269686 Hirvonen Roni 11  1  2  3  0  0  1  0  0  23  1  0  0  3  -3  4  0  1  0  0  0  0  0  3.55  39           240 000
27852901 Juhola Jouka 1  0  0  0  0  0  0  0  0  1  0  0  0  0  -1  0  0  0  0  0  0  0  0  0.00  0           205 000
30561454 Killinen Lenni 11  2  2  4  0  0  0  0  0  31  2  0  0  5  -4  0  0  0  0  1  0  0  0  4.64  51           245 000
22024624 Kivela Niko 0  0  0  0  0  0  0  0  0  0  0  0  0  0  0  0  0  0  0  0  0  0  0  0  0           195 000
31165561 Kivenmaki Otto 12  3  4  7  0  0  1  0  0  30  1  0  0  6  -6  2  0  1  1  0  0  0  0  5.50  66           250 000
31639314 Kulmala Lauri 0  0  0  0  0  0  0  0  0  0  0  0  0  0  0  0  0  0  0  0  0  0  0  0  0           195 000
22479185 Lahteenmaki Sami 12  0  4  4  0  0  0  0  0  25  1  0  0  7  -7  4  0  0  0  0  0  0  0  3.75  45           245 000
30419043 Makinen Atte 9  0  2  2  0  0  0  0  0  18  0  0  0  4  -5  12  0  0  0  0  0  0  0  2.11  19           215 000
27666320 Makinen Miro 7  0  1  1  0  0  0  0  0  13  2  36  48  1  0  2  0  0  0  0  0  0  0  1.86  13           215 000
28731241 Pihlajamaki Valtteri 0  0  0  0  0  0  0  0  0  0  0  0  0  0  0  0  0  0  0  0  0  0  0  0  0           230 000
23039812 Rekonen Aleksi 12  1  2  3  0  0  0  0  0  26  3  30  17  6  -8  4  0  0  1  0  0  1  0  4.00  48           240 000
23181087 Salmio Mikko 12  2  1  3  0  0  0  0  0  27  3  0  0  4  -6  4  0  0  0  0  1  0  0  3.58  43           235 000
29452024 Sammalisto Jerry 1  0  0  0  0  0  0  0  0  0  0  6  4  0  0  0  0  0  0  0  0  0  0  1.00  1           200 000
60348669 Spink Tylor 12  4  5  9  0  0  0  0  0  43  0  109  78  6  -7  2  0  0  0  0  1  0  0  7.25  87           335 000
60348671 Spink Tyson 3  0  1  1  0  0  0  0  0  6  0  0  0  1  -3  2  0  0  0  0  0  0  0  3.00  9           295 000
23441604 Tiivola Peter 12  0  7  7  0  0  0  0  0  34  1  116  109  9  -9  6  0  0  0  0  0  1  1  5.83  70           305 000
