HIFK
ID Maalivahti O M S P V H TP TO PM NP JM OR X XX XXX LPP/O LPP Arvo
21406421 Engren Atte 7  0  0  0  3  2  2  130  13  0  0  0  0  2  0  5.71  40               330 000
31915960 Taponen Roope 0  0  0  0  0  0  0  0  0  0  0  0  0  0  0  0  0               245 000
23486067 Tuohimaa Frans 8  0  1  1  3  1  3  128  16  0  0  0  2  2  0  5.63  45               335 000
HPK
30798997 Aalto Tuomas 0  0  0  0  0  0  0  0  0  0  0  0  0  0  0  0  0               225 000
28944258 Karjalainen Antti 0  0  0  0  0  0  0  0  0  0  0  0  0  0  0  0  0               280 000
23035023 Reijola Rasmus 5  0  1  1  2  0  2  74  7  0  0  0  0  1  0  6.00  30               275 000
23684063 Voutilainen Joona 13  0  0  0  5  4  2  238  31  0  0  0  1  1  1  3.85  50               335 000
Ilves
100030776 Dostal Lukas 10  0  0  0  5  1  4  210  20  0  2  0  2  0  3  6.90  69               360 000
24546168 Kolppanen Ville 3  0  0  0  1  1  1  42  8  0  2  0  0  0  0  1.00  3               315 000
30117507 Makiniemi Eetu 5  0  0  0  1  0  2  80  6  0  0  0  0  1  0  4.80  24               245 000
Jukurit
24280631 Aho Juhana 4  0  0  0  0  2  1  94  13  0  0  0  0  2  0  2.75  11               285 000
22993098 Rajaniemi Sami 11  0  0  0  1  8  2  211  30  1  0  0  0  1  2  3.18  35               305 000
31267715 Randelin Eetu 0  0  0  0  0  0  0  0  0  0  0  0  0  0  0  0  0               225 000
JYP
22322342 Laurikainen Eetu 8  0  0  0  1  6  0  185  22  0  0  0  1  0  0  2.25  18               330 000
27692297 Parkkinen Niko 3  0  0  0  2  1  0  56  6  0  0  0  0  1  0  5.33  16               255 000
29857823 Ruusu Markus 6  0  0  0  1  4  0  108  16  0  0  0  0  0  0  1.50  9               310 000
KalPa
34264401 Jatkola Juha 0  0  0  0  0  0  0  0  0  0  0  0  0  0  0  0  0               260 000
24555926 Kilpelainen Eero 8  0  0  0  3  5  0  168  20  0  2  0  2  1  1  3.88  31               320 000
25655472 Kiviaho Henri 0  0  0  0  0  0  0  0  0  0  0  0  0  0  0  0  0               280 000
22861900 Perhonen Samu 9  0  0  0  4  1  2  140  21  0  0  0  1  0  0  3.00  27               305 000
KooKoo
28890904 Halonen Niilo 3  0  0  0  1  0  1  35  4  0  0  0  1  0  0  4.00  12               290 000
100035404 Haukeland Henrik 13  0  0  0  10  0  3  253  12  6  10  0  2  3  2  13.69  178               370 000
31635062 Salminen Oskari 0  0  0  0  0  0  0  0  0  0  0  0  0  0  0  0  0               260 000
Karpat
32498965 Annunen Justus 7  0  0  0  4  3  0  154  12  1  0  0  1  0  1  8.00  56               360 000
31589972 Blomqvist Joel 1  0  0  0  0  1  0  18  4  0  0  0  0  0  0  -3.00  -3               265 000
60343378 Rybar Patrik 8  0  0  0  3  1  4  181  20  1  0  0  0  3  0  7.75  62               355 000
Lukko
27682964 Lehtinen Lassi 9  0  0  0  5  1  3  187  13  2  0  0  0  1  2  10.33  93               350 000
30131813 Makela Alex 0  0  0  0  0  0  0  0  0  0  0  0  0  0  0  0  0               250 000
23249408 Setanen Oskari 7  0  0  0  6  0  1  174  11  2  0  0  0  1  3  14.14  99               355 000
Pelicans
30793895 Parviainen Oskari 2  0  0  0  0  1  0  19  4  0  0  0  0  0  0  -1.50  -3               240 000
29933802 Patrikainen Jasper 3  0  0  0  0  1  2  90  10  0  2  0  0  1  0  6.00  18               290 000
23468166 Tolvanen Atte 12  0  0  0  2  6  4  261  38  1  0  0  1  1  3  4.08  49               310 000
SaiPa
28628202 Kaarlehto Karolus 5  0  0  0  1  4  0  128  19  0  0  0  1  0  0  2.20  11               300 000
27843800 Westerholm Niclas 12  0  0  0  2  7  2  308  28  2  0  0  1  2  2  7.67  92               325 000
Sport
24390673 Hovinen Niko 10  0  0  0  2  7  1  207  36  0  0  0  1  0  0  0.80  8               300 000
34379697 Molder Conrad 0  0  0  0  0  0  0  0  0  0  0  0  0  0  0  0  0               255 000
60348834 Steen Stefan 5  0  0  0  0  4  1  124  14  0  0  0  2  0  0  3.60  18               295 000
Tappara
60350437 Garteig Michael 11  0  0  0  6  3  2  265  21  1  0  0  1  2  0  8.45  93               350 000
21589720 Heljanko Christian 4  0  0  0  1  0  3  82  10  1  0  0  0  0  1  8.25  33               340 000
TPS
29948198 Anttila Eetu 0  0  0  0  0  0  0  0  0  0  0  0  0  0  0  0  0               230 000
60426923 Kallgren Erik 8  0  0  0  4  3  1  217  17  1  0  0  0  2  2  10.25  82               355 000
25650749 Pohjanoksa Julius 2  0  0  0  1  1  0  49  8  0  0  0  0  0  0  2.50  5               300 000
23451584 Tirronen Rasmus 6  0  0  0  2  2  2  165  20  1  0  0  3  0  0  8.83  53               345 000
Assat
21296411 Aittokallio Sami 4  0  0  0  1  1  0  61  7  0  0  0  0  1  0  2.50  10               305 000
30040593 Soukka Severi 0  0  0  0  0  0  0  0  0  0  0  0  0  0  0  0  0               240 000
60348668 Tarasov Daniil 15  0  0  0  4  5  5  338  36  1  0  0  3  0  1  5.87  88               325 000
HIFK
ID Puolustaja O M S P AVM AVS VM TM JA L B ALV ALH + - JM OR X XX XXX KL ELP NL LPP/O LPP Arvo
24260583 Ahonen Rony 13  0  2  2  0  0  0  0  0  15  6  0  0  4  -5  2  0  0  0  0  0  0  0  2.31  30               245 000
21849554 Jarvinen Joonas 14  1  4  5  0  0  0  1  0  26  6  0  0  8  -6  16  0  0  1  0  0  1  0  5.21  73               275 000
24555256 Kankaanpera Markus 2  0  0  0  0  0  0  0  0  0  1  0  0  2  0  4  0  0  0  0  0  0  0  5.50  11               215 000
22148966 Kousa Mikko 9  0  3  3  0  0  0  0  0  28  0  1  0  7  -7  4  0  0  1  0  0  1  0  5.67  51               360 000
22240990 Laakso Aleksi 11  0  1  1  0  0  0  0  0  16  5  0  4  2  -4  4  0  0  0  0  0  1  0  2.00  22               230 000
22474067 Lyytinen Joonas 13  1  4  5  0  0  0  0  0  48  1  0  0  8  -3  4  0  0  0  0  1  1  0  6.69  87               335 000
100025878 Motin Johan 14  1  2  3  0  0  0  0  0  23  0  0  0  7  -5  2  0  0  0  0  1  0  0  3.57  50               245 000
25357521 Varakas Ville 14  2  5  7  0  0  1  0  0  30  3  0  0  13  -6  14  0  0  0  1  0  0  0  8.21  115               320 000
30482177 Winberg Tobias 7  0  1  1  0  0  0  0  0  10  2  0  0  6  -3  4  0  1  0  0  0  0  0  4.43  31               220 000
HPK
23806498 Eronen Elmeri 13  3  4  7  0  0  0  0  0  32  5  0  0  12  -7  4  0  0  1  1  2  1  0  8.54  111               385 000
23837234 Friman Niklas 15  3  4  7  0  0  0  0  1  45  3  0  0  12  -13  8  0  0  1  1  3  2  0  7.67  115               320 000
40020340 Jeskanen Valtteri 1  0  0  0  0  0  0  0  0  0  0  0  0  0  0  0  0  0  0  0  0  0  0  0.00  0               180 000
21926286 Karjalainen Miro 10  3  1  4  0  0  0  0  0  11  4  0  0  5  -5  31  0  1  0  0  0  0  0  4.60  46               230 000
24786410 Laatikainen Arto 12  0  1  1  0  0  0  0  0  14  5  0  0  7  -3  4  0  0  0  0  0  0  0  3.25  39               255 000
30644067 Latvala Otto 15  0  0  0  0  0  0  0  0  25  0  0  0  6  -4  4  0  0  0  0  0  0  0  1.93  29               220 000
22452814 Lukka Santeri 14  2  2  4  0  0  1  0  0  46  7  0  0  10  -9  14  0  0  0  0  1  1  1  5.86  82               280 000
22709389 Nikkila Petteri 12  0  7  7  0  0  0  0  0  31  5  0  0  10  -7  6  0  0  0  1  0  0  1  7.75  93               355 000
22745204 Nurmikanta Nico 9  0  1  1  0  0  0  0  0  8  0  0  0  4  -3  2  0  0  0  0  0  0  0  2.22  20               210 000
22808510 Parikka Valtteri 2  0  0  0  0  0  0  0  0  4  0  0  0  0  -2  0  0  0  0  0  0  0  0  -0.50  -1               245 000
Ilves
21403877 Elorinne Aleksi 12  0  4  4  0  0  0  0  0  21  7  0  0  10  -4  6  0  0  1  0  1  0  0  6.42  77               260 000
31228178 Hatakka Santeri 10  0  2  2  0  0  0  0  0  6  1  0  0  5  -1  4  0  0  0  0  0  0  0  3.40  34               225 000
29995510 Laaksonen Oskari 14  0  4  4  0  0  0  0  0  31  2  0  0  10  -10  0  0  0  0  0  0  0  0  4.00  56               265 000
22487436 Maalahti Kalle 16  0  6  6  0  0  0  0  0  49  5  0  0  15  -9  8  0  1  0  0  0  0  0  6.63  106               325 000
29641327 Matinpalo Nikolas 10  0  1  1  0  0  0  0  0  14  0  0  0  5  -1  14  0  0  0  0  1  0  0  2.90  29               220 000
28905831 Parikka Jarkko 15  2  6  8  0  1  0  0  0  33  3  0  0  15  -5  22  0  0  0  0  1  0  0  8.13  122               335 000
22843711 Peltola Niko 12  1  3  4  0  0  0  0  0  30  10  0  0  5  -4  4  0  0  0  0  0  0  0  5.33  64               345 000
23168071 Salmela Tuomas 15  1  2  3  0  0  1  0  0  32  4  0  0  9  -6  6  0  0  1  0  0  0  0  4.53  68               245 000
32522158 Thomson Lassi 8  1  2  3  0  0  0  0  0  28  0  0  0  5  -5  2  0  0  0  1  3  0  0  6.50  52               330 000
Jukurit
60346724 Galvas Jakub 1  0  0  0  0  0  0  0  0  0  0  0  0  0  0  2  0  0  0  0  0  0  0  2.00  2               255 000
30548804 Haarti Jaakko 7  0  1  1  0  0  0  0  0  16  0  0  0  2  -3  0  0  0  0  0  1  0  0  2.71  19               225 000
21700651 Hyvarinen Ville 13  0  0  0  0  0  0  0  0  15  5  0  0  1  -2  4  0  0  0  0  0  0  0  1.31  17               215 000
21772430 Jaatinen Antti 14  1  0  1  0  0  0  0  0  19  5  0  0  3  -9  0  0  0  0  1  2  0  0  1.79  25               215 000
60346723 Jakovenko Aleksandr 12  1  7  8  0  0  0  0  0  44  1  0  0  3  -14  8  0  1  0  0  1  0  0  5.75  69               310 000
28547299 Kemppainen Samuel 0  0  0  0  0  0  0  0  0  0  0  0  0  0  0  0  0  0  0  0  0  0  0  0  0               210 000
31128854 Kokkonen Mikko 9  0  0  0  0  0  0  0  0  25  1  0  0  2  -6  4  0  0  0  0  0  1  0  1.67  15               240 000
24535632 Kuukka Mikko 10  0  3  3  0  0  0  0  0  25  6  0  0  4  -13  2  0  0  0  0  0  0  0  2.50  25               210 000
22891255 Piipponen Samuli 12  0  1  1  0  0  0  0  0  25  6  0  0  5  -6  10  0  0  0  0  0  0  0  3.25  39               235 000
30439447 Rindell Axel 11  1  4  5  0  0  0  0  0  49  0  1  0  5  -14  2  0  1  0  0  1  3  0  5.36  59               315 000
JYP
24182470 AllXn Roni 12  1  0  1  0  0  0  0  0  27  1  0  0  3  -12  4  0  0  0  0  1  0  0  1.33  16               225 000
28705727 Honka Anttoni 5  1  1  2  0  0  0  0  0  24  0  0  0  2  -6  0  0  0  0  0  0  0  0  4.40  22               315 000
21650701 Honka Julius 14  0  5  5  0  0  0  0  0  70  5  0  0  11  -8  4  0  2  0  0  2  5  0  7.64  107               375 000
24459695 Ikonen Ossi 14  0  5  5  0  0  0  0  0  31  4  0  0  6  -15  8  0  1  0  0  1  0  1  3.71  52               245 000
21799484 Jokinen Jaakko 7  1  1  2  0  0  0  0  0  7  5  0  1  4  -2  4  0  0  1  0  0  0  0  5.29  37               230 000
31250968 Kakkonen Valtteri 8  0  2  2  0  0  0  0  0  19  1  0  0  6  -3  6  0  0  0  0  0  0  0  5.38  43               225 000
21892307 Kalteva Mikko 13  3  4  7  0  0  1  0  0  44  5  0  0  15  -7  8  0  0  0  1  0  0  0  9.62  125               380 000
31332145 Kuusela Kimi 2  0  0  0  0  0  0  0  0  2  0  0  0  0  0  2  0  0  0  0  0  0  0  1.50  3               200 000
24715452 Lindroos Alex 13  0  1  1  0  0  0  0  0  26  2  0  0  4  -10  8  0  0  0  0  0  0  0  1.77  23               220 000
24783853 Lintuniemi Alex 12  1  3  4  0  0  0  0  0  37  3  0  0  6  -10  8  0  1  0  0  0  0  1  4.92  59               240 000
24868147 Maenpaa Mikko 15  1  1  2  0  0  0  0  0  67  1  0  0  13  -18  2  0  0  0  0  4  1  0  4.60  69               300 000
23557763 Vainio Juuso 7  0  0  0  0  0  0  0  0  13  7  0  0  3  -5  2  0  0  0  0  0  1  0  2.14  15               280 000
32645093 Viinikainen Olli-Petteri 3  1  0  1  0  0  0  0  0  6  1  0  0  1  -1  2  0  0  1  0  1  0  0  7.00  21               220 000
KalPa
40431875 Gallet Hugo 1  0  0  0  0  0  0  0  0  1  0  0  0  1  0  0  0  0  0  0  0  0  0  4.00  4               215 000
60408300 Graham Jesse 15  3  5  8  0  0  0  0  0  69  0  0  0  21  -14  8  0  1  1  0  0  8  1  10.53  158               390 000
21685718 Huttunen Otto 15  1  4  5  0  0  0  0  0  49  4  0  0  9  -13  0  0  1  0  0  7  0  0  5.27  79               240 000
24530970 Kinnunen Saku 1  0  2  2  0  0  0  0  0  4  0  0  0  2  0  0  0  0  0  0  0  0  0  20.00  20               225 000
24725109 Lappalainen Lasse 5  0  0  0  0  0  0  0  0  15  0  0  0  3  -6  2  0  0  0  0  1  0  0  1.80  9               300 000
31046431 Nousiainen Kim 9  2  3  5  0  0  0  0  0  26  4  0  0  10  -9  0  0  1  1  1  0  1  0  8.33  75               335 000
30951530 Riekkinen Joona 10  0  1  1  0  0  0  0  0  22  3  0  0  5  -9  4  0  0  0  0  0  1  0  2.60  26               230 000
23242492 Seppala Mikael 9  0  2  2  0  0  0  0  0  17  0  0  0  6  -7  8  0  0  0  0  0  0  0  3.89  35               245 000
25517031 Timonen Jussi 14  0  2  2  0  0  0  0  0  20  5  0  0  12  -4  8  0  0  0  0  0  0  0  4.71  66               240 000
100030506 Wilson Ryan 8  0  3  3  0  2  0  0  0  14  3  0  0  7  -2  4  0  0  0  0  1  0  0  7.13  57               255 000
KooKoo
29587960 Berger Martin 10  0  1  1  0  0  0  0  0  30  1  0  0  6  0  31  0  0  0  0  1  0  0  4.20  42               240 000
40339220 Bonsaksen Alexander 14  0  2  2  0  0  0  0  0  37  2  0  0  10  0  12  0  0  0  0  0  0  0  5.57  78               250 000
60342512 Caito Matthew 15  3  8  11  0  0  1  0  0  88  2  0  0  11  -6  4  0  2  0  1  2  6  0  11.53  173               445 000
28942315 Laavainen Roope 5  0  0  0  0  0  0  0  0  8  0  0  0  1  0  0  0  0  0  0  0  0  0  1.40  7               220 000
22510552 Manninen Oskari 13  0  3  3  0  0  0  0  0  24  0  0  0  10  -7  18  0  0  0  0  0  0  0  4.08  53               260 000
25042564 Pelli Arttu 14  0  0  0  0  0  0  0  0  20  1  0  0  4  0  2  0  0  0  0  0  0  0  1.93  27               215 000
28273262 Rautanen Juho 8  0  0  0  0  0  0  0  0  21  1  0  0  0  0  0  0  0  0  0  1  0  0  1.88  15               210 000
30870187 Salmela Santeri 9  1  0  1  0  0  0  0  0  13  1  0  0  3  -6  4  0  0  0  0  0  0  0  2.22  20               215 000
32033595 Seppala Peetro 10  1  2  3  0  0  1  0  0  16  3  0  0  7  -3  6  0  0  1  0  0  1  0  6.00  60               255 000
60411600 Sulak Libor 13  0  5  5  0  0  0  0  0  87  2  0  0  10  -2  8  0  2  0  0  4  0  1  9.62  125               450 000
Karpat
60342557 Bystrom Ludwig 16  1  5  6  0  0  0  0  0  59  6  0  0  13  -10  2  0  0  0  1  5  0  1  7.06  113               350 000
40428666 Heshka Shaun 15  2  9  11  0  0  0  1  0  71  1  0  0  13  -4  0  0  0  1  0  0  0  0  9.73  146               405 000
24353539 Huttula Joona 12  0  2  2  0  0  0  0  0  8  1  0  0  4  -2  0  0  0  0  0  0  0  0  2.33  28               220 000
60342562 Krejcik Jakub 14  1  8  9  0  0  0  0  1  75  1  0  0  14  -12  2  0  0  1  2  1  3  0  9.86  138               435 000
40312846 Kukkonen Lasse 13  0  0  0  0  0  0  0  0  8  12  0  0  4  -4  2  0  0  0  0  0  0  0  1.62  21               230 000
24825038 Makela Aleksi 8  0  2  2  0  0  0  0  0  10  2  0  0  3  -4  0  0  0  0  0  0  0  0  2.50  20               225 000
22679723 Niemela Mikko 16  2  3  5  0  0  1  0  0  53  6  0  0  14  -20  10  0  1  0  0  0  0  0  5.44  87               265 000
31555838 Niemela Topi 12  0  2  2  0  0  0  0  0  24  3  0  0  5  -4  2  0  0  0  0  0  0  0  3.17  38               235 000
29528916 Niskala Jaakko 4  0  0  0  0  0  0  0  0  6  0  0  0  1  0  2  0  0  0  0  0  0  0  2.25  9               215 000
29679441 Ronkainen Taneli 0  0  0  0  0  0  0  0  0  0  0  0  0  0  0  0  0  0  0  0  0  0  0  0  0               210 000
23424825 Teppo Miihkali 16  2  3  5  0  0  0  0  0  23  3  0  0  11  -12  10  0  0  0  0  1  0  0  4.69  75               245 000
Lukko
24381077 Heikkinen Ilkka 16  3  5  8  0  0  1  0  0  71  5  0  0  14  -2  6  0  0  1  1  8  0  0  10.44  167               395 000
32058428 Heinola Ville 6  0  2  2  0  0  0  0  0  6  0  0  1  5  -1  2  0  0  0  0  0  0  0  5.17  31               315 000
60348405 Klok Lukas 15  1  6  7  0  1  1  0  0  37  10  0  0  16  -6  6  0  0  2  0  0  0  0  8.33  125               355 000
31585390 Kukkonen Miska 0  0  0  0  0  0  0  0  0  0  0  0  0  0  0  0  0  0  0  0  0  0  0  0  0               215 000
29650046 Laitinen Vili 12  1  1  2  0  0  0  0  0  10  3  0  0  9  -3  0  0  0  0  0  0  0  1  3.92  47               235 000
60348440 Nemecek David 15  0  4  4  0  0  0  0  0  27  9  0  0  9  -6  10  0  0  0  0  0  0  0  4.87  73               235 000
30932931 Palojarvi Antti 0  0  0  0  0  0  0  0  0  0  0  0  0  0  0  0  0  0  0  0  0  0  0  0  0               200 000
60348444 Press Robin 16  2  2  4  0  0  1  1  0  62  9  0  0  13  -8  4  0  1  0  0  0  2  0  6.75  108               375 000
29948541 Reunanen Tarmo 16  0  6  6  0  0  0  0  0  46  4  0  0  11  -2  6  0  0  0  0  0  1  0  6.50  104               330 000
24177003 Sevanen Roni 15  0  3  3  0  0  0  0  0  15  2  0  0  7  -4  18  0  0  0  0  0  0  0  3.00  45               230 000
Pelicans
30136368 Ek Aleksi 2  0  0  0  0  0  0  0  0  2  1  0  0  2  -3  0  0  0  0  0  0  0  0  1.50  3               200 000
24493554 Jalasvaara Janne 16  1  4  5  0  0  0  0  0  26  5  0  0  5  -16  10  0  0  0  0  1  0  0  3.13  50               245 000
24509817 Jurgens Casimir 0  0  0  0  0  0  0  0  0  0  0  0  0  0  0  0  0  0  0  0  0  0  0  0  0               275 000
29933776 Kinnunen Santtu 1  0  0  0  0  0  0  0  0  2  0  0  0  1  0  0  0  0  0  0  0  0  0  4.00  4               215 000
60348370 Pietroniro Matteo 2  0  0  0  0  0  0  0  0  1  0  0  0  1  -1  0  0  0  0  0  0  0  0  1.00  2               205 000
28949855 Pynnonen Jarkko 6  2  0  2  0  0  0  0  0  6  0  0  0  4  -3  2  0  0  1  0  0  0  0  5.33  32               230 000
100040219 Shchemerov Alexsandr 16  0  0  0  0  0  0  0  0  26  4  0  0  3  -12  8  0  0  0  0  0  1  0  0.94  15               240 000
30692420 Ulander Elias 13  0  1  1  0  0  0  0  0  18  3  0  0  5  -5  10  0  0  0  0  1  2  0  3.23  42               235 000
SaiPa
24270214 Autio Erik 7  0  0  0  0  0  0  0  0  17  4  0  0  2  -3  2  0  0  0  0  0  1  0  2.57  18               245 000
60407804 Bernhardt David 12  1  0  1  0  0  0  0  1  25  2  0  0  5  -5  4  0  0  0  1  0  3  2  4.25  51               240 000
60348446 Grman Mario 3  0  0  0  0  0  0  0  0  7  3  0  0  0  0  2  0  0  0  0  0  0  1  3.67  11               230 000
24229715 Jalonen Jimi 16  1  2  3  0  0  0  0  0  34  4  0  0  5  -8  2  0  0  0  1  0  1  0  3.19  51               235 000
22064150 Kojo Markus 3  0  0  0  0  0  0  0  0  3  0  0  0  0  -1  4  0  0  0  0  0  0  0  1.33  4               220 000
25091997 Riikola Simo-Pekka 12  0  0  0  0  0  0  0  0  7  5  0  0  1  -7  6  0  0  0  0  0  0  0  0.42  5               210 000
28891819 Salo Robin 14  2  2  4  0  0  1  1  0  60  8  0  0  4  -18  4  0  0  0  0  1  5  0  4.57  64               290 000
23241406 Seppala Jere 10  0  0  0  0  0  0  0  0  9  2  0  0  0  -6  0  0  0  0  0  0  0  0  -0.40  -4               215 000
25543115 Sneck Jere 2  0  0  0  0  0  0  0  0  6  0  0  0  0  -3  2  0  0  0  0  0  0  0  -0.50  -1               210 000
28842826 Vainio Veeti 14  2  6  8  0  0  0  0  0  48  2  0  0  7  -13  26  0  0  0  0  2  1  0  6.79  95               330 000
Sport
60348460 Geiger Paul 15  4  1  5  0  0  0  0  0  41  4  0  0  10  -12  31  0  1  0  0  0  0  0  4.93  74               250 000
24324348 Grondahl Ari 12  1  2  3  0  0  0  0  0  38  1  0  0  6  -9  4  0  0  0  0  0  1  0  4.17  50               245 000
22675468 Nevalainen Niklas 12  1  4  5  0  0  0  1  0  21  2  0  0  4  -9  0  0  0  0  1  0  0  0  3.75  45               235 000
23470251 Tommila Juho 7  1  2  3  0  0  0  0  0  12  0  0  0  4  -3  2  0  1  0  0  0  0  0  5.29  37               240 000
23485961 Tuohilampi Kristian 8  0  2  2  0  0  0  0  0  12  0  0  0  3  -5  2  0  0  0  0  0  0  0  2.50  20               225 000
25334515 Viljanen Valtteri 15  1  10  11  0  0  0  0  0  76  6  0  0  11  -12  6  0  0  2  0  0  3  0  9.33  140               360 000
23620535 Westermarck Victor 15  1  1  2  0  0  0  0  0  19  5  0  0  4  -13  8  0  0  0  0  0  0  0  1.73  26               220 000
60348466 Wilson Jared 13  0  2  2  0  0  0  0  0  15  1  0  0  5  -7  41  0  0  0  0  0  0  0  2.54  33               220 000
Tappara
40371281 Blood Ben 15  0  0  0  0  0  0  0  0  19  3  0  0  6  -7  8  0  0  0  0  0  0  0  1.80  27               225 000
21974869 Kemilainen Valtteri 12  3  6  9  0  0  0  0  0  56  2  0  0  5  -9  18  0  1  0  0  2  0  1  8.67  104               415 000
24884833 Mantyla Tuukka 14  1  2  3  0  0  0  0  0  17  2  0  0  7  -4  8  0  0  0  1  0  0  0  4.14  58               235 000
60421052 Polasek Adam 10  2  3  5  0  0  0  0  0  24  2  0  0  6  -4  10  0  1  0  1  1  1  0  8.10  81               365 000
24127529 Rouhiainen Jere 4  0  0  0  0  0  0  0  0  10  1  0  0  1  0  0  0  0  0  0  0  0  0  2.50  10               220 000
23334106 Suhonen Teemu 14  3  2  5  0  0  1  0  0  43  0  0  1  6  -5  0  0  0  1  1  0  0  2  5.93  83               345 000
30738423 Utunen Toni 8  0  0  0  0  0  0  0  0  8  2  0  0  1  -2  2  0  0  0  0  0  0  0  1.00  8               205 000
23680559 Vittasmaki Veli-Matti 14  0  4  4  0  0  0  0  0  21  4  0  0  10  -11  0  0  0  0  0  1  0  0  3.71  52               255 000
60350439 Ytterell Alexander 14  1  3  4  0  0  1  0  0  43  2  0  0  8  -7  12  0  0  1  0  2  0  0  5.93  83               265 000
TPS
29934157 Anttalainen Aleksi 7  0  2  2  0  1  0  0  0  10  8  0  0  3  -1  4  0  0  0  0  0  0  0  5.29  37               230 000
24318448 Forsstrom Jani 6  0  0  0  0  0  0  0  0  2  0  0  0  4  -1  0  0  0  0  0  0  0  0  1.83  11               215 000
31765398 Kaskinen Olli 2  0  0  0  0  0  0  0  0  1  0  0  0  0  -1  0  0  0  0  0  0  0  0  -0.50  -1               195 000
60347522 Larsson Henrik 16  1  7  8  0  0  0  0  0  42  8  0  0  16  -9  6  0  1  1  1  0  0  0  7.75  124               360 000
60415917 Olsson Jens 16  0  2  2  0  0  0  0  0  16  1  0  0  8  -20  0  0  0  0  0  0  0  0  0.50  8               210 000
100029133 Piskula Joseph 15  0  4  4  0  0  0  0  0  26  7  0  0  14  -4  2  0  0  0  0  1  1  1  5.93  89               285 000
24190598 Salonen Aleksi 16  0  3  3  0  0  0  0  0  28  7  0  0  7  -12  8  0  0  0  0  2  0  0  3.19  51               240 000
24223973 Sund Tony 12  2  3  5  0  0  0  0  0  24  4  0  0  6  -10  10  0  0  0  0  0  0  1  5.42  65               300 000
30893766 Viro Eemil 12  0  2  2  0  0  0  0  0  10  6  0  0  10  -10  4  0  0  1  0  0  0  1  3.58  43               230 000
60347523 Windlert Filip 11  0  1  1  0  0  0  0  0  16  9  1  0  6  -7  2  0  0  0  0  0  0  0  2.82  31               225 000
Assat
24820363 Marttinen Jyri 15  2  2  4  0  0  0  0  0  25  6  0  0  9  -9  10  0  1  0  0  0  1  0  4.93  74               245 000
31209498 Niemelainen Markus 16  0  2  2  0  0  0  0  0  40  5  0  0  6  -13  22  0  0  0  0  0  0  0  2.56  41               230 000
29782985 Peltomaki Niklas 8  2  0  2  0  0  0  0  0  22  1  0  0  8  -3  2  0  0  0  0  0  0  1  6.75  54               235 000
23167645 Salmela Saku 16  1  2  3  0  0  0  0  0  13  4  0  0  6  -8  6  0  0  0  0  0  0  0  2.75  44               230 000
60351426 Stenqvist Jakob 16  4  6  10  0  0  0  0  0  44  2  0  0  7  -8  8  0  0  0  1  0  1  0  7.50  120               310 000
23384884 Taimi Tommi 13  0  10  10  0  0  0  0  0  51  3  0  0  10  -11  6  0  0  0  0  1  0  0  8.23  107               365 000
25381270 Vainio Olli 16  3  5  8  0  0  1  1  0  67  11  0  0  9  -14  6  0  0  0  2  0  0  0  7.38  118               315 000
24177621 Varttinen Aleksi 0  0  0  0  0  0  0  0  0  0  0  0  0  0  0  0  0  0  0  0  0  0  0  0  0               205 000
28504481 Vuorisalo Teemu 9  0  0  0  0  0  0  0  0  16  3  0  0  6  -7  0  0  0  0  0  1  0  0  2.00  18               225 000
60351425 Akerstrom Simon 5  0  0  0  0  0  0  0  0  9  1  0  0  0  -3  0  0  0  0  0  1  0  0  0.40  2               215 000
HIFK
ID Hyokkaaja O M S P AVM AVS VM TM JA L B ALV ALH + - JM OR X XX XXX KL ELP NL LPP/O LPP Arvo
28019536 And Terry 2  1  0  1  0  0  1  0  0  5  0  0  0  2  0  2  0  0  0  0  0  0  0  8.50  17           220 000
60347997 Dyk Sebastian 12  4  5  9  0  0  0  1  0  64  1  0  0  9  -8  2  0  0  1  0  0  0  1  8.25  99           400 000
29695519 Engberg Teemu 7  0  1  1  0  0  0  0  0  13  2  0  0  1  -1  2  0  0  0  0  0  0  0  2.43  17           215 000
29735822 Heljanko Rasmus 4  0  1  1  0  0  0  0  0  6  1  0  0  1  -1  0  0  0  0  0  0  0  0  2.50  10           210 000
30731093 Hamalainen Janne 2  0  0  0  0  0  0  0  0  5  0  0  0  0  0  0  0  0  0  0  0  0  0  1.50  3           190 000
30345845 Jaaska Juha 2  0  0  0  0  0  0  0  0  1  0  1  2  0  0  2  0  0  0  0  0  0  0  1.00  2           250 000
24555418 Keranen Juho 13  1  2  3  0  0  0  0  0  18  3  15  14  4  -5  10  0  0  0  0  0  0  3  3.54  46           240 000
21983740 Keranen Michael 12  6  1  7  0  0  1  0  0  46  0  12  8  5  -3  8  0  0  0  1  1  0  0  7.33  88           355 000
22393300 Leskinen Ville 13  6  10  16  0  0  0  1  1  47  1  0  0  10  -6  4  0  0  2  1  1  0  0  10.46  136           435 000
31261902 Lundell Anton 11  1  8  9  0  0  1  0  0  35  0  76  71  10  -6  0  0  0  0  1  0  1  0  7.27  80           355 000
29615777 Nordgren Niklas 4  0  1  1  0  0  0  0  0  7  2  0  0  1  0  0  0  1  0  0  0  0  0  3.25  13           235 000
22756329 Nykopp Thomas 13  2  1  3  0  0  1  0  0  25  6  93  60  3  -5  0  0  0  0  0  1  0  0  4.08  53           240 000
27752328 Paajanen Otto 10  4  1  5  0  0  1  0  0  23  0  89  100  4  -3  2  0  0  0  1  0  1  0  5.20  52           320 000
25012824 Petrell Lennart 0  0  0  0  0  0  0  0  0  0  0  0  0  0  0  0  0  0  0  0  0  0  0  0  0           225 000
25630280 Saarinen Jesse 12  5  6  11  0  0  0  0  0  35  0  0  0  13  -5  4  0  0  1  0  0  0  0  8.50  102           365 000
23165391 Sallinen Jere 12  2  4  6  0  0  1  0  0  37  1  94  114  7  -5  2  0  0  0  1  1  1  0  5.33  64           310 000
23394612 Tallberg Teemu 14  2  2  4  0  0  0  0  0  27  4  1  2  8  -5  2  0  1  0  0  0  0  0  3.64  51           235 000
25506929 Turunen Teemu 4  0  3  3  0  0  0  0  0  15  0  0  0  0  -2  0  0  1  0  0  0  0  0  4.75  19           440 000
23793763 Asten Micke-Max 9  0  0  0  0  0  0  0  0  14  4  8  9  1  -2  6  0  0  0  0  0  0  0  1.89  17           220 000
HPK
40432221 Cornet Philippe 15  3  4  7  0  0  0  0  0  29  9  0  0  9  -10  6  0  0  0  0  0  0  0  4.80  72           265 000
29690417 Innala Jere 13  4  5  9  0  0  0  1  0  42  1  0  0  10  -6  4  0  2  0  1  1  1  0  7.54  98           340 000
27775017 Kanninen Henri 15  4  5  9  0  0  2  0  0  28  1  101  101  9  -7  2  0  0  0  0  0  0  0  5.47  82           260 000
33388168 Kombe Kristjan 0  0  0  0  0  0  0  0  0  0  0  0  0  0  0  0  0  0  0  0  0  0  0  0  0           195 000
40432227 Krivosik Filip 15  2  4  6  0  0  0  0  0  39  2  0  1  9  -4  4  0  0  0  0  0  0  0  4.73  71           250 000
100027950 Kunyk Cody 15  3  9  12  0  0  0  1  0  40  0  131  146  16  -7  6  0  1  0  2  1  0  0  7.73  116           355 000
24769356 Lahtela Mikko 14  0  0  0  0  0  0  0  0  15  2  66  57  1  -6  8  0  0  0  0  0  0  0  1.29  18           215 000
22450515 Lucenius Niclas 14  2  8  10  0  0  0  0  0  20  1  10  5  8  -9  4  0  0  1  1  0  0  0  5.43  76           275 000
24876676 Monto Joona 9  0  0  0  0  0  0  0  0  7  3  7  1  1  -2  2  0  0  0  0  0  0  0  1.33  12           225 000
22671530 Nenonen Markus 15  8  5  13  0  0  2  0  0  118  0  0  0  13  -5  8  0  1  0  0  0  0  0  11.07  166           410 000
29859533 Puustinen Valtteri 12  3  7  10  0  0  1  0  0  41  2  0  0  6  -8  4  0  0  1  1  1  0  0  7.42  89           345 000
23097498 Ruokonen Miro 14  0  2  2  0  0  0  0  0  16  4  0  0  2  -4  2  0  0  0  0  0  0  1  1.93  27           220 000
30013384 Seppala Erkka 2  0  0  0  0  0  0  0  0  2  1  0  0  0  0  0  0  0  0  0  0  0  0  1.50  3           210 000
23418213 Tavi Janne 14  1  3  4  0  0  0  0  0  22  2  0  0  7  -5  2  0  0  0  0  0  0  0  3.29  46           240 000
28506900 Tikka Tommi 15  3  4  7  1  0  2  0  0  30  6  113  119  9  -8  31  0  1  0  1  0  0  0  4.80  72           255 000
Ilves
21288241 Ahopelto Erik 1  0  0  0  0  0  0  0  0  1  0  0  3  0  -2  0  0  0  0  0  0  0  0  -2.00  -2           180 000
29446865 Antonen Joose 14  2  2  4  0  0  0  0  0  36  2  0  0  7  -5  8  0  0  0  0  0  0  0  4.36  61           275 000
24464062 Ikonen Jasse 16  6  2  8  0  0  0  2  0  31  6  74  77  10  -8  12  0  0  1  0  0  0  2  5.38  86           250 000
29028513 Ikonen Joona 9  6  2  8  0  0  2  0  0  28  2  0  0  8  -6  4  0  1  1  1  0  0  0  9.44  85           350 000
32464892 Jarventie Roby 2  0  0  0  0  0  0  0  0  1  0  0  0  0  -3  0  0  0  0  0  0  0  0  -1.00  -2           190 000
22366599 Leino Robert 16  6  7  13  0  0  1  2  1  47  1  193  147  15  -6  6  0  2  0  0  0  1  0  9.25  148           385 000
28730556 Lepaus Teemu 15  2  4  6  0  0  1  0  0  19  0  7  10  7  -7  2  0  0  0  0  0  0  0  3.40  51           255 000
30735248 Maccelli Matias 10  3  1  4  0  0  0  1  0  24  1  0  0  5  -5  4  0  2  0  0  0  0  0  4.90  49           345 000
26590031 Meskanen Ville 16  6  6  12  0  0  0  0  1  63  1  0  1  10  -3  20  0  0  0  1  2  1  1  8.19  131           375 000
24880895 Mieho Panu 16  3  2  5  0  0  0  0  0  20  5  46  38  6  -6  18  0  0  0  1  0  0  0  3.50  56           225 000
31905381 Nalli Miro 9  0  2  2  0  0  0  0  0  5  2  0  0  4  -4  2  0  0  0  0  0  0  0  2.33  21           205 000
31803661 Pakkila Eetu 16  1  4  5  0  0  0  0  0  31  0  0  0  7  -6  0  0  0  0  0  0  0  4  3.56  57           235 000
23029644 Rautiainen Teemu 13  3  6  9  0  0  2  0  0  38  1  0  0  7  -4  4  0  1  1  0  0  0  0  6.54  85           325 000
25153974 Ruotsalainen Arttu 12  5  9  14  1  0  1  0  1  48  0  127  106  13  -2  2  0  1  1  1  0  2  0  11.92  143           420 000
30687613 Saarela Antti 7  2  3  5  0  0  0  0  0  12  0  26  24  6  -3  2  0  0  0  1  0  0  2  7.14  50           285 000
23351053 Suomi Eemeli 16  4  17  21  0  1  0  0  0  58  3  0  0  18  -4  20  0  0  1  1  0  1  0  10.88  174           405 000
30039025 Vainionpaa Samuli 2  0  0  0  0  0  0  0  0  3  0  11  10  2  -1  0  0  0  0  0  0  0  0  2.50  5           220 000
Jukurit
60380455 Dzierkals Martins 13  1  2  3  0  0  0  0  0  24  1  0  0  2  -5  6  0  1  0  0  0  0  0  2.69  35           230 000
21600081 Henritius Teemu 13  2  3  5  0  0  0  0  0  15  2  105  101  3  -15  2  0  0  0  0  0  0  1  2.31  30           235 000
21659838 Hotakainen Valtteri 8  0  2  2  0  0  0  0  0  11  3  50  39  2  -3  0  0  0  0  0  0  0  0  2.75  22           220 000
30851669 Huttunen Heikki 8  0  0  0  0  0  0  0  0  11  5  0  0  1  -3  0  0  0  0  0  0  0  0  1.13  9           190 000
21888612 Kalliola Joonas 12  2  0  2  0  0  0  0  0  19  1  0  0  2  -4  2  0  0  0  0  0  0  1  2.42  29           225 000
24174051 Leskinen Ville 13  2  1  3  0  0  0  0  0  32  2  0  1  2  -11  6  0  0  1  0  0  0  1  3.00  39           255 000
30712591 Nikkanen Henri 8  0  1  1  0  0  0  0  0  6  0  41  45  2  -6  0  0  1  0  0  0  0  0  0.50  4           195 000
22815419 Partanen Mika 13  2  3  5  0  0  0  0  0  25  0  0  0  3  -8  8  0  1  0  0  0  0  1  3.77  49           255 000
100028135 Pereskokov Vadim 14  7  4  11  0  0  1  1  0  53  2  0  0  5  -11  4  0  1  0  2  0  0  0  7.36  103           330 000
22895620 Piitulainen Jesper 14  2  6  8  0  0  1  0  0  40  3  0  0  7  -13  0  0  1  0  1  0  0  0  5.00  70           265 000
25116623 Ritamaki Janne 10  1  0  1  0  0  0  0  0  15  2  0  0  1  -8  0  0  0  0  0  0  0  0  1.10  11           215 000
23075106 Roine Miika 14  1  2  3  0  0  0  0  0  24  4  4  9  3  -10  0  0  0  0  0  0  0  0  2.00  28           245 000
60346719 Sarault Charles 14  1  3  4  0  0  0  0  0  28  0  93  82  3  -8  12  0  0  0  0  1  0  0  3.64  51           250 000
23702275 Vahatalo Julius 14  1  2  3  0  0  0  1  0  15  1  99  109  4  -5  2  0  0  0  0  0  0  0  2.07  29           225 000
JYP
24415613 Hytonen Juha-Pekka 15  3  4  7  0  0  0  0  0  25  4  112  122  9  -8  0  0  1  0  0  0  0  0  4.27  64           255 000
24466950 Immonen Jarkko 15  3  4  7  0  0  0  0  0  63  1  199  111  8  -13  2  0  0  0  0  0  0  0  6.80  102           380 000
30575699 Kalajanniska Oskari 7  1  1  2  0  0  0  0  0  10  1  0  0  2  -4  0  0  1  0  0  0  0  0  2.71  19           215 000
24641005 Kalapudas Antti 15  2  1  3  0  0  0  0  0  24  0  41  48  6  -9  2  0  0  0  0  0  0  0  2.27  34           225 000
24811398 Louhivaara Ossi 15  1  4  5  0  0  0  0  0  20  2  0  1  6  -7  0  0  0  0  0  0  0  1  2.87  43           230 000
24190336 Nattinen Julius 14  3  3  6  0  0  0  0  0  51  0  2  1  7  -11  0  0  1  0  0  2  0  0  4.79  67           400 000
27900714 Palmu Petrus 15  3  3  6  0  0  1  0  0  67  3  0  0  10  -13  10  0  1  2  0  0  0  0  6.33  95           360 000
28967947 Ratinen Samuli 14  0  2  2  0  0  0  0  0  24  1  0  0  7  -6  33  0  0  0  1  0  0  3  3.00  42           235 000
33373610 Rooba Robert 8  1  1  2  0  0  0  0  0  30  0  0  0  2  -3  4  0  0  0  1  0  0  1  4.63  37           265 000
25130683 Rutanen Aleksi 0  0  0  0  0  0  0  0  0  0  0  0  0  0  0  0  0  0  0  0  0  0  0  0  0           185 000
29937251 Siikanen Patrik 4  0  0  0  0  0  0  0  0  6  2  4  4  1  -3  0  0  0  0  0  0  0  2  2.00  8           205 000
27355408 Siikonen Miska 14  1  5  6  0  0  1  0  0  29  1  111  96  10  -11  22  0  0  0  0  0  0  0  4.86  68           290 000
28948856 Straka Anton 15  1  1  2  0  0  0  0  0  17  2  15  15  5  -6  4  0  0  0  0  0  0  1  2.40  36           220 000
23505155 Tuppurainen Jani 15  3  5  8  0  0  1  0  0  36  0  1  0  9  -14  2  0  1  0  0  0  0  4  5.20  78           335 000
27647886 Turkulainen Jerry 15  2  6  8  0  0  0  0  0  33  2  0  0  10  -16  6  0  0  0  0  0  0  0  4.47  67           305 000
KalPa
40291921 Aaltonen Leevi 10  1  1  2  0  0  1  0  0  20  0  0  0  0  -5  2  0  0  0  0  0  0  0  2.20  22           215 000
29554508 Ikonen Joni 0  0  0  0  0  0  0  0  0  0  0  0  0  0  0  0  0  0  0  0  0  0  0  0  0           240 000
21804861 Jokinen Tommi 15  5  4  9  0  1  1  0  0  22  1  6  23  9  -9  0  0  0  0  1  0  0  0  4.73  71           250 000
21851458 Jarvinen Matti 15  10  8  18  2  0  2  0  0  42  0  138  120  21  -10  6  0  0  2  2  0  0  1  12.33  185           370 000
28576383 Kantola Kai 15  6  8  14  0  1  0  0  0  59  2  30  28  13  -10  14  0  0  1  0  0  0  0  8.80  132           365 000
21983012 Keranen Janne 15  5  7  12  1  2  0  0  0  47  2  0  0  18  -13  2  0  0  1  0  0  0  2  8.40  126           345 000
27471447 Klemetti Aleksi 15  3  7  10  0  0  0  1  0  22  3  0  0  16  -7  0  0  0  0  1  0  0  0  6.13  92           285 000
28570745 Knuutinen Henri 1  0  0  0  0  0  0  0  0  0  0  0  1  0  -1  0  0  0  0  0  0  0  0  -2.00  -2           200 000
24226640 Kononen Juuso 15  3  3  6  0  0  1  0  0  31  7  1  0  9  -10  12  0  0  0  0  0  0  0  4.27  64           245 000
22750794 Nuutinen Mikko 14  3  5  8  1  0  0  0  0  43  2  6  12  4  -10  4  0  0  0  0  0  0  0  4.57  64           245 000
25057054 Pitkanen Miikka 15  2  3  5  0  0  1  0  0  48  0  56  96  7  -11  10  0  0  0  0  1  0  0  3.53  53           260 000
60224611 Rantaeskola Julius 7  0  0  0  0  0  0  0  0  1  1  1  0  0  -2  0  0  0  0  0  0  0  0  0.14  1           190 000
25663901 Ruuttu Alexander 6  1  1  2  0  0  0  0  0  4  1  6  13  2  -6  2  0  0  0  0  0  0  0  1.83  11           240 000
34250949 Sebok Balazs 15  1  9  10  1  0  1  0  0  44  0  109  103  13  -11  12  0  0  2  1  0  1  2  7.60  114           350 000
25345944 Vartiainen Tuomas 15  1  4  5  0  0  0  0  0  40  2  0  0  8  -8  0  0  0  0  0  0  0  0  3.80  57           235 000
24206929 Virtanen Mikko 14  1  0  1  0  0  0  0  0  22  2  54  65  4  -5  2  0  0  0  0  1  0  0  1.93  27           215 000
KooKoo
60342510 Bucek Samuel 0  0  0  0  0  0  0  0  0  0  0  0  0  0  0  0  0  0  0  0  0  0  0  0  0           210 000
21440937 Friberg Jere 11  1  0  1  0  0  0  1  0  12  0  45  50  2  -1  4  0  0  0  1  0  0  0  2.18  24           215 000
60342516 Gallo Vilmos 15  5  5  10  0  0  2  0  0  51  2  0  0  7  -4  6  0  0  0  2  0  0  0  7.07  106           345 000
24451091 Haataja Juha-Pekka 15  6  6  12  0  0  1  0  0  59  1  0  0  8  0  2  0  1  2  1  0  0  0  8.20  123           355 000
21499603 Hakulinen Anrei 12  1  8  9  0  0  0  0  0  44  0  0  0  7  -1  0  0  0  0  0  0  0  4  7.00  84           340 000
21802135 Jokinen Markus 11  2  5  7  0  0  1  0  0  14  4  7  5  7  -1  2  0  0  0  0  0  0  0  5.73  63           235 000
100033523 Karlsson Erik 15  1  6  7  0  0  0  0  0  28  0  83  100  8  -3  0  0  1  1  0  0  0  2  4.13  62           245 000
22051338 Koivisto Kimi 13  2  1  3  0  0  0  0  0  32  0  12  18  5  -2  0  0  0  0  0  0  0  0  2.92  38           220 000
30417647 Korhonen Olli 2  0  0  0  0  0  0  0  0  2  1  0  0  0  0  0  0  0  0  0  0  0  0  1.00  2           195 000
24680943 Kahkonen Toni 14  5  3  8  0  0  1  1  0  42  0  2  3  9  -4  2  0  0  1  1  0  0  0  6.36  89           290 000
60342514 Mingoia Trevor 15  8  5  13  0  0  3  0  0  74  1  2  6  8  -4  12  0  0  0  3  0  0  0  9.60  144           390 000
40172010 Oden Joonas 6  1  0  1  0  0  0  0  0  12  1  2  0  2  0  0  0  1  0  0  0  0  1  3.67  22           240 000
24962616 Ojantakanen Kasperi 10  0  4  4  0  0  0  0  0  20  3  0  0  3  -1  0  0  0  0  0  0  0  1  3.70  37           235 000
60348367 Platzer Kyle 15  4  6  10  0  0  0  0  1  53  3  107  120  9  -3  0  0  0  1  0  1  0  2  6.80  102           325 000
40102012 Puistola Patrik 11  0  2  2  0  0  0  0  0  13  4  0  0  3  -2  0  0  0  0  0  0  0  0  2.18  24           250 000
23330074 Stromberg Kim 15  4  8  12  0  0  1  0  0  42  1  143  161  10  -2  2  0  1  0  2  1  1  0  7.47  112           350 000
24153195 Suuronen Toni 9  1  0  1  0  0  0  0  0  16  3  0  2  2  -2  0  0  0  0  0  0  0  0  2.22  20           215 000
Karpat
21330445 Anttila Sami 4  0  1  1  0  0  0  0  0  8  1  0  0  1  -1  4  0  0  0  0  0  0  0  3.75  15           225 000
24406130 Hermonen Julius 11  1  3  4  0  0  0  0  0  20  1  0  0  5  -3  0  0  0  0  0  0  0  1  3.82  42           240 000
21673131 Humaloja Miska 14  1  2  3  0  0  0  0  0  28  3  60  44  3  -6  4  0  0  0  0  0  0  0  3.21  45           235 000
24474272 Jokinen Jussi 15  2  6  8  0  0  0  0  0  35  4  13  12  6  -10  6  0  1  1  0  0  0  0  4.73  71           320 000
21819267 Junttila Julius 14  8  4  12  0  0  2  0  0  49  1  1  2  12  -9  0  0  1  0  2  0  0  0  8.50  119           395 000
21940848 Karvinen Otto 4  2  0  2  0  0  0  0  0  11  1  0  1  3  -2  8  0  0  0  0  0  0  1  8.25  33           245 000
40245614 Koblizek Radek 16  5  7  12  0  0  2  0  0  53  0  0  0  9  -12  2  0  0  0  1  1  0  1  6.63  106           335 000
28727446 Koskenkorva Jesse 12  2  1  3  0  0  0  0  0  12  1  54  45  4  -2  0  0  1  0  0  0  0  0  3.25  39           230 000
40106629 Kristof Michal 14  0  3  3  0  0  1  0  0  33  1  98  102  9  -10  0  0  0  0  0  0  0  0  2.86  40           280 000
24803597 Lammikko Juho 16  11  6  17  0  0  1  0  0  84  3  187  196  16  -12  14  0  0  4  2  0  4  1  12.25  196           450 000
24808136 Lindsten Jasper 10  2  2  4  0  0  0  0  0  16  0  0  0  3  -3  6  0  0  0  0  0  0  0  3.90  39           225 000
28489001 Metsavainio Tino 8  1  1  2  0  0  1  0  0  7  0  35  46  7  0  0  0  0  0  0  0  0  0  3.50  28           220 000
25007554 Pesonen Janne 4  0  3  3  0  0  0  0  0  14  2  25  25  1  -3  0  0  0  0  0  0  0  0  5.00  20           300 000
27833056 Puljujarvi Jesse 15  5  11  16  0  0  1  0  0  125  3  0  1  13  -10  28  0  0  2  0  0  5  4  11.93  179           490 000
25013577 Pyorala Mika 11  4  7  11  0  0  0  0  0  30  0  0  11  14  -7  6  0  0  0  0  0  0  0  8.09  89           380 000
31899057 Raty Aatu 0  0  0  0  0  0  0  0  0  0  0  0  0  0  0  0  0  0  0  0  0  0  0  0  0           235 000
31762087 Raty Aku 9  0  1  1  0  0  0  0  0  24  1  0  0  1  -1  8  0  0  0  0  0  0  0  3.11  28           245 000
25589140 Sailio Jari 15  1  1  2  0  0  0  0  0  29  4  0  0  7  -8  8  0  0  0  0  1  0  0  3.13  47           230 000
32558931 Tieksola Tuukka 0  0  0  0  0  0  0  0  0  0  0  0  0  0  0  0  0  0  0  0  0  0  0  0  0           200 000
Lukko
100034134 Danforth Justin 13  6  7  13  1  1  1  1  0  51  2  182  117  14  -4  6  0  2  1  2  0  6  1  13.62  177           500 000
24546935 Koivisto Toni 14  3  6  9  0  0  2  0  0  27  3  0  0  11  -4  0  0  0  3  0  0  0  0  6.50  91           270 000
23889127 Koivistoinen Eetu 16  5  2  7  1  0  2  0  0  43  5  123  122  13  -3  6  0  0  0  0  1  0  0  6.56  105           265 000
22244996 Laakso Tapio 1  0  0  0  0  0  0  0  0  0  0  4  4  0  0  0  0  0  0  0  0  0  0  0.00  0           225 000
22396653 Liedes Heikki 16  2  4  6  0  0  0  0  0  25  6  52  89  7  -3  6  0  0  0  0  0  0  2  3.69  59           230 000
30682391 Nyman Linus 16  4  7  11  0  0  0  0  0  38  4  0  0  11  -2  2  0  1  1  0  1  0  1  6.69  107           275 000
31903545 Petman Mikko 16  2  1  3  0  0  1  0  0  22  4  0  0  3  -5  4  0  0  1  0  0  0  3  3.00  48           230 000
31779229 Petman Ville 11  1  4  5  0  0  0  0  0  13  0  1  2  6  0  4  0  0  0  0  0  0  0  4.09  45           235 000
60348452 Pospisil Kristian 14  6  6  12  1  1  2  0  0  66  4  1  2  12  -4  10  0  0  0  2  3  0  1  10.86  152           395 000
25139587 Repo Sebastian 16  6  6  12  0  0  2  0  0  76  1  7  7  16  -2  6  0  0  1  2  0  0  0  9.44  151           400 000
24178578 Ruotsi Jesse 6  0  0  0  0  0  0  0  0  4  0  4  5  0  -3  4  0  0  0  0  0  0  0  0.50  3           200 000
23311954 Sopanen Vili 0  0  0  0  0  0  0  0  0  0  0  0  0  0  0  0  0  0  0  0  0  0  0  0  0           250 000
25461491 Tammela Jonne 16  3  2  5  0  0  0  0  0  52  5  0  1  10  -6  22  0  0  1  0  0  0  3  5.44  87           260 000
60348447 Westerholm Pathrik 16  3  5  8  0  0  0  0  0  55  1  102  107  11  -4  20  0  1  0  0  0  1  0  5.81  93           330 000
60348448 Westerholm Ponthus 16  3  7  10  0  0  0  0  0  47  7  10  3  9  -6  12  0  0  0  0  0  2  0  7.06  113           360 000
32294910 Ylitalo Niklas 5  0  0  0  0  0  0  0  0  4  2  0  0  0  -2  0  0  0  0  0  0  0  0  0.60  3           210 000
Pelicans
24242404 Aaltonen Juhamatti 16  7  7  14  0  0  0  1  2  84  5  0  2  9  -13  8  0  2  0  0  4  0  1  9.38  150           395 000
24290689 Bjorninen Hannes 9  1  3  4  0  0  0  0  0  19  3  134  85  5  -5  6  0  0  1  0  0  2  0  7.00  63           375 000
21399185 Elimaki Roope 16  3  1  4  0  0  0  1  0  27  4  90  93  5  -12  6  0  0  0  0  0  0  0  3.06  49           235 000
25646106 Gymer Frank 2  1  0  1  0  0  0  0  0  2  0  0  0  1  0  0  0  0  0  0  0  0  0  5.00  10           215 000
30636693 Haatanen Aleks 1  0  0  0  0  0  0  0  0  1  0  0  0  0  0  0  0  0  0  0  0  0  0  1.00  1           200 000
29658365 Hamalainen Sakke 6  0  1  1  0  0  0  0  0  11  1  22  31  2  -2  0  0  0  0  0  0  0  0  2.00  12           220 000
27772764 Lahtinen Severi 4  0  2  2  0  0  0  0  0  2  1  0  0  1  -5  0  0  1  0  0  0  0  0  2.25  9           230 000
22504856 Mankinen Jesse 16  1  4  5  0  0  0  0  1  54  3  1  3  6  -12  2  0  1  0  0  0  0  0  3.81  61           245 000
29798827 Merela Waltteri 16  4  4  8  0  0  0  0  0  28  5  0  3  6  -9  6  0  1  1  1  0  0  0  4.56  73           245 000
22598901 Mustonen Aleksi 14  3  3  6  0  0  0  0  0  32  4  85  77  7  -15  2  0  0  0  0  0  0  1  4.21  59           250 000
24916798 Nieminen Otto 1  0  0  0  0  0  0  0  0  0  0  0  0  0  0  2  0  0  0  0  0  0  0  2.00  2           210 000
25618516 Saarelainen Miro-Pekka 8  1  1  2  0  0  0  0  0  9  3  0  0  2  -2  0  0  0  0  0  0  0  0  2.50  20           225 000
30728860 Salonen Samuel 16  0  3  3  0  0  0  0  0  18  2  0  2  4  -8  4  0  0  0  0  0  0  0  1.88  30           215 000
25458802 Tanus Jonatan 16  0  1  1  0  0  0  0  0  10  1  13  9  1  -7  4  0  0  0  0  0  0  0  0.81  13           230 000
27847136 Toivola Artturi 16  0  1  1  0  0  0  0  0  18  3  99  94  4  -7  6  0  0  0  0  0  0  0  1.75  28           220 000
23521841 Tyrvainen Antti 15  3  2  5  0  0  0  1  0  32  6  33  47  9  -14  20  0  1  0  0  0  0  0  3.87  58           240 000
25443752 Vartiainen Taavi 14  0  3  3  0  0  0  0  0  28  8  3  4  5  -8  4  0  0  0  0  1  0  0  3.00  42           225 000
29937154 Ylonen Jesse 16  4  3  7  0  0  3  0  0  48  1  0  0  8  -11  6  0  1  0  2  0  0  0  5.56  89           260 000
SaiPa
60429964 Forslund Emil 4  0  0  0  0  0  0  0  0  4  0  0  0  0  -1  0  0  0  0  0  0  0  1  1.00  4           210 000
27776919 Iso-Mustajarvi Tomi 16  0  1  1  0  0  0  0  0  13  4  74  106  2  -9  6  0  0  0  0  0  0  1  0.63  10           220 000
21878800 Kaksonen Elmeri 13  2  0  2  0  0  0  0  0  23  6  2  0  3  -7  6  0  0  0  0  0  0  0  2.92  38           240 000
24666721 Koho Ville 10  0  2  2  0  0  0  0  0  11  3  61  69  2  -4  4  0  0  0  0  0  0  0  2.00  20           215 000
27777125 Kuronen Mikael 9  2  0  2  0  0  0  0  0  17  1  0  0  4  -6  8  0  0  0  0  0  0  0  3.89  35           235 000
22372826 Leivo Tomi 0  0  0  0  0  0  0  0  0  0  0  0  0  0  0  0  0  0  0  0  0  0  0  0  0           195 000
32569153 Loimaranta Veikko 11  1  0  1  0  0  0  0  0  16  1  12  16  2  -5  0  0  0  0  0  0  0  0  1.36  15           205 000
22483058 Lofman Anssi 16  2  3  5  0  0  1  0  0  35  9  85  100  3  -11  0  0  1  0  0  0  0  0  2.88  46           265 000
32780178 Mantykivi Matias 13  1  1  2  0  0  0  0  0  9  1  2  1  2  -3  4  0  1  0  0  0  0  0  1.92  25           215 000
22710462 Nikko Joni 16  1  0  1  0  0  0  0  0  40  5  0  0  2  -12  0  0  0  0  0  2  0  0  1.81  29           245 000
30728763 Ojantakanen Valtteri 7  0  0  0  0  0  0  0  0  6  0  0  0  0  -4  0  0  0  0  0  0  0  0  0.00  0           185 000
29936595 Oksanen Emil 9  0  0  0  0  0  0  0  0  11  1  0  0  0  -4  4  0  0  0  0  0  0  0  1.00  9           230 000
29859517 Piipponen Topi 11  1  0  1  0  0  0  0  1  16  1  2  0  2  -5  14  0  0  1  0  0  0  1  2.09  23           225 000
60244105 Ramstedt Teemu 14  0  7  7  0  0  0  0  0  9  0  100  130  6  -15  4  0  0  0  0  0  1  0  2.14  30           290 000
23137280 Saari Micke 0  0  0  0  0  0  0  0  0  0  0  0  0  0  0  0  0  0  0  0  0  0  0  0  0           220 000
60429965 Shugg Justin 4  0  1  1  0  0  0  0  0  11  0  0  0  1  -2  2  0  0  0  0  0  0  0  3.00  12           250 000
23555503 Vainikainen Ville 16  0  1  1  0  0  0  0  0  29  7  1  0  2  -8  4  0  0  0  0  0  0  2  2.06  33           225 000
30356928 Virtanen Santeri 12  0  0  0  0  0  0  0  0  4  0  51  77  1  -4  4  0  0  0  0  0  0  0  -0.42  -5           230 000
40315414 Zaborsky Tomas 10  3  2  5  0  0  1  0  0  35  2  0  0  5  -9  29  0  0  0  1  0  0  0  5.00  50           320 000
Sport
21292664 Ainali Aleksi 15  1  5  6  0  0  0  1  0  41  5  95  99  10  -12  8  0  0  0  0  0  0  1  4.80  72           250 000
21345676 Asplund Turo 10  2  7  9  0  0  0  0  0  18  2  101  65  5  -13  31  0  0  0  1  1  0  0  6.50  65           315 000
29864256 Erholtz Eemil 9  0  0  0  0  0  0  0  0  23  1  0  0  0  -6  0  0  1  0  0  0  1  0  1.11  10           220 000
21411429 Erkinjuntti Antti 15  1  4  5  0  0  0  0  0  28  6  0  1  5  -16  2  0  0  1  0  0  1  0  2.87  43           245 000
30936623 Haarala Santeri 8  1  0  1  0  0  1  0  0  17  0  2  2  1  -1  0  0  0  0  0  0  0  0  2.38  19           225 000
21881428 Kallela Toni 15  1  2  3  0  0  0  0  0  31  0  1  1  3  -8  2  0  0  0  0  0  0  3  2.67  40           245 000
29551488 Kuiri Niko 14  0  0  0  0  0  0  0  0  14  3  33  59  2  -5  4  0  0  0  0  0  0  0  0.29  4           205 000
22441087 Liuksiala Juho 11  1  1  2  0  0  0  0  0  23  0  0  0  2  -5  0  0  0  0  0  0  0  3  2.64  29           235 000
22520979 Markkula Samu 0  0  0  0  0  0  0  0  0  0  0  0  0  0  0  0  0  0  0  0  0  0  0  0  0           205 000
24230814 Paukku Jesse 15  3  3  6  0  0  1  0  0  17  3  0  0  9  -9  16  0  0  0  0  0  0  0  3.80  57           230 000
23064609 Riska Erik 14  0  2  2  0  0  0  0  0  32  5  61  76  5  -6  8  0  0  0  0  0  0  0  2.79  39           230 000
25116157 Riska Filip 15  2  2  4  0  0  0  0  0  34  5  121  118  7  -6  6  0  1  0  0  0  0  0  4.07  61           240 000
25651492 Suoranta Simon 4  0  1  1  0  0  0  0  0  6  1  0  0  2  -2  0  0  0  0  0  0  0  1  3.25  13           240 000
25454518 Talaja Roope 14  4  3  7  0  0  0  0  0  48  5  0  0  8  -12  4  0  0  1  0  0  1  0  5.71  80           310 000
27854909 Vidgren Aaro 9  0  2  2  0  0  0  0  0  14  2  0  0  5  -4  16  0  0  0  0  0  0  2  3.33  30           225 000
Tappara
34254136 Bertrand Charles 12  3  3  6  0  0  0  0  0  62  0  0  0  8  -6  6  0  0  1  0  0  0  0  6.83  82           370 000
60413494 Iacobellis Steven 15  0  3  3  0  0  0  0  0  19  5  25  25  4  -4  4  0  0  0  0  0  0  0  2.60  39           230 000
21785090 Jasu Juhani 15  1  1  2  0  0  0  0  0  8  2  122  93  4  -6  2  0  0  0  0  0  0  0  1.93  29           235 000
21924709 Karjalainen Jere 14  7  9  16  0  0  3  0  0  46  6  0  1  7  -10  6  0  0  1  1  1  1  0  9.57  134           385 000
24622477 Kuusela Kristian 10  6  10  16  0  0  1  0  0  21  3  0  0  7  -5  2  0  1  2  1  0  1  0  11.60  116           445 000
22357760 Lehtonen Matias 12  0  2  2  0  0  0  0  0  21  1  0  0  4  -2  0  0  0  0  0  0  0  0  2.33  28           215 000
27746619 Levtchi Anton 15  1  8  9  0  0  0  0  0  23  2  24  42  9  -7  4  0  1  0  0  0  0  0  4.27  64           325 000
22497989 Malinen Jarkko 15  3  5  8  0  0  2  0  0  28  1  152  111  10  -6  0  0  0  1  1  0  1  0  6.33  95           305 000
29846355 Moilanen Sami 11  2  1  3  0  0  0  0  0  15  5  0  0  3  -4  8  0  1  0  0  0  0  1  3.91  43           235 000
100033593 Morley Tyler 3  1  2  3  0  0  1  0  0  13  2  17  16  2  -3  2  0  0  1  0  0  0  0  10.00  30           440 000
23764585 Ojamaki Niko 15  4  3  7  0  0  0  0  0  50  2  0  1  7  -13  0  0  0  0  0  0  1  1  4.80  72           315 000
25113804 Rauhala Otto 15  0  3  3  0  0  0  0  0  9  4  78  62  7  -2  2  0  1  0  1  0  0  1  2.93  44           230 000
31854445 Tanus Kristian 4  0  0  0  0  0  0  0  0  5  0  23  26  0  -2  0  0  0  0  0  0  0  0  0.50  2           225 000
23597163 Vauhkonen Olavi 15  3  0  3  0  0  0  0  1  28  4  22  5  4  -3  4  0  0  0  0  0  0  0  4.00  60           245 000
28262723 Virta Patrik 2  0  0  0  0  0  0  0  0  2  0  12  11  0  -3  0  0  0  0  0  0  0  0  -0.50  -1           335 000
TPS
40435937 Budish Zach 15  3  8  11  0  0  0  1  0  45  5  36  34  11  -9  31  0  1  1  0  0  0  0  6.47  97           315 000
24315179 Filppula Ilari 16  2  12  14  0  0  0  0  0  35  1  107  122  15  -13  8  0  0  1  0  0  0  0  6.44  103           350 000
27706219 Janatuinen Joel 11  4  1  5  1  0  1  0  0  14  2  0  1  7  -5  0  0  0  0  1  0  0  0  5.09  56           245 000
29805082 Karvonen Elias 16  4  1  5  0  1  0  0  0  32  5  77  91  12  -8  4  0  0  0  0  0  0  0  4.31  69           235 000
24674991 Korpikoski Lauri 16  9  7  16  0  0  4  0  0  55  4  0  0  16  -16  8  0  1  0  2  0  0  0  9.81  157           380 000
23837263 Kuru Hannu 16  4  4  8  0  0  0  0  0  27  6  2  4  9  -8  14  0  1  0  0  0  0  1  4.56  73           240 000
22341860 Lehtinen Oskari 6  1  2  3  0  0  0  0  0  14  1  2  1  3  -2  0  0  0  0  0  0  0  1  5.17  31           225 000
29991637 Nurmi Markus 16  6  3  9  1  0  1  0  1  40  6  0  0  13  -10  12  0  1  0  0  1  1  0  7.44  119           310 000
22770952 Nattinen Topi 13  0  5  5  0  0  0  0  0  30  2  7  5  5  -8  2  0  0  0  0  0  0  1  3.62  47           240 000
40005897 Pajuniemi Lauri 13  4  4  8  0  0  0  1  0  61  0  0  0  8  -6  0  0  0  1  0  1  0  0  6.69  87           370 000
34601569 Parssinen Juuso 16  1  3  4  0  0  1  0  0  14  1  71  97  5  -9  0  0  0  1  0  0  0  0  1.38  22           215 000
29837610 Vayrynen Teemu 11  3  0  3  0  0  0  0  0  13  0  0  0  4  -7  6  0  0  0  1  0  0  0  3.27  36           230 000
23677889 Wirtanen Petteri 16  4  4  8  0  0  0  0  0  28  9  127  123  9  -7  4  0  0  0  0  0  0  1  5.00  80           265 000
Assat
24271404 Appelgren Niklas 12  1  2  3  0  0  0  0  0  28  3  74  98  7  -8  0  0  0  0  0  0  0  0  2.58  31           225 000
29870486 Haapanen Topias 11  1  1  2  0  0  0  0  0  9  2  3  2  7  -3  2  0  0  0  0  0  0  0  2.82  31           215 000
24701961 Henttonen Toni 4  0  0  0  0  0  0  0  0  8  0  0  0  0  -1  4  0  0  0  0  0  0  0  2.00  8           220 000
32269686 Hirvonen Roni 14  0  5  5  0  0  0  0  0  45  7  0  1  7  -7  0  0  0  0  0  0  0  0  4.21  59           245 000
27852901 Juhola Jouka 1  0  0  0  0  0  0  0  0  1  0  0  0  0  0  0  0  0  0  0  0  0  0  1.00  1           205 000
30561454 Killinen Lenni 9  4  1  5  0  0  0  0  0  12  2  0  0  5  -7  0  0  0  0  0  0  0  0  4.56  41           245 000
22024624 Kivela Niko 2  0  0  0  0  0  0  0  0  4  0  0  0  0  -2  0  0  0  0  0  0  0  0  0.00  0           190 000
31165561 Kivenmaki Otto 16  1  8  9  0  0  0  0  0  41  1  0  0  5  -8  2  0  1  2  1  0  0  0  4.69  75           250 000
22479185 Lahteenmaki Sami 14  2  3  5  0  0  0  0  0  26  6  0  0  6  -10  0  0  1  0  0  0  0  0  3.43  48           240 000
30419043 Makinen Atte 16  2  2  4  0  0  0  0  0  19  4  0  1  6  -10  2  0  0  0  0  0  0  0  2.44  39           220 000
27666320 Makinen Miro 11  1  2  3  0  0  1  0  0  8  0  34  39  4  -6  2  0  0  0  1  0  0  0  2.55  28           215 000
28731241 Pihlajamaki Valtteri 0  0  0  0  0  0  0  0  0  0  0  0  0  0  0  0  0  0  0  0  0  0  0  0  0           230 000
23039812 Rekonen Aleksi 16  2  2  4  0  0  0  0  1  35  3  64  73  6  -8  2  0  0  0  0  0  0  1  3.19  51           230 000
23181087 Salmio Mikko 16  3  7  10  0  0  1  0  0  44  12  0  0  12  -10  4  0  1  1  0  1  0  0  6.56  105           285 000
60348669 Spink Tylor 16  6  7  13  0  0  0  0  1  42  1  137  112  11  -9  20  0  0  2  1  0  0  1  8.06  129           350 000
60348671 Spink Tyson 16  6  4  10  0  0  2  0  0  49  2  0  0  11  -10  16  0  1  0  0  0  0  3  6.69  107           325 000
23441604 Tiivola Peter 16  2  4  6  0  0  0  0  0  48  4  149  131  4  -11  4  0  1  1  0  0  0  0  4.50  72           265 000
