HIFK
ID Maalivahti O M S P V H TP TO PM NP JM OR X XX XXX LPP/O LPP Arvo
34282069 Bernard Andreas 0  0  0  0  0  0  0  0  0  0  0  0  0  0  0  0  0               310 000
21406421 Engren Atte 4  0  0  0  2  1  0  85  7  0  0  0  0  1  1  6.75  27               345 000
23486067 Tuohimaa Frans 6  0  0  0  0  3  3  109  15  0  2  0  0  0  1  2.00  12               335 000
HPK
30798997 Aalto Tuomas 0  0  0  0  0  0  0  0  0  0  0  0  0  0  0  0  0               150 000
28944258 Karjalainen Antti 3  0  0  0  1  1  1  44  5  0  0  0  1  0  0  3.00  9               305 000
23035023 Reijola Rasmus 1  0  0  0  0  1  0  12  2  0  0  0  0  0  0  -1.00  -1               240 000
23684063 Voutilainen Joona 8  0  0  0  2  4  0  185  24  0  0  0  1  1  1  4.00  32               320 000
Ilves
100030776 Dostal Lukas 6  0  0  0  3  2  0  118  16  0  4  0  1  0  0  3.33  20               330 000
24546168 Kolppanen Ville 5  0  0  0  0  5  0  94  21  0  0  0  0  0  0  -2.80  -14               310 000
30117507 Makiniemi Eetu 0  0  0  0  0  0  0  0  0  0  0  0  0  0  0  0  0               235 000
Jukurit
24280631 Aho Juhana 2  0  0  0  2  0  0  42  4  0  0  0  0  0  0  7.50  15               290 000
22993098 Rajaniemi Sami 7  0  0  0  2  2  3  169  19  0  0  0  0  0  2  6.00  42               330 000
31267715 Randelin Eetu 0  0  0  0  0  0  0  0  0  0  0  0  0  0  0  0  0               225 000
JYP
24329479 Helenius Riku 1  0  0  0  0  1  0  17  5  0  0  0  0  0  0  -5.00  -5               290 000
22322342 Laurikainen Eetu 8  0  0  0  4  2  2  206  23  0  0  0  1  1  0  6.25  50               345 000
27692297 Parkkinen Niko 0  0  0  0  0  0  0  0  0  0  0  0  0  0  0  0  0               240 000
29857823 Ruusu Markus 1  0  0  0  0  1  0  22  2  0  0  0  0  0  0  3.00  3               310 000
KalPa
24555926 Kilpelainen Eero 7  0  0  0  1  3  3  128  20  0  0  0  3  0  0  2.14  15               320 000
22861900 Perhonen Samu 2  0  0  0  0  1  1  39  4  0  0  0  1  0  0  3.50  7               310 000
KooKoo
28890904 Halonen Niilo 3  0  0  0  0  1  0  24  5  0  0  0  0  0  0  -1.00  -3               290 000
100035404 Haukeland Henrik 8  0  0  0  2  3  3  143  20  1  2  0  0  3  1  4.63  37               320 000
31635062 Salminen Oskari 0  0  0  0  0  0  0  0  0  0  0  0  0  0  0  0  0               300 000
Karpat
32498965 Annunen Justus 5  0  0  0  3  0  2  120  6  2  0  0  0  2  0  14.20  71               335 000
60343378 Rybar Patrik 5  0  0  0  3  1  0  101  5  1  2  0  0  0  1  9.00  45               340 000
Lukko
27682964 Lehtinen Lassi 4  0  0  0  3  0  1  106  5  0  0  0  0  0  2  12.25  49               340 000
23249408 Setanen Oskari 5  0  1  1  2  2  1  140  9  0  0  0  0  1  1  11.20  56               335 000
Pelicans
21919594 Karhunen Tomi 7  0  0  0  2  2  3  184  16  2  0  0  1  0  3  11.00  77               355 000
29933802 Patrikainen Jasper 1  0  0  0  0  0  0  7  1  0  0  0  0  0  0  0.00  0               245 000
23468166 Tolvanen Atte 2  0  0  0  2  0  0  44  5  0  0  0  1  0  0  7.50  15               300 000
SaiPa
28628202 Kaarlehto Karolus 4  0  0  0  0  1  2  92  9  0  0  0  1  0  0  5.25  21               300 000
27843800 Westerholm Niclas 6  0  0  0  2  4  0  97  16  0  2  0  0  1  1  1.17  7               310 000
Sport
21851801 Jarvinen Mika 3  0  0  0  0  3  0  64  11  0  0  0  0  0  0  -0.33  -1               310 000
34379697 Molder Conrad 0  0  0  0  0  0  0  0  0  0  0  0  0  0  0  0  0               245 000
60348834 Steen Stefan 5  0  1  1  2  2  1  120  15  0  0  0  1  0  0  6.20  31               320 000
Tappara
60350437 Garteig Michael 4  0  2  2  4  0  0  111  3  1  0  0  1  1  2  22.00  88               340 000
21589720 Heljanko Christian 6  0  0  0  5  0  1  142  14  0  0  0  0  0  1  8.33  50               345 000
TPS
29948198 Anttila Eetu 0  0  0  0  0  0  0  0  0  0  0  0  0  0  0  0  0               230 000
25650749 Pohjanoksa Julius 2  0  0  0  0  1  0  31  2  0  0  0  0  0  0  3.00  6               300 000
23451584 Tirronen Rasmus 8  0  0  0  3  4  1  199  24  1  0  0  2  0  1  7.00  56               340 000
Assat
21296411 Aittokallio Sami 4  0  0  0  3  1  0  91  3  1  0  0  0  2  2  13.50  54               330 000
60348668 Tarasov Daniil 5  0  0  0  2  3  0  122  16  0  0  0  1  0  0  3.60  18               325 000
HIFK
ID Puolustaja O M S P AVM AVS VM TM JA L B ALV ALH + - JM OR X XX XXX KL ELP NL LPP/O LPP Arvo
24260583 Ahonen Rony 9  0  1  1  0  0  0  0  0  14  3  0  0  4  -10  25  0  0  0  0  0  0  0  0.11  1               260 000
24555256 Kankaanpera Markus 4  0  0  0  0  0  0  0  0  2  0  0  0  1  -1  2  0  0  0  0  0  0  0  1.00  4               210 000
22148966 Kousa Mikko 9  2  4  6  0  0  1  0  0  50  2  0  0  6  -9  6  0  0  0  0  0  4  1  10.00  90               415 000
22240990 Laakso Aleksi 9  0  0  0  0  0  0  0  0  41  3  0  0  1  -1  2  0  0  0  0  0  0  0  3.33  30               250 000
22474067 Lyytinen Joonas 9  0  3  3  0  0  0  0  0  38  1  0  0  3  -7  8  0  0  0  0  0  0  0  5.00  45               325 000
100025878 Motin Johan 9  0  0  0  0  0  0  0  0  27  0  0  0  1  -4  0  0  0  0  0  0  0  0  1.11  10               235 000
30692420 Ulander Elias 5  0  0  0  0  0  0  0  0  1  0  0  0  0  0  0  0  0  0  0  0  0  0  0.20  1               200 000
25357521 Varakas Ville 3  0  0  0  0  0  0  0  0  7  0  0  0  0  -1  27  0  0  0  0  0  0  0  -1.33  -4               245 000
30482177 Winberg Tobias 6  0  1  1  0  0  0  0  0  7  1  0  0  1  -4  2  0  1  0  0  0  0  0  1.50  9               215 000
HPK
23806498 Eronen Elmeri 10  2  6  8  0  0  1  0  0  38  4  0  0  4  -8  2  0  1  1  0  0  1  0  8.50  85               330 000
23837234 Friman Niklas 10  2  2  4  0  0  1  0  0  33  1  0  0  7  -7  4  0  0  0  1  1  1  0  6.90  69               300 000
21926286 Karjalainen Miro 9  0  0  0  0  0  0  0  0  10  2  0  0  4  -5  2  0  0  0  0  0  0  0  1.44  13               210 000
24786410 Laatikainen Arto 5  0  2  2  0  0  0  0  0  11  2  0  0  3  -3  27  0  0  0  0  0  0  0  3.60  18               250 000
28942315 Laavainen Roope 8  0  1  1  0  0  0  0  0  18  2  0  0  4  -5  4  0  0  0  0  0  0  0  3.00  24               230 000
30644067 Latvala Otto 10  1  0  1  0  0  0  0  0  10  1  0  0  4  -5  2  0  1  0  0  0  0  0  2.20  22               225 000
22709389 Nikkila Petteri 10  0  2  2  0  0  0  0  0  36  6  0  0  4  -11  4  0  0  0  0  0  0  0  3.00  30               345 000
22745204 Nurmikanta Nico 6  0  1  1  0  0  0  0  0  8  2  0  0  1  -6  2  0  0  0  0  0  0  0  1.17  7               215 000
27574920 Tyni Paavo 1  1  0  1  0  0  0  0  0  1  0  0  0  1  0  2  0  0  0  0  0  0  0  15.00  15               205 000
Ilves
21403877 Elorinne Aleksi 7  1  0  1  0  0  1  0  0  9  7  0  0  7  -6  4  0  0  0  1  0  0  0  5.43  38               260 000
31228178 Hatakka Santeri 2  0  0  0  0  0  0  0  0  1  0  0  0  1  -1  0  0  0  0  0  0  0  0  1.00  2               200 000
29995510 Laaksonen Oskari 9  1  2  3  0  0  0  0  0  28  1  0  0  2  -9  6  0  1  0  0  0  5  0  4.67  42               285 000
29935596 Laitamaki Elias 0  0  0  0  0  0  0  0  0  0  0  0  0  0  0  0  0  0  0  0  0  0  0  0  0               185 000
22487436 Maalahti Kalle 10  2  3  5  0  0  0  0  0  25  1  0  0  9  -11  4  0  0  0  0  2  0  0  6.60  66               325 000
29641327 Matinpalo Nikolas 5  0  0  0  0  0  0  0  0  7  1  0  0  2  -5  2  0  0  0  0  0  0  0  0.60  3               205 000
28905831 Parikka Jarkko 10  0  3  3  0  0  0  0  0  25  2  0  0  5  -8  8  0  0  0  0  1  0  0  4.50  45               255 000
22843711 Peltola Niko 10  0  3  3  0  0  0  0  0  16  2  0  0  6  -6  0  0  0  0  0  1  0  0  3.90  39               250 000
23168071 Salmela Tuomas 7  0  1  1  0  0  0  0  0  13  3  0  0  3  -4  2  0  0  0  0  0  0  0  2.86  20               225 000
32522158 Thomson Lassi 10  3  2  5  0  0  0  0  0  41  0  0  0  5  -8  4  0  1  1  0  1  1  1  7.30  73               315 000
Jukurit
24276289 Alho Aku 1  0  0  0  0  0  0  0  0  0  0  0  0  0  0  2  0  0  0  0  0  0  0  2.00  2               195 000
60346724 Galvas Jakub 9  1  6  7  0  0  0  0  0  29  2  0  0  6  -4  2  0  0  0  0  0  3  0  9.00  81               340 000
21700651 Hyvarinen Ville 2  0  0  0  0  0  0  0  0  0  1  0  0  0  0  0  0  0  0  0  0  0  0  0.50  1               205 000
21772430 Jaatinen Antti 9  0  0  0  0  0  0  0  0  11  4  0  0  6  -5  8  0  0  0  0  0  0  0  3.00  27               230 000
60346723 Jakovenko Aleksandr 9  1  2  3  0  0  1  0  0  26  2  0  0  4  -2  4  0  0  0  0  0  0  0  5.78  52               280 000
24229715 Jalonen Jimi 7  0  2  2  0  0  0  0  0  9  0  0  0  2  -2  0  0  0  0  0  0  0  0  2.71  19               215 000
28547299 Kemppainen Samuel 8  0  1  1  0  0  0  0  0  14  0  0  0  5  -5  2  0  0  0  0  1  0  0  3.00  24               225 000
31128854 Kokkonen Mikko 1  0  0  0  0  0  0  0  0  2  0  0  0  1  0  2  0  0  0  0  0  0  0  6.00  6               240 000
22891255 Piipponen Samuli 9  1  1  2  0  0  0  0  0  12  9  0  0  4  -5  8  0  0  0  1  0  0  0  4.78  43               250 000
30439447 Rindell Axel 8  2  0  2  0  0  0  0  0  30  0  0  0  4  -3  2  0  2  1  0  1  0  0  6.25  50               275 000
JYP
24182470 AllXn Roni 10  0  2  2  0  0  0  0  0  9  3  0  0  6  -8  6  0  0  0  0  0  0  0  2.90  29               230 000
28705727 Honka Anttoni 10  0  2  2  0  0  0  0  0  31  1  0  0  6  -6  2  0  1  0  0  1  2  0  4.50  45               260 000
24459695 Ikonen Ossi 0  0  0  0  0  0  0  0  0  0  0  0  0  0  0  0  0  0  0  0  0  0  0  0  0               220 000
21799484 Jokinen Jaakko 0  0  0  0  0  0  0  0  0  0  0  0  0  0  0  0  0  0  0  0  0  0  0  0  0               215 000
21892307 Kalteva Mikko 10  1  3  4  0  0  0  0  0  20  3  0  0  7  -6  8  0  1  0  0  3  0  0  6.60  66               330 000
24715452 Lindroos Alex 10  0  1  1  0  0  0  0  0  11  2  0  0  2  -1  2  0  0  0  0  0  0  0  2.10  21               225 000
24868147 Maenpaa Mikko 10  2  3  5  0  0  0  0  0  30  1  0  0  13  -6  8  0  0  0  0  0  1  0  9.20  92               390 000
23557763 Vainio Juuso 9  2  2  4  0  0  0  0  0  25  2  0  0  9  -4  4  0  1  0  0  0  0  0  7.67  69               305 000
27776197 Viinikainen Joonas 1  0  0  0  0  0  0  0  0  1  0  0  0  0  0  0  0  0  0  0  0  0  0  1.00  1               195 000
32645093 Viinikainen Olli-Petteri 9  0  1  1  0  0  0  0  0  7  1  0  0  5  -7  0  0  0  0  0  0  0  0  1.44  13               210 000
KalPa
24324348 Grondahl Ari 6  0  0  0  0  0  0  0  0  19  2  0  0  1  -5  8  0  0  0  0  1  0  0  2.50  15               245 000
21685718 Huttunen Otto 2  0  0  0  0  0  0  0  0  2  1  0  0  2  -2  0  0  0  0  0  0  0  0  2.50  5               210 000
24725109 Lappalainen Lasse 9  1  4  5  0  0  0  1  0  42  4  0  0  4  -2  10  0  1  1  0  2  0  0  9.44  85               365 000
31046431 Nousiainen Kim 9  1  1  2  0  0  0  0  0  27  1  0  0  5  -5  2  0  1  1  0  0  2  0  5.00  45               255 000
22808510 Parikka Valtteri 4  1  0  1  0  0  0  0  0  11  0  0  0  4  -3  4  0  0  0  0  0  0  0  6.25  25               270 000
30951530 Riekkinen Joona 0  0  0  0  0  0  0  0  0  0  0  0  0  0  0  0  0  0  0  0  0  0  0  0  0               200 000
23242492 Seppala Mikael 9  1  0  1  0  0  0  0  0  21  6  0  0  6  -3  6  0  0  0  0  0  0  2  5.44  49               265 000
25517031 Timonen Jussi 7  0  1  1  0  0  0  0  0  12  0  0  0  3  -6  6  0  0  0  0  0  0  0  2.43  17               235 000
100030506 Wilson Ryan 9  0  2  2  0  0  0  0  0  28  1  0  0  4  -9  2  0  0  0  0  0  2  0  3.22  29               240 000
KooKoo
29587960 Berger Martin 6  0  0  0  0  0  0  0  0  13  0  0  0  2  -4  41  0  0  0  0  0  0  0  -0.17  -1               220 000
40339220 Bonsaksen Alexander 9  0  1  1  0  0  0  0  0  26  7  0  0  3  -6  12  0  1  0  0  1  0  0  4.33  39               245 000
60342512 Caito Matthew 9  0  4  4  0  0  0  0  0  43  1  0  0  9  -5  4  0  0  0  0  4  6  1  10.11  91               370 000
22510552 Manninen Oskari 9  1  0  1  0  0  0  0  1  21  1  0  0  4  -8  4  0  0  0  0  0  0  0  2.89  26               250 000
25042564 Pelli Arttu 9  1  1  2  0  0  0  0  0  39  1  0  0  2  -4  2  0  0  0  0  0  0  0  4.22  38               240 000
28273262 Rautanen Juho 6  0  0  0  0  0  0  0  0  5  1  0  0  0  -7  0  0  0  0  0  0  0  0  -1.50  -9               200 000
30870187 Salmela Santeri 0  0  0  0  0  0  0  0  0  0  0  0  0  0  0  0  0  0  0  0  0  0  0  0  0               180 000
32033595 Seppala Peetro 9  1  3  4  0  0  0  0  0  19  0  0  0  7  -6  4  0  0  1  1  0  0  0  6.33  57               265 000
23576346 Valtola Kalle 2  0  1  1  0  0  0  0  0  1  0  0  0  0  0  0  0  0  0  0  0  0  0  3.50  7               225 000
Karpat
60342557 Bystrom Ludwig 9  0  1  1  0  0  0  0  0  8  0  0  0  5  -6  2  0  0  0  0  1  0  0  2.22  20               280 000
40428666 Heshka Shaun 9  2  4  6  0  0  0  0  1  35  0  0  0  10  -5  4  0  0  0  1  1  0  0  10.56  95               420 000
24353539 Huttula Joona 5  0  0  0  0  0  0  0  0  7  0  0  0  2  -1  2  0  0  0  0  0  0  0  2.00  10               215 000
60342562 Krejcik Jakub 9  0  5  5  0  0  0  0  0  32  0  0  0  13  -3  8  0  0  0  0  2  5  0  11.44  103               430 000
40312846 Kukkonen Lasse 9  0  0  0  0  0  0  0  0  12  2  0  0  2  -1  6  0  0  0  0  0  0  0  2.11  19               235 000
24825038 Makela Aleksi 6  0  0  0  0  0  0  0  0  12  3  0  0  2  -3  4  0  0  0  0  0  0  0  2.50  15               230 000
22679723 Niemela Mikko 9  1  2  3  0  0  0  1  0  15  9  0  0  10  -2  0  0  0  0  0  0  0  0  7.22  65               295 000
31555838 Niemela Topi 7  1  1  2  0  0  1  0  0  22  0  0  0  2  0  0  0  2  0  0  0  0  0  5.43  38               245 000
29679441 Ronkainen Taneli 0  0  0  0  0  0  0  0  0  0  0  0  0  0  0  0  0  0  0  0  0  0  0  0  0               210 000
Lukko
32058428 Heinola Ville 0  0  0  0  0  0  0  0  0  0  0  0  0  0  0  0  0  0  0  0  0  0  0  0  0               287 000
60348405 Klok Lukas 9  0  2  2  0  0  0  0  0  19  7  0  0  8  -4  8  0  0  0  0  0  0  0  5.78  52               275 000
31585390 Kukkonen Miska 5  0  0  0  0  0  0  0  0  7  2  0  0  4  -2  4  0  0  0  0  0  0  0  3.60  18               225 000
29650046 Laitinen Vili 0  0  0  0  0  0  0  0  0  0  0  0  0  0  0  0  0  0  0  0  0  0  0  0  0               215 000
60348440 Nemecek David 6  0  0  0  0  0  0  0  0  12  1  0  0  1  -1  18  0  0  0  0  0  0  0  2.17  13               230 000
30932931 Palojarvi Antti 5  0  0  0  0  0  0  0  0  7  1  0  0  2  0  0  0  0  0  0  0  0  0  2.40  12               200 000
60348444 Press Robin 9  1  5  6  0  0  1  0  0  28  2  0  0  5  -4  0  0  0  2  0  0  1  0  8.11  73               345 000
29948541 Reunanen Tarmo 2  0  1  1  0  0  0  0  0  11  2  0  0  3  -2  0  0  0  0  0  2  1  0  12.50  25               410 000
24177003 Sevanen Roni 9  0  1  1  0  0  0  0  0  10  5  0  0  2  -4  0  0  0  0  0  0  1  0  2.11  19               240 000
25381270 Vainio Olli 9  0  0  0  0  0  0  0  0  22  6  0  0  5  -4  6  0  0  0  0  0  0  0  3.44  31               235 000
Pelicans
30136368 Ek Aleksi 0  0  0  0  0  0  0  0  0  0  0  0  0  0  0  0  0  0  0  0  0  0  0  0  0               200 000
24494485 Jaakola Topi 8  1  2  3  0  0  0  0  0  22  7  0  0  3  -6  0  0  0  0  0  1  1  0  5.00  40               275 000
24509817 Jurgens Casimir 7  1  2  3  0  0  0  0  0  13  3  0  0  6  -5  0  0  0  0  0  0  0  0  5.57  39               290 000
29933776 Kinnunen Santtu 5  0  0  0  0  0  0  0  0  14  0  0  0  1  -2  0  0  0  0  0  0  0  0  1.60  8               225 000
60348370 Pietroniro Matteo 6  0  1  1  0  0  0  0  0  7  4  0  0  4  -4  27  0  0  0  0  0  0  0  1.83  11               220 000
28949855 Pynnonen Jarkko 8  1  0  1  0  0  0  0  0  8  6  0  0  4  -2  0  0  0  0  0  0  0  0  3.50  28               240 000
100040219 Shchemerov Alexsandr 9  1  1  2  0  0  0  0  0  32  5  1  0  7  -6  2  0  0  0  0  1  2  0  6.00  54               265 000
23424825 Teppo Miihkali 9  0  0  0  0  0  0  0  0  11  2  0  0  2  -5  4  0  0  0  0  0  0  0  1.00  9               215 000
60362442 Vorobei Pavel 9  1  2  3  0  0  0  0  0  37  2  0  0  11  -7  6  0  0  0  0  4  1  0  8.78  79               355 000
SaiPa
40005621 Airola Santeri 2  0  0  0  0  0  0  0  0  5  0  0  0  1  -3  0  0  0  0  0  0  0  0  0.00  0               200 000
24270214 Autio Erik 8  0  1  1  0  0  0  0  0  23  0  0  0  6  -7  2  0  0  0  0  0  1  1  3.63  29               260 000
60348446 Grman Mario 8  0  0  0  0  0  0  0  0  13  4  0  0  6  -7  4  0  0  0  0  0  0  0  2.50  20               235 000
22064150 Kojo Markus 9  0  2  2  0  0  0  0  0  11  3  0  0  1  -3  14  0  0  0  0  0  0  0  2.00  18               225 000
25091997 Riikola Simo-Pekka 7  0  0  0  0  0  0  0  0  4  3  0  0  2  -1  14  0  0  0  0  0  0  0  1.29  9               220 000
28891819 Salo Robin 9  0  2  2  0  0  0  0  0  32  4  0  0  4  -6  4  0  0  0  1  0  2  0  5.00  45               285 000
23241406 Seppala Jere 7  0  1  1  0  0  0  0  0  5  3  0  1  4  -2  4  0  0  0  0  0  0  0  3.43  24               245 000
25543115 Sneck Jere 5  0  1  1  0  0  0  0  0  12  3  1  0  2  -4  2  0  0  0  0  0  0  0  3.40  17               240 000
30033458 Torikka Kasperi 0  0  0  0  0  0  0  0  0  0  0  0  0  0  0  0  0  0  0  0  0  0  0  0  0               195 000
28842826 Vainio Veeti 6  0  2  2  0  0  0  0  0  25  0  1  1  1  -2  10  0  0  0  0  2  0  0  6.67  40               295 000
Sport
60348460 Geiger Paul 8  2  1  3  0  0  0  0  0  13  2  0  0  7  -3  2  0  0  1  0  0  0  0  6.75  54               295 000
22675468 Nevalainen Niklas 8  0  2  2  0  0  0  0  0  19  1  0  0  6  -9  10  0  0  0  0  0  0  0  4.38  35               245 000
40277186 Seigo Steven 8  1  3  4  0  0  0  0  0  34  3  0  0  4  -11  27  0  1  1  1  1  1  0  5.38  43               280 000
23470251 Tommila Juho 5  0  2  2  0  0  0  0  0  9  1  0  0  5  -4  0  0  0  0  0  0  0  0  5.00  25               240 000
23485961 Tuohilampi Kristian 6  0  0  0  0  0  0  0  0  10  1  0  0  2  -3  4  0  0  0  0  0  0  0  1.83  11               220 000
25334515 Viljanen Valtteri 8  1  4  5  0  0  1  0  0  30  3  0  0  6  -3  0  0  0  1  0  0  0  0  8.63  69               335 000
23620535 Westermarck Victor 8  0  1  1  0  0  0  0  0  16  1  0  0  2  -4  0  0  0  0  0  0  0  0  1.75  14               225 000
60348466 Wilson Jared 5  0  0  0  0  0  0  0  0  3  1  0  0  0  -2  6  0  0  0  0  0  0  0  1.00  5               215 000
23805761 Ylitalo Eemeli 0  0  0  0  0  0  0  0  0  0  0  0  0  0  0  0  0  0  0  0  0  0  0  0  0               195 000
Tappara
40371281 Blood Ben 10  0  0  0  0  0  0  0  0  22  2  0  0  9  -4  4  0  0  0  0  0  0  0  3.80  38               265 000
100026176 Has Hugo 0  0  0  0  0  0  0  0  0  0  0  0  0  0  0  0  0  0  0  0  0  0  0  0  0               205 000
21974869 Kemilainen Valtteri 10  1  10  11  0  0  0  1  0  40  2  0  0  11  -3  10  0  0  1  0  3  0  1  14.20  142               445 000
24884833 Mantyla Tuukka 10  0  1  1  0  0  0  0  0  13  3  0  0  9  -1  4  0  0  0  0  1  0  0  4.90  49               260 000
24127529 Rouhiainen Jere 10  0  2  2  0  0  0  0  0  10  1  0  0  8  -2  2  0  0  0  0  0  0  0  4.20  42               240 000
23334106 Suhonen Teemu 10  1  1  2  0  0  0  0  0  42  0  0  0  9  -3  0  0  0  0  0  0  0  0  6.00  60               365 000
30738423 Utunen Toni 0  0  0  0  0  0  0  0  0  0  0  0  0  0  0  0  0  0  0  0  0  0  0  0  0               220 000
23680559 Vittasmaki Veli-Matti 10  0  6  6  0  1  0  0  0  8  2  0  0  12  -2  2  0  0  0  0  0  0  0  8.10  81               350 000
32604513 Wehmas Jeremi 0  0  0  0  0  0  0  0  0  0  0  0  0  0  0  0  0  0  0  0  0  0  0  0  0               200 000
60350439 Ytterell Alexander 10  1  0  1  0  0  1  0  0  16  2  0  0  10  -2  4  0  0  0  0  1  0  0  5.50  55               285 000
TPS
29934157 Anttalainen Aleksi 9  0  0  0  0  0  0  0  0  15  4  0  0  3  -6  10  0  0  0  0  0  0  0  2.22  20               225 000
24318448 Forsstrom Jani 6  0  0  0  0  0  0  0  0  6  3  1  0  0  -2  2  0  0  0  0  0  0  0  1.00  6               220 000
31765398 Kaskinen Olli 6  0  0  0  0  0  0  0  0  8  2  0  0  1  -1  0  0  0  0  0  0  0  0  1.33  8               210 000
60347522 Larsson Henrik 9  1  2  3  0  0  0  0  0  30  0  0  0  7  -8  0  0  2  0  0  2  1  0  5.78  52               330 000
22452814 Lukka Santeri 7  1  1  2  0  0  1  0  0  22  5  0  0  2  -3  10  0  0  0  0  0  1  0  6.57  46               325 000
100029133 Piskula Joseph 2  0  0  0  0  0  0  0  0  2  1  0  0  1  -2  0  0  0  0  0  0  0  0  0.50  1               230 000
24190598 Salonen Aleksi 9  0  2  2  0  0  0  0  0  16  1  0  0  4  -5  12  0  0  0  0  0  0  0  4.22  38               290 000
24223973 Sund Tony 6  0  0  0  0  0  0  0  0  24  0  0  0  1  -3  2  0  0  0  0  0  2  0  2.83  17               360 000
60347523 Windlert Filip 8  1  2  3  0  0  1  0  0  20  3  0  0  6  -5  0  0  0  0  0  0  0  0  5.75  46               310 000
Assat
31848134 Ketola Juuso 0  0  0  0  0  0  0  0  0  0  0  0  0  0  0  0  0  0  0  0  0  0  0  0  0               180 000
24820363 Marttinen Jyri 7  0  0  0  0  0  0  0  0  14  1  1  0  2  -2  4  0  0  0  0  0  0  0  2.43  17               255 000
30984675 Matinmikko Aleksi 0  0  0  0  0  0  0  0  0  0  0  0  0  0  0  0  0  0  0  0  0  0  0  0  0               160 000
31209498 Niemelainen Markus 9  0  0  0  0  0  0  0  0  11  7  0  0  2  -6  6  0  0  0  0  1  0  0  1.56  14               225 000
29782985 Peltomaki Niklas 2  1  0  1  0  0  0  0  0  3  1  0  0  2  -1  0  0  0  0  0  1  0  0  9.00  18               215 000
23167645 Salmela Saku 9  0  1  1  0  0  0  0  0  10  0  0  0  4  -5  2  0  0  0  0  0  0  0  1.78  16               220 000
60351426 Stenqvist Jakob 9  0  1  1  0  0  0  0  0  17  0  0  0  2  -1  0  0  0  0  0  0  0  0  2.44  22               260 000
23384884 Taimi Tommi 9  0  4  4  0  0  0  0  0  43  3  0  0  5  -5  2  0  0  0  0  0  0  0  6.33  57               325 000
24177621 Varttinen Aleksi 6  1  0  1  0  0  0  0  0  6  1  1  1  4  -2  2  0  1  0  0  0  0  0  4.17  25               245 000
28504481 Vuorisalo Teemu 4  0  2  2  0  0  0  0  0  4  2  0  0  4  -1  8  0  0  0  0  0  0  0  8.50  34               230 000
60351425 Akerstrom Simon 8  0  1  1  0  0  0  0  0  20  2  0  0  5  -4  2  0  0  0  0  1  0  0  3.88  31               265 000
HIFK
ID Hyokkaaja O M S P AVM AVS VM TM JA L B ALV ALH + - JM OR X XX XXX KL ELP NL LPP/O LPP Arvo
28019536 And Terry 0  0  0  0  0  0  0  0  0  0  0  0  0  0  0  0  0  0  0  0  0  0  0  0  0           200 000
60347997 Dyk Sebastian 9  2  3  5  0  0  0  0  0  48  0  1  0  1  -7  0  0  0  1  0  0  0  0  5.33  48           315 000
29695519 Engberg Teemu 0  0  0  0  0  0  0  0  0  0  0  0  0  0  0  0  0  0  0  0  0  0  0  0  0           210 000
30731093 Hamalainen Janne 0  0  0  0  0  0  0  0  0  0  0  0  0  0  0  0  0  0  0  0  0  0  0  0  0           195 000
30345845 Jaaska Juha 9  1  3  4  0  0  0  0  0  31  1  32  21  3  -4  4  0  0  0  0  0  0  1  5.44  49           265 000
24650025 Kangasniemi Iikka 9  1  2  3  0  0  0  0  0  20  0  0  0  4  -5  0  0  0  1  0  0  0  1  3.67  33           365 000
24555418 Keranen Juho 9  0  1  1  0  0  0  0  0  11  3  22  33  1  -3  2  0  0  0  0  0  0  1  1.44  13           220 000
34367447 Lambert Brad 0  0  0  0  0  0  0  0  0  0  0  0  0  0  0  0  0  0  0  0  0  0  0  0  0           165 000
31261902 Lundell Anton 8  3  1  4  0  0  0  0  1  35  0  64  52  4  -3  2  0  0  1  0  0  0  0  7.13  57           310 000
31425081 Myllyla Wiljami 0  0  0  0  0  0  0  0  0  0  0  0  0  0  0  0  0  0  0  0  0  0  0  0  0           175 000
29615777 Nordgren Niklas 0  0  0  0  0  0  0  0  0  0  0  0  0  0  0  0  0  0  0  0  0  0  0  0  0           235 000
22756329 Nykopp Thomas 7  1  0  1  1  0  0  0  0  12  2  33  29  1  -3  2  0  0  0  0  0  0  0  3.14  22           230 000
27752328 Paajanen Otto 8  1  2  3  0  0  0  0  0  19  1  78  77  2  -7  2  0  1  0  0  0  0  0  3.63  29           320 000
25012824 Petrell Lennart 9  0  0  0  0  0  0  0  0  16  1  1  0  0  -4  4  0  0  0  0  0  0  1  1.56  14           230 000
25630280 Saarinen Jesse 9  0  6  6  0  0  0  0  0  45  0  0  0  1  -6  0  0  0  0  0  3  0  0  5.67  51           325 000
23165391 Sallinen Jere 9  2  0  2  0  0  1  0  0  42  0  34  44  3  -7  2  0  0  0  1  1  0  0  4.44  40           280 000
23394612 Tallberg Teemu 6  0  0  0  0  0  0  0  0  10  1  0  0  2  -2  0  0  0  0  0  0  0  0  1.50  9           225 000
25506929 Turunen Teemu 9  4  2  6  0  0  0  1  0  45  3  1  0  3  -6  2  0  1  1  0  0  0  0  7.22  65           385 000
23793763 Asten Micke-Max 7  0  1  1  0  1  0  0  0  11  2  2  9  1  -2  0  0  0  0  0  0  0  0  1.57  11           215 000
HPK
40432221 Cornet Philippe 10  3  4  7  0  0  0  0  0  32  5  0  0  8  -6  0  0  0  0  0  0  0  0  6.70  67           335 000
29690417 Innala Jere 10  2  1  3  0  0  1  0  0  30  1  1  0  4  -6  0  0  1  0  0  0  1  0  4.10  41           300 000
30013562 Jokinen Jere 2  0  0  0  0  0  0  0  0  0  1  0  0  0  0  0  0  0  0  0  0  0  0  0.50  1           190 000
27775017 Kanninen Henri 10  1  1  2  0  0  0  0  0  19  1  22  21  4  -5  0  0  0  0  0  0  0  0  2.60  26           225 000
33388168 Kombe Kristjan 9  0  1  1  0  0  0  0  0  3  0  0  0  1  -5  2  0  1  0  0  0  0  0  0.78  7           195 000
40432227 Krivosik Filip 10  4  3  7  0  0  0  1  0  28  1  0  1  6  -6  4  0  0  1  1  1  0  0  7.10  71           275 000
100027950 Kunyk Cody 10  2  9  11  0  0  0  0  0  27  1  98  96  5  -5  4  0  0  0  1  0  0  0  7.80  78           355 000
24769356 Lahtela Mikko 9  0  0  0  0  0  0  0  0  16  4  48  41  3  -4  0  0  0  0  0  0  0  1  2.11  19           225 000
22450515 Lucenius Niclas 7  1  1  2  0  0  0  0  0  9  0  62  37  2  -5  0  0  0  0  0  0  0  0  3.29  23           280 000
24876676 Monto Joona 0  0  0  0  0  0  0  0  0  0  0  0  0  0  0  0  0  0  0  0  0  0  0  0  0           220 000
22671530 Nenonen Markus 3  0  0  0  0  0  0  0  0  9  0  0  0  0  -2  0  0  0  0  0  0  0  0  1.00  3           330 000
29859533 Puustinen Valtteri 10  4  7  11  0  0  0  0  0  43  1  0  0  7  -9  2  0  0  1  1  1  0  0  9.10  91           370 000
23097498 Ruokonen Miro 9  2  0  2  0  0  0  0  0  10  2  0  0  2  -4  2  0  0  0  0  0  0  1  2.89  26           220 000
30013384 Seppala Erkka 1  0  0  0  0  0  0  0  0  1  0  0  0  0  -1  4  0  0  0  0  0  0  0  4.00  4           200 000
23418213 Tavi Janne 10  0  1  1  0  0  0  0  0  20  2  0  0  4  -8  4  0  0  1  0  0  0  0  2.50  25           240 000
28506900 Tikka Tommi 10  1  3  4  0  0  0  0  0  9  4  85  78  4  -8  6  0  0  0  0  0  0  1  3.80  38           245 000
Ilves
21288241 Ahopelto Erik 4  0  1  1  0  0  0  0  0  3  1  13  17  2  -1  2  0  0  0  0  0  0  0  2.75  11           200 000
29446865 Antonen Joose 10  4  5  9  0  0  0  0  0  33  1  0  0  7  -3  0  0  0  0  0  0  0  0  7.50  75           340 000
29870486 Haapanen Topias 9  1  0  1  0  0  0  0  0  5  1  0  0  3  -8  0  0  0  0  0  0  0  0  1.00  9           210 000
24464062 Ikonen Jasse 10  0  3  3  0  0  0  0  0  10  2  5  10  4  -12  6  0  0  0  0  0  0  0  2.10  21           225 000
29028513 Ikonen Joona 10  1  2  3  0  0  0  0  0  24  3  0  0  4  -7  2  0  0  0  0  1  0  2  4.10  41           245 000
32464892 Jarventie Roby 0  0  0  0  0  0  0  0  0  0  0  0  0  0  0  0  0  0  0  0  0  0  0  0  0           165 000
22366599 Leino Robert 10  3  7  10  1  0  1  0  0  27  1  127  98  8  -5  6  0  0  0  2  0  0  1  10.20  102           370 000
28730556 Lepaus Teemu 9  2  2  4  0  0  0  0  0  29  0  5  5  7  -4  2  0  1  0  0  0  0  0  5.44  49           290 000
30735248 Maccelli Matias 6  2  5  7  0  0  1  0  0  19  0  0  0  3  -1  0  0  1  0  0  0  0  1  9.00  54           285 000
24880895 Mieho Panu 10  0  3  3  0  0  0  0  0  12  2  35  55  3  -9  6  0  0  0  0  0  0  0  1.80  18           220 000
31905381 Nalli Miro 0  0  0  0  0  0  0  0  0  0  0  0  0  0  0  0  0  0  0  0  0  0  0  0  0           170 000
31803661 Pakkila Eetu 7  1  0  1  0  0  0  0  0  16  0  0  0  1  -12  0  0  0  1  0  0  0  0  1.14  8           205 000
23029644 Rautiainen Teemu 10  1  4  5  0  0  0  0  0  29  0  0  0  3  -6  0  0  0  0  0  0  0  0  3.90  39           315 000
25153974 Ruotsalainen Arttu 5  1  4  5  0  0  0  0  0  13  0  47  47  4  -8  0  0  0  1  0  0  1  0  6.60  33           390 000
30687613 Saarela Antti 3  1  1  2  0  0  0  0  0  7  0  18  19  2  -1  0  0  0  0  0  0  0  0  5.67  17           235 000
23351053 Suomi Eemeli 10  7  1  8  0  0  0  0  0  37  1  18  17  7  -5  6  0  0  2  0  0  1  0  8.90  89           375 000
30039025 Vainionpaa Samuli 7  2  0  2  0  0  0  0  0  10  1  25  38  2  -5  8  0  0  0  0  0  0  0  3.00  21           215 000
Jukurit
60380455 Dzierkals Martins 6  0  3  3  0  0  0  0  0  13  0  0  0  3  -2  2  0  0  0  0  0  0  0  4.33  26           250 000
21600081 Henritius Teemu 8  2  1  3  0  0  1  0  0  10  1  67  65  7  -3  0  0  0  1  0  0  0  0  4.88  39           255 000
21659838 Hotakainen Valtteri 6  0  1  1  0  0  0  0  0  2  0  23  26  1  -2  2  0  0  0  0  0  0  0  1.00  6           210 000
30851669 Huttunen Heikki 0  0  0  0  0  0  0  0  0  0  0  0  0  0  0  0  0  0  0  0  0  0  0  0  0           190 000
21888612 Kalliola Joonas 5  0  0  0  0  0  0  0  0  7  4  0  0  1  -2  0  0  0  0  0  0  0  0  1.60  8           215 000
24174051 Leskinen Ville 9  2  2  4  0  0  0  0  0  43  1  0  0  5  -3  4  0  0  1  0  1  0  3  7.22  65           320 000
30712591 Nikkanen Henri 0  0  0  0  0  0  0  0  0  0  0  0  0  0  0  0  0  0  0  0  0  0  0  0  0           220 000
22815419 Partanen Mika 8  1  1  2  0  0  0  0  0  41  2  0  1  4  -2  4  0  0  0  0  2  0  0  5.88  47           280 000
100028135 Pereskokov Vadim 9  2  3  5  0  0  0  0  0  25  3  0  0  2  -4  2  0  0  1  0  0  0  1  5.33  48           270 000
22895620 Piitulainen Jesper 7  3  2  5  0  0  0  0  0  26  0  0  0  6  -3  0  0  0  0  1  0  0  0  7.57  53           315 000
25116623 Ritamaki Janne 9  1  2  3  0  0  0  0  0  17  2  0  0  3  -2  2  0  0  0  0  0  0  0  3.78  34           235 000
23075106 Roine Miika 9  3  3  6  0  0  1  0  0  18  11  1  3  5  -4  2  0  1  0  0  0  0  0  6.33  57           300 000
60346719 Sarault Charles 9  1  0  1  0  0  0  0  0  17  2  15  26  3  -4  4  0  0  0  0  0  0  1  2.33  21           230 000
31854445 Tanus Kristian 7  0  3  3  0  0  0  0  0  15  0  42  62  3  -3  2  0  1  0  0  0  0  0  3.14  22           245 000
23702275 Vahatalo Julius 8  1  3  4  0  0  1  0  0  8  3  51  74  1  -2  2  0  0  1  0  0  0  0  3.25  26           245 000
60346721 Weigel Fredric 8  2  1  3  0  0  0  1  0  6  1  38  56  4  -4  6  0  0  0  0  0  0  0  3.13  25           240 000
JYP
24415613 Hytonen Juha-Pekka 10  1  2  3  0  0  0  0  0  16  1  75  74  5  -4  4  0  0  0  0  0  0  0  3.60  36           250 000
24466950 Immonen Jarkko 10  4  3  7  0  0  0  0  0  50  1  128  84  7  -6  4  0  0  0  1  2  0  2  10.10  101           410 000
30575699 Kalajanniska Oskari 8  1  0  1  0  0  0  0  0  12  0  0  0  1  -3  0  0  0  0  0  0  0  0  1.63  13           205 000
24811398 Louhivaara Ossi 10  2  3  5  0  0  0  0  0  20  2  0  0  7  -4  0  0  0  0  0  0  0  0  4.90  49           265 000
24190336 Nattinen Julius 9  6  5  11  0  0  3  0  0  26  1  2  4  10  -6  0  0  0  2  1  0  0  0  10.89  98           385 000
27900714 Palmu Petrus 1  2  2  4  0  0  0  0  0  2  1  0  0  3  0  0  0  0  0  1  0  0  0  31.00  31           395 000
28967947 Ratinen Samuli 10  0  1  1  0  0  0  0  0  22  0  0  0  2  -5  0  0  0  0  0  0  0  3  2.30  23           220 000
33373610 Rooba Robert 10  1  4  5  0  0  0  0  0  38  3  0  0  4  -4  4  0  0  0  0  0  0  0  5.50  55           280 000
25130683 Rutanen Aleksi 4  0  0  0  0  0  0  0  0  5  0  0  0  0  -1  0  0  0  0  0  0  0  0  0.75  3           195 000
29937251 Siikanen Patrik 6  0  1  1  0  0  0  0  0  7  2  22  30  2  -2  2  0  0  0  0  0  0  0  1.83  11           200 000
27355408 Siikonen Miska 10  3  4  7  0  0  1  0  0  22  4  92  90  9  -7  10  0  1  0  1  0  0  0  7.60  76           340 000
28948856 Straka Anton 6  1  0  1  0  0  0  0  0  7  0  7  10  3  -1  2  0  0  0  0  0  0  0  2.67  16           215 000
23505155 Tuppurainen Jani 10  1  4  5  0  0  0  0  0  32  2  0  0  6  -7  4  0  0  0  0  0  0  2  5.60  56           305 000
27647886 Turkulainen Jerry 10  3  5  8  0  0  0  0  0  23  1  1  0  8  -4  2  0  0  1  0  0  1  0  7.30  73           345 000
KalPa
40291921 Aaltonen Leevi 7  0  1  1  0  0  0  0  0  18  0  0  0  2  -4  0  0  0  0  0  0  0  0  2.00  14           210 000
29554508 Ikonen Joni 0  0  0  0  0  0  0  0  0  0  0  0  0  0  0  0  0  0  0  0  0  0  0  0  0           255 000
21804861 Jokinen Tommi 9  1  0  1  0  0  0  1  0  16  1  3  2  2  -5  2  0  0  0  0  0  0  0  2.11  19           260 000
30010662 Juusola Mikko 0  0  0  0  0  0  0  0  0  0  0  0  0  0  0  0  0  0  0  0  0  0  0  0  0           185 000
21851458 Jarvinen Matti 9  2  3  5  0  0  0  0  0  20  0  99  101  5  -4  0  0  0  0  0  0  4  0  5.78  52           285 000
28576383 Kantola Kai 9  2  4  6  0  0  0  0  0  25  3  0  11  7  -6  0  0  0  0  0  0  0  0  5.11  46           270 000
21983012 Keranen Janne 9  1  2  3  0  0  1  0  0  25  1  0  0  4  -3  0  0  0  0  1  0  0  1  4.67  42           310 000
27471447 Klemetti Aleksi 9  3  3  6  0  0  0  0  0  23  1  0  0  8  -3  4  0  0  0  2  0  0  0  7.67  69           300 000
28570745 Knuutinen Henri 5  0  1  1  0  0  0  0  0  5  0  0  0  1  -2  0  0  0  0  0  0  0  0  1.60  8           205 000
24226640 Kononen Juuso 6  0  0  0  0  0  0  0  0  4  0  0  0  0  -1  4  0  0  0  0  0  0  0  1.00  6           200 000
22750794 Nuutinen Mikko 9  0  4  4  0  0  0  0  0  29  1  1  0  3  -3  2  0  0  0  0  0  0  0  4.33  39           235 000
25057054 Pitkanen Miikka 9  4  4  8  0  0  0  1  1  34  0  37  37  6  -7  6  0  0  0  1  0  0  0  8.56  77           355 000
60224611 Rantaeskola Julius 1  0  0  0  0  0  0  0  0  0  0  0  0  0  0  0  0  0  0  0  0  0  0  0.00  0           195 000
25663901 Ruuttu Alexander 9  2  0  2  0  0  1  0  0  31  1  15  16  3  -7  4  0  0  0  0  0  0  0  3.67  33           305 000
34250949 Sebok Balazs 9  1  4  5  0  0  0  0  0  14  0  54  54  3  -5  2  0  0  0  0  0  0  2  4.11  37           250 000
25345944 Vartiainen Tuomas 6  0  1  1  0  0  1  0  0  18  1  0  0  1  -2  2  0  0  0  0  0  0  0  3.17  19           230 000
24206929 Virtanen Mikko 9  0  1  1  0  0  0  0  0  12  3  44  41  2  -3  2  0  0  0  0  0  0  0  2.00  18           220 000
KooKoo
60342510 Bucek Samuel 5  0  1  1  0  0  0  0  0  7  0  1  1  0  -1  0  0  0  0  0  0  0  0  1.40  7           210 000
21440937 Friberg Jere 6  0  1  1  0  0  0  0  0  5  1  28  21  1  0  2  0  0  0  0  0  0  0  2.50  15           220 000
60342516 Gallo Vilmos 9  2  3  5  0  0  0  0  0  30  2  0  0  7  -8  16  0  0  0  0  0  0  0  5.56  50           280 000
24451091 Haataja Juha-Pekka 9  2  5  7  0  0  0  1  0  32  0  0  0  4  -8  4  0  1  0  0  0  0  0  6.33  57           335 000
21499603 Hakulinen Anrei 9  3  1  4  0  0  1  0  0  33  0  1  0  3  -10  10  0  2  0  0  0  0  1  6.11  55           345 000
21802135 Jokinen Markus 9  0  2  2  0  1  0  0  0  10  2  0  0  2  -1  0  0  0  0  0  0  0  0  2.44  22           215 000
100033523 Karlsson Erik 4  0  0  0  0  0  0  0  0  9  0  15  20  1  -1  4  0  0  0  0  0  0  0  2.50  10           220 000
22051338 Koivisto Kimi 9  2  0  2  1  0  0  0  0  27  0  26  35  2  -4  4  0  0  0  0  0  0  0  3.67  33           250 000
30417647 Korhonen Olli 0  0  0  0  0  0  0  0  0  0  0  0  0  0  0  0  0  0  0  0  0  0  0  0  0           200 000
24680943 Kahkonen Toni 2  0  0  0  0  0  0  0  0  8  0  2  3  0  -1  0  0  1  0  0  1  0  0  3.50  7           310 000
60342514 Mingoia Trevor 9  4  3  7  0  0  2  0  0  35  0  7  13  8  -10  0  0  0  0  1  0  0  0  7.00  63           330 000
40172010 Oden Joonas 9  0  1  1  0  0  0  0  0  19  0  0  0  1  -2  2  0  0  0  0  0  1  2  2.56  23           225 000
24962616 Ojantakanen Kasperi 6  0  0  0  0  0  0  0  0  5  0  16  24  0  -3  2  0  0  0  0  0  0  0  -0.33  -2           210 000
60348367 Platzer Kyle 8  0  3  3  0  0  0  0  0  23  0  53  45  4  -7  0  0  0  0  0  0  0  0  3.63  29           235 000
23330074 Stromberg Kim 9  1  4  5  0  0  0  0  0  32  0  108  107  5  -8  31  0  0  0  0  0  0  0  4.56  41           270 000
24153195 Suuronen Toni 9  2  1  3  0  0  0  0  0  20  1  1  2  3  -2  0  0  0  0  0  0  0  0  3.67  33           230 000
25494471 Tamminen Sami 0  0  0  0  0  0  0  0  0  0  0  0  0  0  0  0  0  0  0  0  0  0  0  0  0           190 000
Karpat
21330445 Anttila Sami 6  1  0  1  0  0  0  0  0  9  0  1  0  1  -2  0  0  0  0  0  1  0  0  2.67  16           240 000
24406130 Hermonen Julius 5  0  4  4  0  0  0  0  0  6  0  0  1  6  -2  0  0  0  0  0  0  0  0  5.80  29           235 000
21673131 Humaloja Miska 2  0  0  0  0  0  0  0  0  1  0  2  4  0  0  2  0  0  0  0  0  0  0  1.00  2           220 000
24474272 Jokinen Jussi 5  0  3  3  0  0  0  0  0  14  1  1  0  3  -3  25  0  0  0  0  0  0  0  3.20  16           400 000
21940848 Karvinen Otto 9  5  2  7  0  0  1  0  0  16  9  1  2  7  -3  2  0  0  1  0  0  0  1  8.22  74           255 000
40245614 Koblizek Radek 9  1  3  4  0  0  0  1  0  18  1  0  0  5  -4  0  0  0  0  0  0  0  0  4.11  37           275 000
28727446 Koskenkorva Jesse 4  1  2  3  0  0  0  0  0  4  0  18  21  6  -2  2  0  0  0  0  0  0  0  7.00  28           250 000
40106629 Kristof Michal 9  0  0  0  0  0  0  0  0  21  1  45  63  0  -4  0  0  0  0  0  0  0  0  0.44  4           300 000
24803597 Lammikko Juho 9  3  5  8  0  0  1  0  1  37  1  98  101  10  -4  8  0  0  3  0  0  0  0  10.44  94           385 000
24808136 Lindsten Jasper 2  0  0  0  0  0  0  0  0  2  0  0  0  0  0  0  0  0  0  0  0  0  0  0.50  1           270 000
28489001 Metsavainio Tino 4  1  0  1  0  0  1  0  0  6  0  17  29  3  0  0  0  0  0  0  0  0  0  3.25  13           210 000
25007554 Pesonen Janne 6  2  1  3  0  0  0  0  0  23  2  42  48  3  -1  6  0  0  0  0  0  0  0  6.67  40           360 000
27833056 Puljujarvi Jesse 9  3  5  8  0  0  1  0  0  60  1  0  0  9  -3  6  0  0  0  2  1  1  1  11.89  107           455 000
25013577 Pyorala Mika 9  2  3  5  0  0  0  0  0  26  9  5  5  6  -1  4  0  1  0  0  0  0  0  7.00  63           345 000
31899057 Raty Aatu 4  2  2  4  0  0  1  0  0  12  0  12  23  3  -1  0  0  0  0  1  0  0  0  8.00  32           260 000
31762087 Raty Aku 4  2  1  3  0  0  0  0  0  13  1  0  0  3  -1  0  0  1  1  0  0  0  0  8.25  33           280 000
25589140 Sailio Jari 9  0  2  2  0  0  0  0  0  10  4  0  0  2  -2  8  0  0  0  0  0  0  0  3.22  29           230 000
40375957 Sedlak Zdenek 0  0  0  0  0  0  0  0  0  0  0  0  0  0  0  0  0  0  0  0  0  0  0  0  0           210 000
32558931 Tieksola Tuukka 3  0  0  0  0  0  0  0  0  6  0  0  0  1  -1  0  0  0  0  0  0  0  0  1.33  4           210 000
Lukko
100034134 Danforth Justin 9  2  6  8  0  1  0  0  1  47  0  120  86  5  -4  2  0  0  0  0  1  3  0  10.33  93           420 000
21400252 Elo Eero 9  2  2  4  0  0  0  0  0  32  1  0  0  5  -3  4  0  1  0  0  0  0  0  5.78  52           310 000
24546935 Koivisto Toni 9  1  1  2  0  0  0  0  0  13  2  0  0  3  -1  0  0  0  0  0  0  0  0  2.78  25           300 000
23889127 Koivistoinen Eetu 9  0  2  2  0  0  0  0  0  33  0  62  70  3  -1  8  0  0  0  0  0  0  1  4.33  39           250 000
22244996 Laakso Tapio 9  1  0  1  1  0  0  0  0  13  1  62  59  1  -2  6  0  0  0  0  0  0  0  3.11  28           235 000
22396653 Liedes Heikki 9  1  1  2  0  0  1  0  0  17  0  8  23  3  -4  4  0  0  0  0  0  0  0  2.44  22           220 000
30682391 Nyman Linus 9  3  3  6  0  0  1  0  0  20  1  0  0  3  -4  0  0  0  0  0  1  0  1  5.78  52           270 000
31903545 Petman Mikko 8  0  1  1  0  0  0  0  0  2  0  0  0  1  -3  4  0  0  0  0  0  0  0  1.13  9           200 000
31779229 Petman Ville 8  0  0  0  0  0  0  0  0  1  0  2  3  0  0  0  0  0  0  0  0  0  0  0.13  1           195 000
60348452 Pospisil Kristian 8  2  1  3  0  0  0  0  0  12  1  0  2  3  -1  14  0  0  1  0  0  0  0  5.50  44           275 000
24178578 Ruotsi Jesse 0  0  0  0  0  0  0  0  0  0  0  0  0  0  0  0  0  0  0  0  0  0  0  0  0           185 000
23311954 Sopanen Vili 9  0  3  3  0  0  0  0  0  29  1  1  0  1  -1  2  0  0  0  0  0  0  2  4.11  37           265 000
25461491 Tammela Jonne 9  2  1  3  0  0  1  0  0  16  2  3  3  5  -6  4  0  1  0  0  0  0  3  5.00  45           280 000
60348447 Westerholm Pathrik 3  2  4  6  0  0  2  0  0  7  0  16  22  4  -1  0  0  0  1  2  0  0  0  16.67  50           395 000
60348448 Westerholm Ponthus 9  6  3  9  1  0  0  0  0  34  4  1  0  6  -4  4  0  0  0  2  0  1  1  11.00  99           400 000
32294910 Ylitalo Niklas 0  0  0  0  0  0  0  0  0  0  0  0  0  0  0  0  0  0  0  0  0  0  0  0  0           170 000
Pelicans
24242404 Aaltonen Juhamatti 9  5  4  9  0  0  3  1  0  56  0  0  0  10  -5  2  0  1  2  1  1  0  0  12.11  109           445 000
24290689 Bjorninen Hannes 9  2  7  9  0  0  0  0  0  17  7  115  71  8  -5  6  0  0  1  0  0  0  1  10.11  91           395 000
21399185 Elimaki Roope 4  0  1  1  0  0  0  0  0  3  1  19  17  1  0  0  0  0  0  0  0  0  0  2.00  8           210 000
25646106 Gymer Frank 8  1  0  1  0  0  0  0  0  14  3  5  6  1  -3  0  0  0  0  0  0  0  1  2.25  18           230 000
60345099 Hari Janos 9  2  9  11  0  0  2  0  0  24  2  73  69  8  -5  4  0  1  0  1  0  0  0  10.00  90           350 000
27772764 Lahtinen Severi 4  0  1  1  0  0  0  0  0  4  0  0  0  1  -3  2  0  0  0  0  0  0  0  2.25  9           230 000
22504856 Mankinen Jesse 7  2  0  2  0  0  0  0  1  16  7  0  0  2  -3  4  0  1  0  0  0  0  0  5.00  35           295 000
29798827 Merela Waltteri 8  1  2  3  0  0  0  0  0  10  2  0  0  4  -4  2  0  0  1  0  0  0  0  4.00  32           240 000
22598901 Mustonen Aleksi 9  2  5  7  0  0  0  0  0  32  0  49  47  6  -6  4  0  0  1  0  1  0  0  6.89  62           300 000
24916798 Nieminen Otto 6  0  1  1  0  0  0  0  0  6  2  0  0  2  -4  0  0  0  0  0  0  0  0  1.67  10           220 000
25618516 Saarelainen Miro-Pekka 3  1  0  1  0  0  0  0  0  9  1  0  0  1  -1  2  0  0  0  0  0  0  0  5.00  15           225 000
25458802 Tanus Jonatan 7  0  2  2  0  0  0  0  0  16  2  0  1  3  -2  2  0  0  0  0  0  0  0  3.57  25           245 000
27847136 Toivola Artturi 8  1  1  2  0  0  0  0  0  15  0  44  43  1  -4  6  0  0  0  0  0  0  0  3.13  25           235 000
23521841 Tyrvainen Antti 3  2  2  4  0  0  0  0  0  6  0  1  0  4  -3  0  0  0  0  1  0  0  0  11.00  33           320 000
25443752 Vartiainen Taavi 7  0  1  1  0  0  0  0  0  9  11  0  0  2  -2  27  0  0  0  0  0  0  0  1.71  12           215 000
29937154 Ylonen Jesse 9  3  3  6  0  0  0  0  0  43  2  0  0  6  -9  2  0  0  0  0  0  1  0  6.89  62           305 000
SaiPa
27776919 Iso-Mustajarvi Tomi 8  1  2  3  0  0  0  0  1  8  1  46  30  3  -3  6  0  0  0  0  0  0  0  4.88  39           235 000
21878800 Kaksonen Elmeri 2  0  1  1  0  0  0  0  0  3  0  0  2  1  -1  0  0  0  0  0  0  0  0  2.50  5           235 000
24558127 Kiiskinen Tuomas 4  1  1  2  0  0  0  0  0  10  2  1  0  2  -2  0  0  0  1  0  0  0  0  5.75  23           320 000
24666721 Koho Ville 5  1  0  1  1  0  0  0  0  5  0  36  44  2  -1  0  0  0  1  0  0  0  0  2.80  14           230 000
27777125 Kuronen Mikael 9  1  0  1  0  0  0  0  0  18  2  7  16  1  -2  6  0  0  0  0  1  0  0  2.67  24           225 000
22372826 Leivo Tomi 4  0  0  0  0  0  0  0  0  1  0  1  0  0  -1  2  0  0  0  0  0  0  0  0.75  3           215 000
29018345 Luusuaniemi Aatu 0  0  0  0  0  0  0  0  0  0  0  0  0  0  0  0  0  0  0  0  0  0  0  0  0           190 000
22483058 Lofman Anssi 9  1  3  4  0  0  0  0  0  12  0  46  36  5  -3  12  0  0  0  0  0  0  0  3.56  32           240 000
32780178 Mantykivi Matias 6  0  0  0  0  0  0  0  0  4  1  0  0  0  -2  2  0  0  0  0  0  0  0  0.67  4           205 000
22710462 Nikko Joni 7  2  0  2  0  0  1  0  0  28  0  0  0  4  -5  0  0  0  0  0  0  0  0  4.57  32           265 000
30728763 Ojantakanen Valtteri 1  0  0  0  0  0  0  0  0  1  0  0  0  0  0  0  0  0  0  0  0  0  0  1.00  1           200 000
29936595 Oksanen Emil 3  1  1  2  0  0  0  0  0  6  0  0  0  1  0  0  0  0  0  0  0  0  0  5.00  15           255 000
60348449 Persson John 9  5  1  6  0  0  1  1  0  32  0  0  0  5  -10  2  0  0  1  0  0  0  0  6.44  58           315 000
29859517 Piipponen Topi 8  0  3  3  0  0  0  0  0  10  2  0  0  3  -2  2  0  0  0  0  0  0  0  3.38  27           210 000
60244105 Ramstedt Teemu 9  1  3  4  0  0  0  0  0  9  2  75  78  5  -9  0  0  1  0  0  0  0  0  3.11  28           285 000
23137280 Saari Micke 2  0  1  1  0  0  0  0  0  6  0  7  18  1  -2  2  0  0  0  0  0  0  0  3.00  6           230 000
60388282 Salituro Dante 2  0  0  0  0  0  0  0  0  2  0  16  17  0  0  0  0  0  0  0  0  0  0  0.00  0           300 000
23555503 Vainikainen Ville 9  2  0  2  0  0  0  1  0  19  2  0  0  3  -4  2  0  1  0  1  0  0  4  4.67  42           240 000
30356928 Virtanen Santeri 4  1  2  3  0  0  0  0  0  6  2  19  29  3  -1  0  0  0  0  0  0  0  0  5.75  23           225 000
40315414 Zaborsky Tomas 9  2  5  7  0  0  0  0  0  22  1  3  3  4  -7  2  0  0  0  0  0  0  0  5.56  50           330 000
Sport
21292664 Ainali Aleksi 8  2  2  4  0  0  1  0  0  24  2  65  74  3  -8  2  0  0  0  1  0  0  0  4.50  36           275 000
21345676 Asplund Turo 8  1  1  2  0  0  0  0  0  15  3  86  75  4  -5  2  0  0  0  0  0  0  0  3.75  30           260 000
60348463 Desousa Chris 7  1  3  4  0  0  0  0  0  29  1  1  0  3  -5  0  0  0  1  0  0  0  0  5.57  39           280 000
29864256 Erholtz Eemil 0  0  0  0  0  0  0  0  0  0  0  0  0  0  0  0  0  0  0  0  0  0  0  0  0           215 000
21411429 Erkinjuntti Antti 8  3  2  5  1  0  0  0  0  21  1  0  2  6  -4  4  0  0  0  2  0  0  0  7.38  59           340 000
30936623 Haarala Santeri 0  0  0  0  0  0  0  0  0  0  0  0  0  0  0  0  0  0  0  0  0  0  0  0  0           185 000
24641005 Kalapudas Antti 8  2  1  3  0  0  0  0  0  16  2  48  53  5  -7  2  0  0  0  0  0  0  0  4.00  32           270 000
21881428 Kallela Toni 8  1  0  1  0  0  0  0  0  23  2  0  0  3  -3  4  0  0  0  0  0  0  2  4.00  32           280 000
29551488 Kuiri Niko 8  3  1  4  0  1  0  0  0  11  1  39  47  5  -4  4  0  0  1  0  0  0  2  5.50  44           245 000
27657957 Lehtimaki Miro 0  0  0  0  0  0  0  0  0  0  0  0  0  0  0  0  0  0  0  0  0  0  0  0  0           215 000
22441087 Liuksiala Juho 8  1  4  5  0  0  0  0  0  20  1  0  0  4  -7  0  0  0  0  0  0  0  1  4.63  37           265 000
22520979 Markkula Samu 5  0  2  2  0  0  0  0  0  10  0  0  0  2  -4  0  0  0  0  0  0  0  0  2.80  14           225 000
24230814 Paukku Jesse 7  0  1  1  0  0  0  0  0  7  4  0  0  3  -6  2  0  0  0  0  0  0  0  2.14  15           220 000
23064609 Riska Erik 6  0  1  1  0  0  0  0  0  16  0  2  6  3  -4  33  0  0  0  0  0  0  0  2.33  14           220 000
25454518 Talaja Roope 6  3  1  4  0  0  0  0  0  25  2  0  0  3  -7  14  0  1  0  0  0  0  0  6.17  37           295 000
27854909 Vidgren Aaro 8  0  2  2  0  0  0  0  0  13  1  0  2  3  -4  2  0  0  0  0  0  0  0  2.50  20           225 000
Tappara
34254136 Bertrand Charles 10  6  5  11  0  0  0  0  0  48  1  0  0  10  -4  0  0  0  0  1  1  0  0  10.60  106           400 000
21785090 Jasu Juhani 10  2  2  4  0  0  0  0  0  17  1  98  68  5  -1  4  0  0  1  0  0  0  0  5.50  55           280 000
21924709 Karjalainen Jere 10  4  7  11  0  0  1  0  1  43  6  0  0  9  -1  4  0  1  0  1  1  0  0  11.20  112           395 000
24622477 Kuusela Kristian 10  8  5  13  1  0  0  0  0  40  2  0  0  12  -4  4  0  2  1  1  0  2  0  13.10  131           470 000
22357760 Lehtonen Matias 6  1  0  1  0  0  0  0  0  5  0  0  0  3  0  14  0  0  0  0  0  0  0  2.33  14           205 000
27746619 Levtchi Anton 10  3  8  11  0  0  2  0  0  22  2  2  2  13  -3  4  0  0  0  1  0  0  0  9.80  98           370 000
22497989 Malinen Jarkko 0  0  0  0  0  0  0  0  0  0  0  0  0  0  0  0  0  0  0  0  0  0  0  0  0           300 000
29846355 Moilanen Sami 10  3  3  6  0  0  2  0  0  15  3  0  1  7  -2  6  0  0  0  1  0  0  0  6.50  65           240 000
100033593 Morley Tyler 10  6  7  13  1  1  0  0  0  32  0  94  98  13  -3  8  0  1  1  2  0  2  0  13.00  130           460 000
23764585 Ojamaki Niko 10  4  10  14  0  1  0  0  0  35  0  0  0  13  -4  0  0  1  1  0  0  0  3  11.80  118           425 000
23777132 Ollikainen Anton 2  0  0  0  0  0  0  0  0  0  0  0  0  0  0  2  0  0  0  0  0  0  0  1.00  2           200 000
40102012 Puistola Patrik 10  0  1  1  0  0  0  0  0  6  0  0  0  2  0  2  0  0  0  0  0  0  0  1.60  16           215 000
25113804 Rauhala Otto 10  0  5  5  0  0  0  0  0  7  3  59  51  8  -3  0  0  0  1  0  0  0  0  4.80  48           255 000
31574013 Simontaival Kasper 0  0  0  0  0  0  0  0  0  0  0  0  0  0  0  0  0  0  0  0  0  0  0  0  0           195 000
29942233 Vanhatalo Lassi 0  0  0  0  0  0  0  0  0  0  0  0  0  0  0  0  0  0  0  0  0  0  0  0  0           185 000
23597163 Vauhkonen Olavi 2  0  1  1  0  0  0  0  0  2  0  0  0  0  0  0  0  0  0  0  0  0  0  2.50  5           285 000
28262723 Virta Patrik 10  4  3  7  0  0  3  0  0  28  1  82  52  10  -3  8  0  1  1  0  1  0  3  10.50  105           385 000
TPS
40435937 Budish Zach 9  1  5  6  0  0  0  0  0  29  3  29  18  4  -5  2  0  0  1  1  0  0  0  6.67  60           340 000
24315179 Filppula Ilari 9  2  3  5  0  0  0  1  0  16  2  40  44  3  -9  4  0  1  0  1  0  0  0  4.56  41           370 000
60347520 Holm Anton 9  3  3  6  0  0  1  0  0  36  0  1  1  4  -8  0  0  0  0  0  0  0  0  5.78  52           320 000
31835642 Intonen Aarne 4  0  1  1  0  0  0  0  0  5  0  21  16  1  -1  0  0  0  0  0  0  0  0  2.25  9           225 000
29805082 Karvonen Elias 6  0  1  1  0  0  0  0  0  4  1  36  31  2  -4  4  0  0  0  0  0  0  0  2.33  14           215 000
24674991 Korpikoski Lauri 7  3  3  6  0  0  0  0  0  15  1  0  0  2  -5  14  0  0  0  0  0  0  0  5.43  38           340 000
23837263 Kuru Hannu 9  0  0  0  0  0  0  0  0  10  2  29  31  2  -5  2  0  0  0  0  0  0  0  1.22  11           210 000
29477410 Larinmaa Jesper 1  0  0  0  0  0  0  0  0  0  0  0  0  0  0  0  0  0  0  0  0  0  0  0.00  0           165 000
22341860 Lehtinen Oskari 9  0  2  2  0  0  0  0  0  27  0  1  4  2  -5  2  0  0  0  0  0  0  0  2.44  22           220 000
29991637 Nurmi Markus 9  1  3  4  0  0  0  0  0  20  1  0  0  7  -4  4  0  0  0  0  0  0  0  5.11  46           240 000
22770952 Nattinen Topi 5  0  4  4  0  0  0  0  0  15  0  27  28  4  -3  2  0  0  0  0  0  0  1  6.80  34           295 000
40005897 Pajuniemi Lauri 7  2  0  2  0  0  0  0  0  17  0  0  0  1  -3  2  0  0  0  0  0  0  0  3.29  23           245 000
34601569 Parssinen Juuso 0  0  0  0  0  0  0  0  0  0  0  0  0  0  0  0  0  0  0  0  0  0  0  0  0           200 000
25651492 Suoranta Simon 7  1  0  1  0  0  0  0  0  11  2  0  0  1  -3  2  0  0  0  0  0  0  1  2.57  18           290 000
29584248 Valtola Olli 0  0  0  0  0  0  0  0  0  0  0  0  0  0  0  0  0  0  0  0  0  0  0  0  0           180 000
29837610 Vayrynen Teemu 9  3  0  3  0  0  0  0  0  15  2  1  4  5  -4  2  0  0  0  0  0  0  1  4.22  38           235 000
23677889 Wirtanen Petteri 9  1  0  1  1  0  0  0  0  24  2  115  79  3  0  6  0  0  0  0  0  0  1  5.89  53           335 000
Assat
24271404 Appelgren Niklas 9  2  1  3  0  0  0  0  0  19  4  61  81  4  -2  4  0  0  0  0  0  0  0  3.89  35           225 000
60371439 Hedberg Edwin 9  4  1  5  1  0  2  0  0  43  1  0  0  5  -4  2  0  0  1  2  0  0  0  8.44  76           365 000
32269686 Hirvonen Roni 9  2  1  3  0  0  0  0  0  29  2  9  4  6  -3  0  0  2  0  0  0  1  0  5.67  51           240 000
27852901 Juhola Jouka 4  0  0  0  0  0  0  0  0  8  0  0  0  0  0  0  0  0  0  0  0  0  1  1.75  7           215 000
30561454 Killinen Lenni 6  0  3  3  0  0  0  0  0  10  1  0  0  3  -2  2  0  0  0  1  0  0  0  4.67  28           245 000
22024624 Kivela Niko 4  0  0  0  0  0  0  0  0  7  0  0  0  0  -2  0  0  0  0  0  0  0  0  0.75  3           200 000
31165561 Kivenmaki Otto 7  0  1  1  0  0  0  0  0  8  1  26  47  2  -1  2  0  0  0  0  0  0  0  1.43  10           220 000
31639314 Kulmala Lauri 1  0  0  0  0  0  0  0  0  2  0  3  6  0  0  2  0  0  0  0  0  0  0  2.00  2           195 000
22479185 Lahteenmaki Sami 2  0  0  0  0  0  0  0  0  4  0  0  2  0  0  0  0  0  0  0  0  0  0  0.00  0           265 000
27666320 Makinen Miro 7  0  0  0  0  0  0  0  0  9  4  11  24  0  -3  4  0  0  0  0  0  0  0  1.14  8           205 000
28731241 Pihlajamaki Valtteri 8  0  0  0  0  0  0  0  0  26  12  0  0  3  -2  4  0  1  0  0  0  0  0  4.13  33           235 000
23039812 Rekonen Aleksi 8  1  2  3  0  0  0  0  0  21  3  1  2  4  -3  0  0  0  0  0  0  0  0  4.38  35           250 000
23181087 Salmio Mikko 7  0  3  3  0  0  0  0  0  15  6  0  1  6  -4  2  0  0  0  0  0  0  0  4.86  34           255 000
60348669 Spink Tylor 9  1  3  4  0  0  0  0  0  16  1  50  36  4  -7  6  0  1  0  0  0  0  1  5.00  45           295 000
60348671 Spink Tyson 9  1  2  3  0  0  0  0  0  21  2  0  0  3  -4  6  0  0  1  0  0  1  0  4.44  40           280 000
23441604 Tiivola Peter 9  4  4  8  0  0  3  0  0  20  3  78  85  9  -3  6  0  0  0  0  0  0  0  8.89  80           350 000
